frame00000 0.247874 617.450623 357.831085 722.697388 394.842468
frame00000 0.294934 725.518127 355.946960 803.026672 385.960815
frame00000 0.348917 951.360596 352.345520 1062.472656 385.236572
frame00000 0.328038 1127.931641 357.887756 1242.820068 391.066559
frame00001 0.232843 618.044189 356.543457 725.526489 394.800110
frame00001 0.305791 726.578491 355.604065 804.979126 385.881897
frame00001 0.356515 952.249695 352.347107 1064.788574 385.245972
frame00001 0.323148 1127.046631 357.964813 1240.349854 390.934448
frame00002 0.225698 616.149353 356.736908 722.305664 394.798859
frame00002 0.309172 727.566772 355.926361 804.899536 385.894592
frame00002 0.346017 955.079102 352.399963 1066.627563 385.384338
frame00002 0.324835 1127.684326 358.239105 1240.552246 390.771423
frame00003 0.272535 622.173218 357.248169 731.351685 395.172638
frame00003 0.287646 722.312500 355.145081 802.866333 385.977417
frame00003 0.360486 952.272949 352.058563 1063.901489 384.726318
frame00003 0.324663 1126.110840 357.009003 1241.594849 391.228333
frame00004 0.241546 623.150696 356.548309 731.210876 395.108276
frame00004 0.297095 726.697632 355.713928 804.280457 385.776855
frame00004 0.358285 952.255737 352.895630 1064.035522 385.266663
frame00004 0.329013 1125.768555 357.833130 1240.811523 391.759155
frame00005 0.240898 619.553101 357.131958 726.660889 395.130249
frame00005 0.292709 727.613220 356.141510 803.594971 385.630798
frame00005 0.353030 953.122009 353.207825 1062.315430 384.722534
frame00005 0.326861 1126.186768 358.534515 1239.838379 390.931549
frame00006 0.246799 623.073792 356.349854 732.062683 395.541595
frame00006 0.291494 726.596558 355.888367 804.226990 386.028503
frame00006 0.355105 953.682800 352.719727 1063.234131 384.545135
frame00006 0.323757 1127.510986 357.375824 1239.771118 391.299866
frame00007 0.250832 626.976624 354.933014 740.542603 396.430115
frame00007 0.293370 724.590515 355.108154 805.190674 386.574371
frame00007 0.370857 951.691895 352.429749 1063.973145 384.699768
frame00007 0.323814 1128.316895 356.186127 1240.448975 391.902374
frame00008 0.244867 621.066040 355.989532 732.520996 396.001007
frame00008 0.301833 725.561462 355.823059 805.062012 386.384430
frame00008 0.356500 955.018677 352.858582 1065.718262 384.952484
frame00008 0.321818 1127.302612 357.490082 1239.366089 391.107147
frame00009 0.251604 623.262634 355.708221 734.221924 395.741150
frame00009 0.295030 724.049194 355.283875 803.649170 386.144287
frame00009 0.366059 952.432129 352.486572 1064.158691 384.731567
frame00009 0.322871 1127.830688 356.980255 1240.228027 391.618866
frame00010 0.241981 620.537903 355.639893 733.032532 395.536652
frame00010 0.304964 724.685425 355.309174 805.230774 386.020355
frame00010 0.349662 955.767334 352.695923 1065.762939 384.566162
frame00010 0.323308 1126.943726 357.559814 1237.980225 391.173523
frame00011 0.252079 620.263428 355.919647 732.079590 395.688019
frame00011 0.294123 725.850769 355.674438 805.516907 386.032227
frame00011 0.349633 955.171753 352.678314 1064.081787 384.174744
frame00011 0.321533 1129.316895 357.520966 1240.044067 390.940338
frame00012 0.250305 622.148010 356.040558 731.999634 395.512451
frame00012 0.290436 725.811035 355.429199 803.896362 385.769928
frame00012 0.359346 954.533142 352.930267 1064.688843 384.755798
frame00012 0.328894 1125.533813 357.602997 1239.093994 391.574951
frame00013 0.231119 621.581421 356.774689 730.226746 395.436951
frame00013 0.307119 724.706055 355.862885 804.625916 386.383057
frame00013 0.343458 959.078857 353.192261 1069.796021 385.750671
frame00013 0.323440 1126.180054 358.565521 1238.552734 391.391144
frame00014 0.243575 622.978271 357.349426 729.680054 394.782623
frame00014 0.307309 722.217407 355.238281 803.088989 386.253723
frame00014 0.336360 956.460022 352.327667 1067.528564 385.568115
frame00014 0.326295 1126.556519 358.201233 1240.571899 391.522949
frame00015 0.236200 625.457214 356.962006 731.597290 395.239105
frame00015 0.297510 724.011780 355.702637 802.023376 386.177155
frame00015 0.360086 954.864014 352.694214 1066.073242 385.466827
frame00015 0.323691 1127.306152 357.626434 1240.432495 391.914429
frame00016 0.245302 624.830383 357.385925 732.046753 395.324738
frame00016 0.298419 722.685425 355.554962 801.567505 386.245880
frame00016 0.356448 953.648682 353.051270 1065.414917 385.996368
frame00016 0.330330 1124.580200 358.416626 1241.018555 391.945374
frame00017 0.241895 623.802734 357.989471 729.717468 395.010864
frame00017 0.294650 722.607727 355.602722 801.327393 386.015198
frame00017 0.332011 958.713379 353.325836 1066.696533 385.355530
frame00017 0.324896 1126.247559 359.371826 1239.070801 391.458588
frame00018 0.244453 621.094482 357.610077 726.247253 395.026550
frame00018 0.297846 724.177856 355.541962 802.470825 385.745605
frame00018 0.360910 954.522827 352.584473 1066.092285 385.567169
frame00018 0.315873 1128.781128 357.921234 1240.669922 391.043701
frame00019 0.221948 620.414795 357.708221 724.693054 395.047791
frame00019 0.318269 724.305054 356.156860 802.664856 386.360870
frame00019 0.339653 956.755371 352.672821 1069.311646 386.333557
frame00019 0.321388 1127.904541 358.454865 1240.767700 391.742035
frame00020 0.228714 622.236389 358.212311 726.213623 395.305603
frame00020 0.303593 723.434937 355.844543 801.394958 386.377441
frame00020 0.348554 955.260559 352.999298 1067.260986 386.312500
frame00020 0.323450 1126.831055 358.935760 1240.593262 391.762634
frame00021 0.246016 619.627380 358.796844 723.437500 394.871735
frame00021 0.291400 721.675964 355.310913 800.410217 386.208130
frame00021 0.338291 954.068665 352.877380 1064.866455 386.054535
frame00021 0.323650 1127.309814 359.114288 1241.116699 391.472351
frame00022 0.250630 621.835327 358.527191 725.953247 394.982758
frame00022 0.298544 722.223206 355.244751 801.438599 386.283875
frame00022 0.346356 954.206299 352.591736 1066.178955 386.304138
frame00022 0.322853 1126.203491 358.439270 1241.090332 391.470581
frame00023 0.220048 619.844788 358.907684 718.910522 394.451202
frame00023 0.311087 726.364441 356.163635 801.254272 386.022156
frame00023 0.349921 953.312683 352.921478 1065.899048 386.906281
frame00023 0.317604 1126.877319 359.143311 1240.299927 391.321472
frame00024 0.233008 624.062622 357.567932 727.096069 394.733154
frame00024 0.307976 724.150146 355.542328 802.198120 386.169037
frame00024 0.343970 954.662354 352.686920 1066.924438 386.393494
frame00024 0.325242 1126.142456 358.319366 1240.405762 392.125183
frame00025 0.252338 627.425537 356.871216 733.618164 395.470215
frame00025 0.301037 721.911926 355.182800 800.809326 386.567230
frame00025 0.377105 949.360901 352.350189 1062.231934 386.048706
frame00025 0.326295 1127.217285 357.132111 1242.513550 392.347137
frame00026 0.242144 628.689514 356.076935 738.592163 395.818359
frame00026 0.299480 723.667480 355.650513 803.843384 386.587860
frame00026 0.348291 957.295898 352.970764 1066.026978 385.042694
frame00026 0.321100 1128.542236 357.469849 1239.341431 391.839752
frame00027 0.220965 629.675903 355.313751 739.887085 396.092712
frame00027 0.324552 724.393250 355.715607 804.174438 386.915100
frame00027 0.356581 956.294617 352.805054 1067.589844 385.550079
frame00027 0.323520 1126.533569 357.352966 1238.658813 392.195465
frame00028 0.249902 628.569458 356.382111 737.309448 395.749725
frame00028 0.296699 722.915161 355.370361 802.765381 386.432251
frame00028 0.355024 955.186218 352.918854 1064.634766 385.313171
frame00028 0.326155 1128.022705 357.364746 1240.549194 392.119720
frame00029 0.260128 630.660156 356.200287 740.267029 396.038940
frame00029 0.291453 721.037476 355.090912 802.301941 386.881653
frame00029 0.346549 955.653809 352.667267 1064.070435 385.156403
frame00029 0.325373 1127.295166 357.119415 1239.823486 392.474304
frame00030 0.241550 631.035278 355.977966 741.797607 396.692444
frame00030 0.304982 722.514893 355.759155 803.362488 387.300385
frame00030 0.354159 955.666626 353.049591 1066.335693 385.644653
frame00030 0.328741 1126.551025 357.325836 1240.368042 392.625061
frame00031 0.234508 630.666687 356.228058 740.352661 396.231018
frame00031 0.319122 720.141968 355.521545 801.668945 387.352753
frame00031 0.354153 956.192139 352.896301 1067.143555 386.095459
frame00031 0.323236 1126.298462 357.619080 1240.179565 392.240234
frame00032 0.253184 630.868469 355.321533 743.155396 396.786591
frame00032 0.298514 721.073364 354.968658 802.449890 387.120819
frame00032 0.348796 954.804810 352.337982 1062.935547 384.796326
frame00032 0.333799 1127.703125 356.630859 1240.640625 392.781647
frame00033 0.248143 628.490479 356.442413 736.763306 395.702820
frame00033 0.305326 721.163879 355.322174 800.644592 386.619568
frame00033 0.356285 952.787781 352.683960 1063.828003 385.720184
frame00033 0.333315 1125.853027 357.286163 1241.505005 392.820312
frame00034 0.237300 624.612122 356.786713 731.241760 395.433258
frame00034 0.304210 725.026245 355.589386 802.796021 386.055145
frame00034 0.356807 956.788391 353.166504 1067.521729 385.959137
frame00034 0.322745 1125.073975 358.141083 1238.383057 391.727753
frame00035 0.236446 625.536987 357.078491 731.901917 395.628906
frame00035 0.306412 723.147095 355.723175 801.618774 386.358124
frame00035 0.339787 956.692444 352.970673 1065.795044 385.732910
frame00035 0.323595 1128.802979 358.223083 1241.026855 392.043610
frame00036 0.252525 630.655212 355.890015 740.244263 396.642151
frame00036 0.295347 720.279907 354.675537 801.272644 387.125366
frame00036 0.367183 952.641724 352.423950 1064.894043 386.209381
frame00036 0.329947 1126.301880 356.619110 1241.036255 392.938599
frame00037 0.264662 628.662048 357.208862 736.528259 396.219482
frame00037 0.288721 721.555664 355.232941 801.619995 386.806610
frame00037 0.355000 954.062500 352.694916 1064.052612 385.802460
frame00037 0.324395 1128.885010 357.220215 1242.352173 392.664581
frame00038 0.230094 630.361877 355.890167 738.891052 396.256012
frame00038 0.308232 721.388916 355.359894 801.382690 387.017731
frame00038 0.369110 955.967651 352.938934 1066.890137 386.317200
frame00038 0.320847 1128.889404 357.495361 1240.874390 392.284149
frame00039 0.251082 625.368225 356.131042 734.074951 395.498230
frame00039 0.300947 719.371826 354.418762 801.202515 386.742126
frame00039 0.361081 953.610718 351.951080 1066.196533 385.886841
frame00039 0.337685 1126.742676 357.207825 1243.162109 392.867706
frame00040 0.255728 626.008850 356.609253 733.731628 395.763153
frame00040 0.300369 719.409241 354.640869 801.113220 386.814240
frame00040 0.370880 952.063232 352.052948 1065.145752 386.079773
frame00040 0.321952 1128.064575 356.753937 1241.836914 392.255249
frame00041 0.231539 625.438599 357.128387 730.665955 395.515594
frame00041 0.309710 724.567261 355.865936 802.243958 386.412628
frame00041 0.340016 957.294922 353.167389 1066.683228 385.957550
frame00041 0.322734 1126.085083 358.469116 1238.735107 392.092041
frame00042 0.242714 627.535767 357.239899 734.178406 395.767334
frame00042 0.301582 721.553223 355.318420 801.397583 386.663696
frame00042 0.359880 956.927979 352.834991 1068.687988 386.351349
frame00042 0.319582 1127.122192 357.953339 1240.865234 391.886993
frame00043 0.259270 630.516602 357.594116 737.548096 395.917816
frame00043 0.295869 722.012268 355.521301 801.088928 386.806763
frame00043 0.347093 955.017944 353.328369 1062.750000 385.983002
frame00043 0.323601 1125.885132 358.205231 1239.969971 392.436493
frame00044 0.265277 628.408752 357.449982 735.102478 395.967957
frame00044 0.296576 719.585327 354.968231 799.880615 386.865692
frame00044 0.362054 952.380920 352.595612 1062.812378 385.890869
frame00044 0.326781 1127.075317 357.327423 1241.571167 392.433990
frame00045 0.245515 625.550354 356.868530 733.809753 396.114777
frame00045 0.306723 720.761475 355.058990 801.977783 386.903900
frame00045 0.345442 954.637329 352.444824 1065.144775 385.792725
frame00045 0.329153 1127.368530 357.739441 1240.884033 392.306458
frame00046 0.215057 625.523315 358.368622 726.617798 395.163025
frame00046 0.324614 723.226318 355.769958 800.444214 386.731506
frame00046 0.342174 955.018799 352.900543 1067.954712 387.584381
frame00046 0.325762 1127.069214 359.014221 1241.839966 392.453522
frame00047 0.238644 626.146301 358.269104 729.000549 395.178223
frame00047 0.310181 721.119873 355.236755 798.965576 386.718628
frame00047 0.344691 953.180481 352.834106 1064.391724 386.947327
frame00047 0.328969 1124.115723 358.752594 1240.296021 392.512970
frame00048 0.247010 623.858765 357.947906 727.889771 395.454956
frame00048 0.306274 720.136597 354.767181 799.702637 386.619995
frame00048 0.345871 954.223022 352.387085 1065.958496 386.647858
frame00048 0.323495 1127.064941 358.196686 1240.905151 392.428925
frame00049 0.221785 626.084290 357.470795 729.282959 395.425293
frame00049 0.316822 722.741943 355.627106 801.280579 386.928345
frame00049 0.356130 955.111450 352.926178 1067.817627 387.494568
frame00049 0.319953 1127.923096 358.540802 1240.884888 392.313721
frame00050 0.262800 630.329651 357.443054 738.422241 396.023773
frame00050 0.297184 719.449768 354.985077 800.413086 386.934784
frame00050 0.353607 954.812134 353.146362 1066.017578 386.731964
frame00050 0.327046 1124.268311 358.077728 1241.296143 392.760498
frame00051 0.247584 630.920837 356.139221 740.249634 396.404053
frame00051 0.308274 719.539673 354.874420 802.485840 387.342346
frame00051 0.346532 957.177673 352.498932 1066.867920 385.857269
frame00051 0.322556 1127.996094 357.110107 1239.499512 392.452362
frame00052 0.256648 626.690308 356.265686 736.027466 396.118835
frame00052 0.304237 720.236206 354.678497 801.262207 386.859161
frame00052 0.351924 953.770386 352.417267 1063.302856 385.580536
frame00052 0.328609 1126.704224 357.278473 1240.046875 392.197052
frame00053 0.251907 630.601746 356.722229 739.875549 396.542358
frame00053 0.304517 719.607178 355.307159 801.842285 387.580963
frame00053 0.348946 956.878174 352.893066 1066.492920 386.001373
frame00053 0.323335 1126.603516 357.607605 1239.963501 392.449371
frame00054 0.253333 628.705017 356.496704 736.389221 396.179779
frame00054 0.303478 721.365295 354.916962 800.877441 386.738312
frame00054 0.361987 953.302917 352.754028 1063.834106 386.106049
frame00054 0.326908 1125.617432 357.537231 1240.390869 392.875549
frame00055 0.254370 629.374329 356.566803 737.869629 396.207275
frame00055 0.302486 721.996948 355.386719 802.882996 387.127350
frame00055 0.345306 956.255859 352.925995 1065.549072 385.992981
frame00055 0.326203 1126.303345 357.649750 1239.997070 392.520477
frame00056 0.244182 631.048340 356.657288 740.313049 397.038818
frame00056 0.309051 719.573853 355.147003 801.118896 387.579926
frame00056 0.346787 955.624634 352.791016 1065.155762 386.086731
frame00056 0.331880 1127.023682 357.812683 1240.643799 392.935730
frame00057 0.253540 631.347595 356.044525 741.534058 396.570618
frame00057 0.300409 720.434570 355.039337 802.936279 387.245239
frame00057 0.355978 956.581177 352.955780 1067.456787 386.182220
frame00057 0.320836 1127.167603 357.275299 1239.865234 392.601746
frame00058 0.248218 627.917114 356.836548 735.742249 396.205444
frame00058 0.304907 722.430908 355.221344 802.647705 386.922089
frame00058 0.355028 954.173523 352.656555 1065.956543 386.425842
frame00058 0.328469 1126.100952 357.600006 1241.502319 392.644592
frame00059 0.270692 629.366211 356.736603 738.454224 396.200500
frame00059 0.294847 719.314514 354.453400 800.815491 387.011078
frame00059 0.364581 952.140625 352.351105 1063.652588 386.237549
frame00059 0.326036 1125.621826 357.094177 1241.660400 392.879974
frame00060 0.255658 626.674683 358.131042 731.443542 395.407135
frame00060 0.293087 722.330872 355.240997 801.159424 386.429962
frame00060 0.334804 957.287598 353.158295 1066.795166 386.359161
frame00060 0.323995 1125.607544 358.860138 1240.320801 392.431824
frame00061 0.225029 629.052063 356.538422 734.777466 396.095245
frame00061 0.325798 721.687378 355.609924 800.690063 387.222931
frame00061 0.355894 955.003052 352.967346 1066.215820 386.931427
frame00061 0.321523 1126.956055 358.056183 1239.960693 392.507904
frame00062 0.243744 630.324402 355.807526 740.223999 396.505951
frame00062 0.314409 719.967102 354.929871 802.443787 387.493042
frame00062 0.356168 955.503418 352.827515 1065.805664 386.601044
frame00062 0.324115 1127.963623 357.639343 1241.090088 392.824646
frame00063 0.245619 630.360962 356.652710 736.384033 395.883972
frame00063 0.304707 718.785461 354.350220 798.773560 387.201324
frame00063 0.353064 952.433533 352.576813 1063.875610 387.028656
frame00063 0.334521 1126.350708 358.193909 1242.484741 393.492371
frame00064 0.239385 630.508301 356.533936 737.137573 396.212708
frame00064 0.301444 722.511536 355.303741 800.817810 386.840546
frame00064 0.361701 954.895386 353.219513 1065.341919 386.609344
frame00064 0.328600 1126.035278 358.032379 1240.454346 392.887268
frame00065 0.235398 631.447754 356.311340 738.469238 396.439240
frame00065 0.305768 723.062195 355.362427 800.947205 386.816132
frame00065 0.364016 954.798889 353.449005 1066.358032 386.936371
frame00065 0.330189 1124.340576 358.155334 1240.031494 393.144623
frame00066 0.265347 632.369873 355.724457 744.027222 396.563110
frame00066 0.297774 718.373657 354.266754 800.592896 387.116241
frame00066 0.356314 954.145447 352.645294 1063.907715 386.059784
frame00066 0.334583 1126.122925 357.442108 1242.622437 393.490997
frame00067 0.260677 632.537598 356.996368 741.252380 396.740082
frame00067 0.298420 719.327271 354.616486 799.899414 387.381073
frame00067 0.358394 952.802979 352.831116 1063.431641 386.872772
frame00067 0.327769 1124.864014 357.741119 1241.596191 393.271057
frame00068 0.240569 632.869263 356.777466 738.984375 396.231781
frame00068 0.306575 722.517212 355.218964 801.165161 386.998810
frame00068 0.352427 955.319153 352.978821 1066.665894 387.250854
frame00068 0.325726 1125.885010 357.925079 1241.114990 393.320190
frame00069 0.240482 633.139771 356.958313 739.023132 396.255707
frame00069 0.309188 721.502380 355.362915 800.065430 387.301361
frame00069 0.348564 954.951111 353.115173 1065.447754 387.511475
frame00069 0.322138 1126.793457 358.147827 1241.917969 393.533447
frame00070 0.251911 629.744812 356.234406 738.912720 396.429504
frame00070 0.308703 720.403809 354.609283 801.462952 387.308807
frame00070 0.342920 955.391602 352.500763 1064.519531 386.199951
frame00070 0.329292 1126.427734 357.682587 1240.037720 392.923584
frame00071 0.269006 634.437256 356.194031 745.589111 396.706177
frame00071 0.290948 718.495422 354.337524 799.872986 387.169647
frame00071 0.350130 955.335693 353.091400 1064.104980 386.273376
frame00071 0.332779 1124.633911 357.875183 1240.949341 393.428986
frame00072 0.228918 631.840881 356.269958 738.183838 396.068878
frame00072 0.324434 723.341064 355.477875 801.533936 387.178497
frame00072 0.352004 953.580872 352.855988 1065.770508 387.332794
frame00072 0.331947 1124.837769 357.933563 1241.225830 393.496979
frame00073 0.226401 633.516724 356.737549 739.429932 396.260406
frame00073 0.321820 719.230713 354.938171 799.426208 387.560120
frame00073 0.362060 954.903076 352.824860 1070.682373 388.392242
frame00073 0.324904 1123.924438 358.172699 1241.993164 393.641174
frame00074 0.237740 633.781616 356.469482 741.043701 396.467194
frame00074 0.311372 720.027954 354.844910 798.310547 387.396820
frame00074 0.357785 952.152832 353.262512 1063.025635 387.540527
frame00074 0.334931 1123.802368 358.591125 1241.465698 393.893890
frame00075 0.228549 630.922485 355.757446 739.441833 396.404175
frame00075 0.316500 720.869629 354.934326 800.792969 387.248871
frame00075 0.355241 956.108398 353.056213 1068.233521 387.442719
frame00075 0.325613 1125.348145 358.229858 1240.283325 393.289032
frame00076 0.225711 631.593994 355.565521 741.393799 396.429504
frame00076 0.323441 721.633301 355.145844 801.580322 387.385559
frame00076 0.339562 957.889893 353.343048 1067.395264 386.851044
frame00076 0.336065 1124.614014 358.971893 1239.749390 393.586273
frame00077 0.204146 433.246765 347.324921 527.307800 389.774323
frame00077 0.229915 630.009949 356.633514 737.827393 395.926758
frame00077 0.312315 719.174805 354.957977 799.157104 387.225616
frame00077 0.353740 954.959778 353.337708 1066.460449 387.785248
frame00077 0.320869 1126.211182 358.940125 1241.152222 392.717163
frame00078 0.211785 430.578369 346.089264 526.266235 389.502228
frame00078 0.240902 632.909058 355.832520 743.987488 396.778290
frame00078 0.318568 715.650391 353.786102 798.918518 387.664948
frame00078 0.374723 951.758545 352.717194 1066.467407 387.999512
frame00078 0.333588 1123.879028 358.108795 1242.271606 393.677734
frame00079 0.234937 437.539673 349.216400 530.570374 391.419769
frame00079 0.241202 632.754211 357.246277 740.033081 395.765259
frame00079 0.308267 715.930176 354.205261 797.510681 387.192291
frame00079 0.358058 953.633789 353.690430 1067.181763 388.635101
frame00079 0.323505 1123.860840 359.422729 1241.232178 393.212524
frame00080 0.224402 431.648254 347.537567 525.274048 389.587769
frame00080 0.240933 631.773804 356.547363 740.536011 395.882294
frame00080 0.313500 717.625366 354.401764 799.056152 387.209930
frame00080 0.339578 957.178040 353.458313 1067.269775 387.435577
frame00080 0.323146 1124.951660 359.355164 1239.714233 392.903107
frame00081 0.215018 434.510193 347.525360 529.991089 390.834076
frame00081 0.231489 630.346741 356.370941 738.812317 396.124939
frame00081 0.310608 719.223755 354.441193 799.053345 387.099579
frame00081 0.357763 952.770874 353.274292 1065.422607 388.233673
frame00081 0.326359 1124.918457 359.065887 1241.649536 393.501862
frame00082 0.234917 436.095825 348.008240 532.121277 391.295685
frame00082 0.246165 632.572998 356.066864 743.425171 396.032013
frame00082 0.313862 715.170898 353.342285 797.888062 387.366943
frame00082 0.358742 950.679382 352.791626 1064.030396 388.108307
frame00082 0.342414 1121.670898 358.889252 1242.473633 394.297638
frame00083 0.212871 431.455994 347.825623 530.136475 391.934174
frame00083 0.241341 633.558960 356.319794 744.745789 396.120331
frame00083 0.317080 716.837280 354.139435 799.366943 387.166901
frame00083 0.352135 954.857239 353.665192 1067.516846 388.101013
frame00083 0.326221 1123.272705 359.372955 1240.943726 393.421906
frame00084 0.229429 632.194336 356.324738 742.631348 396.395294
frame00084 0.326430 717.995483 354.338470 801.100342 387.343201
frame00084 0.352650 957.140625 353.017944 1071.597778 388.253357
frame00084 0.319292 1124.283936 358.492523 1240.569946 392.963806
frame00085 0.244400 437.454987 350.060791 534.466248 394.043457
frame00085 0.239799 634.162476 357.086060 743.100708 396.001465
frame00085 0.310622 715.536438 353.956177 797.283386 387.067871
frame00085 0.362787 951.709900 353.506531 1065.591553 388.678833
frame00085 0.321947 1123.272339 359.213806 1241.870850 393.490448
frame00086 0.245368 434.095947 348.717468 529.362549 392.324280
frame00086 0.234582 636.968384 356.886627 744.634277 395.960968
frame00086 0.324023 714.307373 354.132751 797.011414 387.771759
frame00086 0.357631 953.032898 353.226013 1066.016602 388.699677
frame00086 0.317875 1125.230957 358.951721 1241.592773 393.878876
frame00087 0.201656 430.975464 347.390930 530.958008 392.618805
frame00087 0.229631 636.421143 356.353149 746.419739 396.518646
frame00087 0.324162 717.567444 354.629547 799.339111 387.571259
frame00087 0.368476 952.999390 353.489258 1068.834839 388.962524
frame00087 0.331514 1122.838867 358.894287 1243.665527 394.346130
frame00088 0.242274 433.251953 349.378418 530.645691 393.042542
frame00088 0.230389 635.696045 356.541443 744.714905 395.617676
frame00088 0.321217 715.211548 353.874207 798.213440 387.139374
frame00088 0.352182 955.336182 353.295349 1069.741089 388.728302
frame00088 0.324200 1124.033691 359.235718 1242.302368 393.808746
frame00089 0.265510 438.517578 351.120117 535.603699 395.111115
frame00089 0.228756 638.487793 357.134644 746.429077 395.551758
frame00089 0.318705 714.098755 353.928711 797.386108 387.344513
frame00089 0.370015 948.867310 353.640320 1064.951660 389.430176
frame00089 0.326376 1123.060181 359.574219 1243.883179 394.300293
frame00090 0.290246 435.724457 350.035980 534.519531 394.623749
frame00090 0.238553 637.903564 356.062531 750.029602 395.885712
frame00090 0.323005 710.028564 352.840088 798.506592 388.038300
frame00090 0.365373 950.877014 353.084930 1068.133179 389.442719
frame00090 0.328364 1122.513916 359.175018 1243.633789 394.410675
frame00091 0.274442 433.811951 351.049866 531.390503 394.865509
frame00091 0.233873 638.434814 356.868683 747.541443 395.719849
frame00091 0.320008 711.813049 353.667603 797.003906 387.762634
frame00091 0.345021 953.514099 353.889252 1068.247559 389.339630
frame00091 0.331169 1122.112183 359.990417 1242.323853 394.384155
frame00092 0.263933 434.375671 350.880066 532.924561 394.988281
frame00092 0.214426 636.208008 356.613434 744.057312 395.402985
frame00092 0.338827 715.800232 354.065796 798.809875 387.177734
frame00092 0.356974 950.828613 353.572083 1067.103149 389.510559
frame00092 0.326488 1123.044556 359.672760 1242.525879 394.260986
frame00093 0.262192 433.137665 351.528992 530.574951 394.913635
frame00093 0.229559 637.575623 356.901093 746.690613 395.759888
frame00093 0.318565 714.907288 353.770874 798.533691 387.195068
frame00093 0.349289 953.170715 353.871552 1066.918701 388.943451
frame00093 0.328683 1122.343384 359.969299 1241.250488 393.982635
frame00094 0.268366 429.355499 349.165283 530.848755 394.769379
frame00094 0.235256 640.676331 355.947876 751.928345 396.383514
frame00094 0.323399 712.806641 353.492432 797.483582 387.839905
frame00094 0.372652 951.905151 353.562042 1066.591675 388.977936
frame00094 0.326477 1121.823853 359.134949 1241.663086 394.303131
frame00095 0.290597 432.024689 352.354919 533.155457 396.773773
frame00095 0.229720 638.361938 356.763367 748.739502 395.474457
frame00095 0.318737 713.228455 353.466003 799.020874 387.124786
frame00095 0.344615 954.300903 354.205017 1070.307983 389.539459
frame00095 0.324487 1120.708130 360.328674 1241.205688 394.300476
frame00096 0.298122 430.900543 350.664734 534.216125 396.688721
frame00096 0.216129 639.535095 355.694397 751.867371 396.294891
frame00096 0.331135 711.686401 353.355865 798.168640 388.085876
frame00096 0.365740 950.515625 353.790924 1067.493652 389.901703
frame00096 0.330305 1120.573486 359.757629 1242.160034 394.652039
frame00097 0.262404 427.976379 348.408813 532.580505 395.375977
frame00097 0.241906 641.111511 355.623596 753.902222 396.469788
frame00097 0.321213 712.590942 353.368530 797.958374 387.706055
frame00097 0.374715 951.104248 353.660034 1067.207642 389.049316
frame00097 0.328057 1121.101807 358.933563 1242.774414 394.541107
frame00098 0.292107 427.600830 349.451569 533.623230 396.881866
frame00098 0.240718 642.210754 355.391144 754.543091 396.319000
frame00098 0.320513 712.425232 352.830566 798.227417 387.750702
frame00098 0.379430 948.944824 353.425079 1066.494751 389.630371
frame00098 0.329808 1119.281128 358.676208 1242.366577 395.135040
frame00099 0.319021 428.478821 350.985657 534.851501 398.067841
frame00099 0.221411 640.232056 355.186401 753.596497 396.080353
frame00099 0.340047 709.875549 352.390381 799.014038 387.965912
frame00099 0.372407 950.668823 353.424286 1070.386963 390.222717
frame00099 0.323611 1121.109131 359.424988 1242.421387 394.634705
frame00100 0.300766 427.458069 350.824524 533.189819 397.678802
frame00100 0.243113 640.899963 355.871765 754.180420 396.211334
frame00100 0.312945 710.583008 352.907196 797.716980 387.564697
frame00100 0.359799 952.609924 354.060974 1068.318237 389.309509
frame00100 0.324360 1121.375122 359.724335 1242.227783 394.479248
frame00101 0.288921 427.882019 351.613495 532.775635 398.047211
frame00101 0.235593 642.549072 356.016876 756.487183 396.581299
frame00101 0.322007 710.507812 353.036743 798.434143 388.047424
frame00101 0.361824 952.105103 354.098877 1067.158203 389.519409
frame00101 0.324036 1120.470947 359.782043 1241.121582 394.593079
frame00102 0.317340 425.589539 351.153748 531.454468 397.828857
frame00102 0.224800 642.278809 355.318665 755.905396 396.460999
frame00102 0.330899 709.031982 352.447327 798.414612 388.215881
frame00102 0.376785 949.658813 353.477325 1069.514282 390.378601
frame00102 0.328149 1121.807617 359.153137 1243.680298 395.037292
frame00103 0.290109 423.485718 352.059784 530.321167 399.011078
frame00103 0.214667 643.392944 355.838440 757.784302 396.858887
frame00103 0.336547 709.809875 353.221069 799.261963 388.331940
frame00103 0.362989 954.705200 354.051147 1072.854004 390.283203
frame00103 0.321975 1120.930664 359.694580 1241.704956 394.517029
frame00104 0.258611 419.097229 348.035339 527.475830 395.774689
frame00104 0.213528 640.538391 354.711212 755.008484 396.782837
frame00104 0.338213 712.925415 353.843628 798.725281 387.888977
frame00104 0.365496 956.080017 354.042786 1071.168335 389.443878
frame00104 0.319193 1122.449219 359.426575 1240.378052 394.161316
frame00105 0.251800 420.635315 347.527100 528.835815 396.183807
frame00105 0.241123 642.875977 354.406403 759.656982 397.389252
frame00105 0.318709 711.827881 353.054749 798.825806 388.169281
frame00105 0.366611 951.837646 353.856354 1065.042969 388.764221
frame00105 0.331832 1121.697754 359.081787 1241.652588 394.827942
frame00106 0.280136 418.132477 349.437775 529.993042 398.132782
frame00106 0.232120 640.780884 354.555969 758.264404 397.031006
frame00106 0.325259 712.068420 352.899841 800.027405 387.664093
frame00106 0.365895 952.302368 353.772552 1069.302979 389.246368
frame00106 0.335523 1120.501587 359.252869 1242.666748 395.178314
frame00107 0.290759 420.827301 352.279602 533.109314 400.873596
frame00107 0.204866 639.726990 355.233978 756.176697 397.167419
frame00107 0.335382 712.750854 353.331360 801.270447 388.039978
frame00107 0.365148 952.495850 354.178192 1070.955933 390.259521
frame00107 0.321884 1121.374878 359.968689 1241.135620 394.478699
frame00108 0.283435 417.906525 352.033630 529.697449 399.862762
frame00108 0.227251 638.257324 355.245361 755.918457 397.094879
frame00108 0.315364 711.654419 353.069214 799.869934 387.408264
frame00108 0.353314 953.358398 354.412903 1069.237183 389.158539
frame00108 0.332875 1121.910278 360.190338 1241.874512 394.413177
frame00109 0.306851 416.436188 351.541168 534.909912 402.100769
frame00109 0.249273 640.822266 354.900146 763.387756 397.780060
frame00109 0.318678 708.483765 352.357666 800.684814 388.131409
frame00109 0.355653 948.920593 354.155457 1064.222290 388.972290
frame00109 0.328790 1121.045776 359.636353 1242.423462 395.221924
frame00110 0.354185 416.736115 354.751709 533.768982 404.625275
frame00110 0.222387 643.940918 355.380005 761.737183 396.878143
frame00110 0.326634 706.776245 351.842865 800.132751 388.089600
frame00110 0.369861 951.254883 354.089325 1072.337524 390.813782
frame00110 0.318808 1120.664429 359.813599 1241.991943 395.169556
frame00111 0.289076 414.915771 353.338226 531.038269 401.650970
frame00111 0.204850 634.693970 355.847076 752.453247 396.933197
frame00111 0.338415 714.497375 354.080139 801.718018 387.256622
frame00111 0.332067 956.764771 354.663574 1072.013794 389.340790
frame00111 0.319693 1122.666504 360.678925 1239.920532 394.128510
frame00112 0.345701 410.302155 352.206238 534.713379 404.580719
frame00112 0.236102 642.831726 354.069977 767.267944 398.036682
frame00112 0.327050 706.021729 351.576416 801.202087 388.482697
frame00112 0.371056 949.334229 353.981354 1068.805054 389.760773
frame00112 0.323536 1119.346313 359.395447 1241.699829 395.295258
frame00113 0.360901 406.474579 352.226044 535.023682 405.179291
frame00113 0.227874 639.897217 353.393250 764.861816 397.156921
frame00113 0.329762 707.224854 351.470520 801.849060 387.865234
frame00113 0.356222 949.564941 353.864685 1068.183838 389.404510
frame00113 0.324648 1119.848755 359.498566 1241.236450 395.411499
frame00114 0.353129 397.002991 349.494080 532.072815 404.561066
frame00114 0.222773 636.640015 351.913300 766.129883 398.154907
frame00114 0.323643 710.307861 351.857727 804.206909 387.689453
frame00114 0.366091 951.740479 354.091858 1069.911865 388.786072
frame00114 0.322737 1120.430664 359.103363 1240.748291 395.129333
frame00115 0.357462 400.357666 351.876251 533.721069 406.269318
frame00115 0.235602 637.472961 352.704681 766.773438 398.208099
frame00115 0.311982 710.128296 351.608154 804.597046 387.667084
frame00115 0.360985 950.737915 354.372650 1069.099243 388.905670
frame00115 0.332944 1118.382202 359.588348 1240.891479 395.458984
frame00116 0.380816 396.656128 353.582214 530.793335 407.184509
frame00116 0.242064 637.454285 353.142609 767.336365 398.049561
frame00116 0.309657 707.600220 351.478973 804.525452 387.995819
frame00116 0.358167 951.938965 354.470459 1069.850098 388.908447
frame00116 0.318987 1120.403809 359.539795 1239.844727 395.117279
frame00117 0.328427 394.528809 350.370514 528.142761 404.360016
frame00117 0.247669 635.250610 352.918243 765.760498 398.869843
frame00117 0.301072 712.166504 352.793671 805.021301 387.659912
frame00117 0.364024 951.106018 355.029053 1066.029785 388.052094
frame00117 0.318875 1121.678101 359.480072 1240.068848 394.836731
frame00118 0.351792 391.111511 351.582062 528.323425 406.624512
frame00118 0.233081 635.399536 352.039429 768.338074 399.027527
frame00118 0.316937 709.450806 351.772766 805.402344 388.099670
frame00118 0.357630 951.695007 354.505859 1068.667236 388.450043
frame00118 0.328582 1119.869263 359.488647 1239.837769 395.278778
frame00119 0.364707 386.592133 352.136322 524.521606 406.543121
frame00119 0.243053 632.564880 351.855896 767.733276 398.944763
frame00119 0.300172 708.713745 351.659943 806.341919 387.962006
frame00119 0.352162 954.189819 354.695679 1070.889771 387.821686
frame00119 0.321874 1121.478638 359.413086 1239.404053 394.588898
frame00120 0.316470 385.149536 348.985046 522.574158 404.428406
frame00120 0.265498 631.391174 351.240265 766.752625 399.705658
frame00120 0.286494 714.224365 352.157471 807.784424 387.631653
frame00120 0.358025 951.185059 354.604401 1064.836548 386.910187
frame00120 0.327437 1120.683960 358.662689 1238.589111 394.662994
frame00121 0.310251 380.939880 348.521332 519.557129 404.642853
frame00121 0.267719 630.806824 350.940399 768.776367 400.375702
frame00121 0.289794 712.427673 352.129486 808.303528 388.136841
frame00121 0.348850 952.172241 354.282715 1065.234863 386.339691
frame00121 0.328376 1122.260864 358.609039 1239.367676 394.728455
frame00122 0.352844 379.533691 350.364807 522.531372 407.010681
frame00122 0.254366 630.685120 351.046478 768.435669 399.538635
frame00122 0.289641 712.778442 352.220215 809.306946 387.833099
frame00122 0.360624 953.590942 354.780182 1069.948242 387.159821
frame00122 0.311436 1121.244141 358.738831 1237.817505 394.485901
frame00123 0.359874 382.179718 351.714539 521.846252 406.986511
frame00123 0.259436 630.272705 351.250366 766.758545 399.144165
frame00123 0.284685 712.169434 351.810211 809.046997 387.811035
frame00123 0.342583 953.782471 354.356232 1069.197876 387.070435
frame00123 0.317292 1120.788086 358.710785 1237.620972 394.743195
frame00124 0.348771 380.911621 351.119232 522.267456 407.088379
frame00124 0.268266 630.933533 351.140503 769.158020 399.428864
frame00124 0.277341 712.046448 351.940948 808.374390 387.784668
frame00124 0.337228 953.916992 354.655090 1065.528687 386.191437
frame00124 0.320883 1121.291382 359.084106 1237.319580 394.635864
frame00125 0.347313 378.994019 352.716949 517.654846 407.409180
frame00125 0.262505 628.417297 351.298248 765.406250 399.472626
frame00125 0.276720 713.302246 351.872040 810.168701 387.652618
frame00125 0.343492 954.263245 354.289886 1068.859131 386.675659
frame00125 0.319316 1122.694214 358.602356 1237.801636 394.571045
frame00126 0.382085 374.969025 353.170990 515.748840 408.163147
frame00126 0.269772 629.420654 350.817719 767.901001 399.792725
frame00126 0.275511 711.756531 351.572418 810.938782 388.179626
frame00126 0.351089 953.158203 354.357574 1067.734497 386.622437
frame00126 0.314084 1121.099609 358.246307 1235.477051 394.448914
frame00127 0.403657 371.998962 353.445618 515.454163 410.268127
frame00127 0.246309 629.877686 350.078064 768.700500 399.890503
frame00127 0.286131 711.751038 351.406342 811.419006 388.382751
frame00127 0.333355 954.857727 353.947449 1068.732056 386.625488
frame00127 0.319027 1120.010742 358.481506 1234.947876 395.030853
frame00128 0.389067 371.560791 352.194519 515.438171 409.180176
frame00128 0.283175 627.767395 349.698639 769.298950 400.253937
frame00128 0.264513 712.470032 351.148438 812.234558 388.192993
frame00128 0.332613 955.832153 353.963196 1066.902954 385.693420
frame00128 0.316114 1118.985718 358.166565 1233.206421 394.628235
frame00129 0.376075 368.520142 351.678406 514.329773 409.005798
frame00129 0.264223 626.607056 350.150330 765.582764 399.899933
frame00129 0.270524 716.476135 352.321686 811.930237 387.346771
frame00129 0.335577 954.466797 354.482300 1065.747192 385.580170
frame00129 0.323566 1120.814453 358.517029 1234.891602 394.721344
frame00130 0.370405 363.330078 351.093079 510.434326 409.664459
frame00130 0.247140 628.004211 349.947540 767.246338 400.711456
frame00130 0.281680 715.960388 352.611389 811.834229 388.037506
frame00130 0.342793 955.546875 354.866516 1067.458984 386.112305
frame00130 0.313418 1121.402832 358.718689 1233.363037 394.323578
frame00131 0.394872 359.568604 350.609955 510.383118 411.252502
frame00131 0.272378 627.616150 349.121368 770.411377 401.272858
frame00131 0.265826 712.460388 351.537628 812.475220 388.547302
frame00131 0.333410 957.412354 353.738831 1069.416016 385.470306
frame00131 0.310158 1122.182983 357.633881 1234.483276 394.442261
frame00132 0.426481 358.334229 351.444092 511.753571 412.700958
frame00132 0.265606 628.920105 349.015106 771.203125 401.077698
frame00132 0.274912 712.607422 351.458618 813.181763 388.697144
frame00132 0.341837 955.493652 353.756317 1067.876953 385.684753
frame00132 0.310058 1121.623291 357.594910 1233.942505 394.793304
frame00133 0.408390 356.182892 350.567902 510.821716 412.391571
frame00133 0.295595 625.287292 348.655762 770.184570 401.224487
frame00133 0.242650 712.107666 351.117645 812.725342 387.994629
frame00133 0.342304 956.909119 353.920227 1069.102295 385.255737
frame00133 0.312338 1120.614624 357.607178 1233.783936 394.616241
frame00134 0.425749 351.883392 349.768005 509.421387 412.704803
frame00134 0.264286 625.523193 348.216309 768.294617 400.959534
frame00134 0.275723 713.603516 351.380646 813.594238 388.092346
frame00134 0.350790 955.412842 353.453430 1069.391602 385.351288
frame00134 0.307853 1121.585327 357.171631 1232.787231 394.393890
frame00135 0.399841 351.080811 350.010712 508.595459 412.983978
frame00135 0.279088 622.860596 348.746124 764.985352 401.263092
frame00135 0.262973 715.850708 351.834747 813.637085 387.838837
frame00135 0.340330 955.255676 353.574158 1067.293823 385.090485
frame00135 0.312872 1122.254883 357.373901 1233.173584 394.630463
frame00136 0.414772 348.868988 350.198029 507.189301 413.724335
frame00136 0.284484 624.437622 348.293640 766.868347 401.568756
frame00136 0.258528 715.111572 351.682709 812.888794 387.994568
frame00136 0.334607 953.436890 353.470337 1063.181885 384.744995
frame00136 0.326035 1120.730469 357.400940 1233.136841 395.339661
frame00137 0.428224 343.894409 348.510834 507.443604 414.006592
frame00137 0.293060 626.150024 348.329620 768.341553 401.316589
frame00137 0.249701 713.956787 352.004761 811.869019 387.974030
frame00137 0.343726 954.107666 353.832306 1064.992188 384.773926
frame00137 0.311219 1121.393311 357.312073 1233.108032 394.967926
frame00138 0.433797 338.544037 348.350708 505.497314 416.267670
frame00138 0.280362 624.496094 347.846832 765.143311 401.491211
frame00138 0.256476 716.219788 351.944092 812.919434 387.854370
frame00138 0.344084 953.945007 353.199860 1065.559570 384.949829
frame00138 0.314536 1123.355469 356.821838 1233.917480 395.542023
frame00139 0.427159 338.775055 347.711121 498.704803 413.269623
frame00139 0.296674 626.963928 347.882111 767.719360 402.108185
frame00139 0.247139 715.670166 352.106720 813.276062 388.333954
frame00139 0.351580 954.169983 353.114594 1063.744019 384.592651
frame00139 0.307682 1122.440552 356.354034 1232.342285 395.269318
frame00140 0.450239 334.101105 347.906952 496.739746 414.624847
frame00140 0.283665 626.458618 347.258057 767.279968 402.175446
frame00140 0.253126 715.163574 351.711487 814.263611 388.686676
frame00140 0.349859 953.699829 352.602631 1065.371582 385.154694
frame00140 0.312457 1122.851074 355.995148 1232.682861 395.643951
frame00141 0.463199 331.974518 349.994934 492.975800 416.055634
frame00141 0.273801 623.921692 348.130035 759.741455 401.667328
frame00141 0.252990 717.940674 352.169830 814.914551 388.381805
frame00141 0.356370 953.154541 352.311981 1067.674805 385.940735
frame00141 0.309208 1123.596924 355.738495 1232.542603 396.223938
frame00142 0.443796 327.261414 348.962158 489.552063 415.736053
frame00142 0.276991 625.805115 348.431580 760.189270 401.585358
frame00142 0.250820 719.753967 352.960602 815.045227 388.437347
frame00142 0.340696 954.767944 352.552460 1066.448975 385.604462
frame00142 0.311289 1124.482178 355.886627 1233.068726 396.611420
frame00143 0.449890 323.808716 349.715118 488.661682 417.295624
frame00143 0.277961 624.448914 348.277344 760.258423 401.874908
frame00143 0.259775 719.849731 352.821350 815.883179 388.794250
frame00143 0.328025 956.821533 352.411591 1067.778198 385.473389
frame00143 0.314499 1121.309814 356.131836 1230.291504 396.521759
frame00144 0.485903 320.577850 350.603088 482.143921 417.673492
frame00144 0.302795 628.730164 348.541260 763.001709 402.102692
frame00144 0.234557 714.981018 352.052643 814.974609 389.533173
frame00144 0.346463 953.214966 351.557037 1066.716431 386.201569
frame00144 0.309846 1123.806396 354.705444 1233.528076 397.543640
frame00145 0.488316 317.088196 349.988831 481.495697 419.280457
frame00145 0.290881 627.636902 348.159363 760.388062 402.023682
frame00145 0.245266 718.211670 352.377533 815.803833 389.328186
frame00145 0.345081 954.428955 351.788330 1067.272095 386.605530
frame00145 0.305170 1123.825439 354.735992 1231.576904 397.452484
frame00146 0.493686 309.670227 349.602417 478.144867 421.325714
frame00146 0.261373 628.246216 347.727234 760.707458 402.313416
frame00146 0.263981 717.383667 352.558289 814.643494 389.718353
frame00146 0.344917 954.095703 351.765594 1067.655151 387.128418
frame00146 0.309296 1124.089111 355.189972 1231.941895 398.337555
frame00147 0.483326 307.363434 349.431702 478.770142 422.618683
frame00147 0.289220 627.603760 347.729645 763.729126 402.952423
frame00147 0.250115 714.910339 352.086334 814.919373 390.076874
frame00147 0.335408 955.439819 351.651947 1067.990479 386.708954
frame00147 0.311449 1123.553467 354.922638 1232.401245 398.193848
frame00148 0.491892 304.271545 350.194122 477.142883 424.427917
frame00148 0.295023 626.881958 347.606018 759.643188 402.577850
frame00148 0.255233 716.767883 351.816071 815.780518 389.957611
frame00148 0.344005 951.241699 350.973236 1066.602661 387.431610
frame00148 0.319244 1123.706299 353.549194 1234.066772 399.252228
frame00149 0.480739 298.424500 350.739441 471.906006 423.828796
frame00149 0.291707 627.682495 348.292542 759.453430 402.310547
frame00149 0.255827 717.437073 352.417816 816.284119 389.762604
frame00149 0.336971 955.736938 351.590515 1070.766724 387.218597
frame00149 0.313814 1122.643188 354.284729 1232.618042 399.377014
frame00150 0.475661 297.533569 350.603424 473.274292 426.700745
frame00150 0.291189 628.432617 348.619751 757.355835 402.353638
frame00150 0.259463 718.567749 352.880371 816.065735 389.904053
frame00150 0.344091 953.067932 351.448486 1068.339966 387.881104
frame00150 0.308929 1125.926392 353.657013 1234.253052 399.679871
frame00151 0.446057 290.391388 349.755005 468.490662 427.712677
frame00151 0.282686 631.680115 348.795288 760.090942 402.574646
frame00151 0.279118 716.552856 353.176666 814.968750 390.157562
frame00151 0.353656 955.240784 351.453766 1071.013428 388.171173
frame00151 0.308832 1125.200439 353.378296 1234.859497 400.046661
frame00152 0.438186 288.688416 351.188660 466.644745 428.798218
frame00152 0.291394 629.257751 349.017212 757.510437 402.402924
frame00152 0.274954 716.216187 352.969086 815.923706 390.125977
frame00152 0.345957 955.005249 351.063873 1071.666382 388.209320
frame00152 0.312393 1124.402710 352.995758 1235.472534 400.314209
frame00153 0.409737 290.309174 349.746674 464.593384 426.731995
frame00153 0.303236 630.710327 348.739349 757.557129 402.465088
frame00153 0.265584 716.953796 353.161743 814.328552 389.581940
frame00153 0.353596 953.181091 351.622894 1065.871460 387.202789
frame00153 0.315281 1123.647827 353.109680 1235.044067 400.355103
frame00154 0.359976 285.742462 347.287140 464.570038 427.893402
frame00154 0.294755 630.148010 348.363098 760.179138 403.007660
frame00154 0.285419 714.514282 353.054199 816.013794 390.014252
frame00154 0.365426 955.415710 350.487640 1071.129395 387.259064
frame00154 0.314967 1125.747803 352.299011 1237.883789 400.417847
frame00155 0.398253 279.155426 339.980560 441.793823 436.678467
frame00155 0.307681 632.675537 347.794891 763.319092 403.814392
frame00155 0.283960 712.474976 352.348358 815.385620 390.160767
frame00155 0.370595 953.093384 349.796417 1064.578613 385.777618
frame00155 0.319786 1126.605957 351.711639 1238.861816 400.306213
frame00156 0.452705 267.629761 338.540436 446.936401 440.008270
frame00156 0.297317 634.089050 347.720001 765.470459 403.579926
frame00156 0.294830 713.410950 352.934723 814.830627 390.081482
frame00156 0.358052 954.596802 349.787811 1062.000977 384.937897
frame00156 0.326482 1124.515869 352.159454 1239.261719 400.045258
frame00157 0.476933 264.806946 342.002655 445.171631 443.065643
frame00157 0.267284 633.152649 347.644501 762.315552 403.110962
frame00157 0.308716 714.260803 353.039032 816.530518 390.705536
frame00157 0.358053 957.033691 349.282532 1065.936523 385.703857
frame00157 0.320475 1125.300659 352.980896 1238.856689 399.372284
frame00158 0.503419 256.988281 339.348022 443.153931 443.088409
frame00158 0.271171 632.601990 346.834320 764.145264 403.473236
frame00158 0.301828 714.537598 352.763214 814.986633 390.146057
frame00158 0.374746 956.011841 349.552643 1062.576416 384.688721
frame00158 0.319055 1124.447266 352.735626 1237.972656 398.641479
frame00159 0.504568 248.822357 339.293762 440.214111 443.562531
frame00159 0.289007 631.368896 347.091736 764.089355 402.894409
frame00159 0.296967 715.248291 352.549591 815.788452 389.493195
frame00159 0.374684 954.044312 349.290100 1060.751343 383.891571
frame00159 0.317039 1124.290283 352.494995 1239.215576 397.980286
frame00160 0.499125 240.583527 341.113434 442.459229 450.401642
frame00160 0.242836 632.944214 347.033264 761.603882 402.285645
frame00160 0.322821 716.584106 352.963379 815.481323 390.185760
frame00160 0.375426 957.620972 349.386566 1066.360596 384.903992
frame00160 0.311609 1121.347900 353.833252 1237.060791 397.054138
frame00161 0.462815 239.363220 344.078888 436.374329 449.713684
frame00161 0.266901 628.104980 347.529846 757.890320 401.771515
frame00161 0.304180 716.707031 352.640869 814.604492 389.368866
frame00161 0.372648 956.594849 349.155487 1062.894531 383.776428
frame00161 0.315388 1123.104736 354.287903 1238.232300 395.788605
frame00162 0.486929 233.030518 342.736481 436.145203 450.465424
frame00162 0.251757 629.704407 346.636414 761.262451 401.924866
frame00162 0.314413 715.905701 352.206818 814.769043 389.536713
frame00162 0.386394 955.088745 349.251129 1062.709473 384.199585
frame00162 0.307775 1121.526978 354.012329 1236.902344 396.101929
frame00163 0.473252 227.583649 343.333435 432.323944 452.513336
frame00163 0.250126 631.628662 346.603302 765.706482 402.413849
frame00163 0.315904 713.484741 351.777832 814.473511 390.262360
frame00163 0.373307 957.451172 349.179230 1062.461548 383.681366
frame00163 0.298855 1122.003174 354.521057 1236.023682 395.359894
frame00164 0.457859 224.130981 345.225525 426.198303 450.900452
frame00164 0.235914 628.281921 346.986267 760.469604 401.714752
frame00164 0.318604 716.681824 351.906555 814.671631 389.704071
frame00164 0.368266 956.473633 348.988007 1063.186157 383.397461
frame00164 0.309145 1121.243408 354.888489 1237.294556 395.197571
frame00165 0.436439 219.175110 346.040344 422.527710 451.690521
frame00165 0.240689 626.525879 347.707581 759.164307 401.181305
frame00165 0.321390 716.544067 352.018097 814.636963 389.465576
frame00165 0.360650 959.321411 349.238708 1065.794189 382.982025
frame00165 0.305547 1120.003906 355.812195 1236.101196 394.334991
frame00166 0.461814 214.914688 343.956970 419.901123 450.741669
frame00166 0.243630 626.785339 346.656616 761.212830 401.534332
frame00166 0.302955 717.918701 351.580872 812.859985 388.807190
frame00166 0.360106 956.362000 349.593658 1058.709229 381.872925
frame00166 0.309956 1118.632568 355.825439 1235.159424 394.586090
frame00167 0.409399 206.298691 345.037170 414.531616 451.704681
frame00167 0.259756 627.817261 347.405365 764.299805 401.755737
frame00167 0.294340 715.486572 351.433014 811.558960 389.213043
frame00167 0.366611 956.456299 349.773804 1060.654785 382.130371
frame00167 0.305481 1118.152100 356.304382 1235.838501 393.880981
frame00168 0.379873 194.474350 345.473785 408.934631 452.219971
frame00168 0.246783 623.682922 348.485229 758.180420 400.964844
frame00168 0.294652 721.618347 352.553253 812.895386 388.409180
frame00168 0.358678 957.126587 350.344604 1061.837280 381.798645
frame00168 0.308258 1118.805420 357.462036 1236.563232 393.395477
frame00169 0.216537 623.086182 348.165222 755.862061 401.103546
frame00169 0.304956 724.979797 353.284485 811.757263 388.056458
frame00169 0.372757 955.374878 350.599487 1059.549072 381.896515
frame00169 0.297310 1118.550293 357.937866 1233.679565 392.386353
frame00169 0.352246 158.031876 358.732422 399.395203 468.184448
frame00170 0.353629 182.189804 345.240448 400.906921 451.796906
frame00170 0.226060 626.162415 348.648193 760.899536 401.525696
frame00170 0.305598 722.188660 352.566132 813.085083 388.433136
frame00170 0.374100 957.299316 350.259033 1063.915894 381.985229
frame00170 0.295280 1118.098145 357.488708 1234.582764 392.603699
frame00171 0.359645 177.478973 344.528107 395.250366 449.227905
frame00171 0.247763 621.657898 348.144348 760.674683 401.429321
frame00171 0.290287 719.300415 351.615143 813.361694 388.435913
frame00171 0.348504 959.267517 350.395111 1063.479736 381.091614
frame00171 0.299585 1118.378418 357.887146 1234.774048 392.171631
frame00172 0.211893 626.379517 348.231445 760.825195 402.028595
frame00172 0.293725 724.975281 352.695709 812.758789 388.224548
frame00172 0.370860 954.966492 351.190155 1059.686523 381.796783
frame00172 0.307783 1119.865845 358.471283 1236.125854 393.046631
frame00172 0.342744 140.186295 359.319824 384.558075 472.270874
frame00173 0.229059 628.148926 349.128296 762.216064 403.120941
frame00173 0.283784 723.874207 352.358795 813.367004 388.753998
frame00173 0.367859 957.885620 350.938202 1061.369019 381.863098
frame00173 0.296832 1121.227905 357.940094 1235.554565 392.580078
frame00173 0.354651 134.832916 359.043152 374.908325 472.156860
frame00174 0.229952 630.907349 348.834229 762.574524 403.916290
frame00174 0.284583 725.242371 351.999237 813.557068 389.169342
frame00174 0.359242 962.164551 350.944275 1062.305542 382.170593
frame00174 0.305007 1121.122803 358.370941 1234.138916 392.321442
frame00174 0.410292 121.861885 355.264282 365.299927 477.708557
frame00175 0.216865 634.203186 349.483032 758.989746 403.114502
frame00175 0.277244 728.694763 352.712555 812.257812 388.651062
frame00175 0.357415 960.637207 351.452820 1059.252319 383.014374
frame00175 0.305227 1123.192749 358.789185 1234.283569 392.877258
frame00175 0.437605 112.820160 355.061035 357.090393 480.637878
frame00176 0.280010 734.325195 353.051025 814.223389 388.560364
frame00176 0.352549 962.285156 351.704590 1060.321655 384.236481
frame00176 0.299115 1123.295776 359.227295 1232.694580 393.224792
frame00176 0.507267 100.510361 351.217316 349.503845 485.274139
frame00177 0.205934 635.388367 349.399750 756.122742 404.242706
frame00177 0.271604 731.112366 351.990967 812.770508 389.102020
frame00177 0.351146 961.749207 350.724030 1059.135620 385.066711
frame00177 0.294678 1126.230225 358.313751 1234.649292 394.225494
frame00177 0.532471 91.609222 350.792236 341.009064 486.832642
frame00178 0.223656 635.896484 350.396118 757.723694 404.524872
frame00178 0.262003 729.284912 352.412109 812.234436 389.273712
frame00178 0.342895 963.911011 351.114929 1059.772217 385.152039
frame00178 0.296625 1126.422363 358.903290 1234.648926 393.980927
frame00178 0.537375 77.025215 350.249481 340.657837 489.703949
frame00179 0.273241 729.568359 352.526215 812.591553 389.938263
frame00179 0.333471 963.894897 351.137726 1063.650879 387.599731
frame00179 0.300429 1128.459839 359.095978 1236.396362 396.028259
frame00179 0.559886 55.428543 347.169861 335.163452 494.400208
frame00180 0.203028 635.988403 349.002197 760.801514 406.354187
frame00180 0.274323 727.655762 352.111572 812.919800 389.961182
frame00180 0.348302 957.702881 351.399109 1064.386108 389.061188
frame00180 0.298512 1125.923706 357.958832 1236.745117 397.327332
frame00180 0.500120 41.261005 348.096069 328.529205 499.617859
frame00181 0.221430 631.692078 344.570831 769.026794 407.507385
frame00181 0.275429 721.397217 350.660858 813.027832 391.067352
frame00181 0.342061 948.565796 349.245422 1070.336182 390.138245
frame00181 0.317539 1126.722290 354.283020 1237.913696 399.278839
frame00181 0.452096 15.738430 346.923126 348.143860 517.430115
frame00182 0.243752 628.963501 341.961151 771.697876 407.137085
frame00182 0.266071 717.641541 350.671478 812.167725 391.270752
frame00182 0.358673 941.287292 348.734131 1069.947876 391.147522
frame00182 0.317828 1130.843872 352.866364 1238.091187 399.066345
frame00182 0.574844 1.024799 345.207855 338.008667 523.523621
frame00183 0.250673 627.271851 341.161102 771.605103 406.599548
frame00183 0.260803 715.130981 350.618866 813.331665 391.209412
frame00183 0.332081 945.465637 348.655579 1073.750366 390.498291
frame00183 0.312027 1134.395386 352.670837 1236.495728 398.292664
frame00183 0.610263 0.000000 347.794525 327.844421 526.988220
frame00184 0.243846 626.059448 341.195282 771.425293 406.218323
frame00184 0.274281 713.600769 351.041687 814.409058 391.405792
frame00184 0.341021 943.859558 348.501312 1075.215942 391.222839
frame00184 0.316810 1133.494629 352.993591 1237.793945 398.428345
frame00184 0.605660 0.000000 344.488525 325.090088 527.019287
frame00185 0.238730 626.776917 340.518524 774.449097 406.785736
frame00185 0.273561 712.309082 351.114044 814.307983 391.914368
frame00185 0.327654 941.972534 348.705597 1072.721436 391.629608
frame00185 0.320900 1133.957520 353.197174 1238.445068 398.719177
frame00185 0.631771 0.000000 345.510223 320.981110 526.360229
frame00186 0.254890 626.241089 340.083618 771.721863 407.196960
frame00186 0.272725 713.248413 350.757050 813.700256 391.612030
frame00186 0.344175 941.458374 348.242279 1073.375488 391.419556
frame00186 0.317904 1134.534180 351.251282 1237.371338 399.248749
frame00186 0.660520 0.000000 345.233215 319.777466 536.558472
frame00187 0.220599 622.441895 340.346497 769.725464 406.957550
frame00187 0.275365 718.914856 351.979645 816.016479 390.738037
frame00187 0.332754 943.180420 349.313965 1073.151978 391.321564
frame00187 0.311660 1134.914307 352.836945 1237.238647 397.788635
frame00187 0.650957 0.000000 345.088562 303.379364 542.190308
frame00188 0.227375 621.545349 339.524048 778.978638 408.156860
frame00188 0.282700 712.360962 351.442780 817.054749 391.859070
frame00188 0.316954 943.550537 349.538208 1074.549316 391.797272
frame00188 0.316134 1132.557861 353.406372 1236.253540 397.812622
frame00188 0.693773 0.000000 346.877777 297.916687 538.053528
frame00189 0.218256 619.612793 339.823456 780.050903 408.098877
frame00189 0.281902 713.270813 352.151611 818.478760 391.876099
frame00189 0.325727 941.895020 349.267853 1074.561157 392.481293
frame00189 0.309531 1133.215088 353.566833 1237.327271 397.395325
frame00189 0.694410 0.000000 341.631317 280.994720 540.767517
frame00190 0.237247 619.544617 339.689941 776.832642 408.224579
frame00190 0.270566 715.912964 352.068848 820.279419 391.919403
frame00190 0.335914 936.140381 348.945129 1071.808594 393.096283
frame00190 0.307982 1132.221436 352.033661 1236.402832 398.203064
frame00190 0.750614 0.000000 339.388855 279.690826 549.874390
frame00191 0.236566 620.797668 341.068207 775.572021 407.341431
frame00191 0.269527 716.451111 352.915985 818.130005 391.189209
frame00191 0.332792 941.064331 349.467834 1071.756470 391.784180
frame00191 0.299963 1133.318970 352.812805 1235.899780 397.076111
frame00191 0.691472 0.000000 338.640656 268.061737 552.170898
frame00192 0.231999 618.508240 340.224152 773.700317 407.411469
frame00192 0.273623 718.868774 352.838104 817.400452 390.655212
frame00192 0.324527 941.711121 348.901031 1070.807007 391.335358
frame00192 0.301470 1132.524658 352.282440 1236.106079 397.123566
frame00192 0.671768 0.000000 336.480133 247.139053 562.036194
frame00193 0.209785 618.542725 341.188171 771.992859 406.418396
frame00193 0.289809 719.508728 354.175964 815.963684 390.057831
frame00193 0.338405 942.253662 349.266235 1071.975220 391.658264
frame00193 0.303261 1133.312378 354.054199 1237.973633 395.812012
frame00193 0.586239 0.000000 343.284943 233.019592 545.339844
frame00194 0.251202 620.265747 341.594147 777.321777 407.131561
frame00194 0.269161 719.564697 353.863190 817.111694 389.920319
frame00194 0.334523 940.895142 349.069275 1068.069336 391.083038
frame00194 0.310468 1129.404541 353.413849 1237.818115 396.425262
frame00194 0.585244 0.000000 340.778015 215.361023 549.997253
frame00195 0.217373 620.474426 340.790314 780.344604 407.303009
frame00195 0.287472 718.903259 354.338654 818.806519 390.783234
frame00195 0.327517 946.333252 348.907227 1075.981567 392.371307
frame00195 0.294912 1128.427490 353.672302 1237.744629 396.727203
frame00195 0.568680 0.000000 337.029419 190.227997 556.936829
frame00196 0.239132 618.529419 340.569183 788.554321 408.006836
frame00196 0.271586 715.545715 354.056946 819.963928 390.888031
frame00196 0.332604 944.811279 349.137909 1074.053955 393.072510
frame00196 0.293385 1125.855103 354.826050 1238.893066 396.847534
frame00196 0.515459 0.000000 334.675964 167.985504 548.577271
frame00197 0.232565 616.111084 340.433746 785.746582 407.875214
frame00197 0.269353 717.355957 354.596832 820.981445 390.593109
frame00197 0.345158 943.367859 349.137726 1074.617676 393.454529
frame00197 0.295493 1127.101074 354.976837 1240.355347 397.306152
frame00197 0.448448 0.000000 344.453308 141.064026 537.679626
frame00198 0.232650 621.724976 342.409424 778.310059 405.728699
frame00198 0.275137 721.958557 355.221191 816.003174 389.006409
frame00198 0.330215 946.082031 349.640045 1069.912720 390.786621
frame00198 0.306902 1127.431396 355.236755 1239.465332 396.990784
frame00198 0.376346 0.000000 362.531219 133.785263 531.193787
frame00199 0.213746 623.241455 345.229797 766.469116 402.137604
frame00199 0.293832 727.329651 355.857391 812.604736 388.105652
frame00199 0.337407 955.100403 350.808899 1073.052979 388.203094
frame00199 0.297517 1125.115845 355.617706 1236.022461 394.205902
frame00199 0.239344 0.000000 388.820648 122.565384 523.726929
frame00200 0.259777 626.886597 347.574921 765.413818 400.040070
frame00200 0.281695 722.418274 355.054810 811.106323 387.683197
frame00200 0.333888 958.589355 351.307312 1067.422485 385.329407
frame00200 0.325203 1126.738647 356.026123 1239.088379 393.287292
frame00201 0.257054 631.139771 348.676910 759.260498 398.983154
frame00201 0.288311 725.004883 354.487671 810.255432 387.843506
frame00201 0.358990 957.127197 352.316559 1063.833618 383.394745
frame00201 0.330379 1127.417236 354.698059 1237.971558 392.528839
frame00202 0.273864 630.202515 349.184357 759.227295 399.502411
frame00202 0.288327 722.914368 354.310211 810.788818 388.000793
frame00202 0.364504 957.745667 351.933899 1066.737305 383.656494
frame00202 0.323787 1128.633789 353.992310 1238.706909 392.761322
frame00203 0.246369 627.416626 348.817383 758.041443 399.376465
frame00203 0.299439 724.339600 354.654755 812.005127 387.985748
frame00203 0.350803 961.355103 352.289673 1070.128174 383.520111
frame00203 0.322014 1128.206055 355.131653 1237.097046 391.999268
frame00204 0.242273 630.463501 347.904144 759.892334 399.777893
frame00204 0.295676 723.313354 354.098724 810.267395 388.174194
frame00204 0.372573 957.936035 351.861572 1068.614868 384.103546
frame00204 0.329550 1127.948120 354.054382 1238.470337 392.797058
frame00205 0.261440 629.470337 348.390228 760.292053 399.926147
frame00205 0.289455 724.396057 354.240723 811.109131 387.967896
frame00205 0.361995 957.410156 352.129120 1064.887695 383.411224
frame00205 0.327736 1127.949707 354.410675 1237.776855 392.598785
