frame00036 0.200930 538.091492 383.558350 627.368530 420.934937
frame00037 0.238818 545.027100 389.515717 613.347107 418.478424
frame00039 0.243533 549.899231 390.042542 617.373108 419.125244
frame00040 0.252508 546.859497 390.988525 612.363831 419.440552
frame00041 0.271082 549.986023 393.072266 607.348633 418.170471
frame00042 0.271023 549.697815 391.681915 611.011108 418.906555
frame00043 0.258011 546.886902 390.639374 614.426270 419.147339
frame00044 0.278035 549.303162 390.230225 611.766296 416.711395
frame00045 0.301355 550.163818 388.627869 618.369629 416.484406
frame00046 0.278751 549.457947 386.434937 616.981689 413.955109
frame00047 0.288346 548.318359 384.266785 617.205566 411.786682
frame00048 0.252093 548.942017 377.660492 636.094421 412.902557
frame00050 0.201481 540.825256 370.810455 629.250000 410.540100
frame00051 0.235113 545.887207 371.946716 635.159973 411.060730
frame00052 0.310250 551.875061 378.068420 621.617371 408.247284
frame00053 0.312817 545.910889 380.438690 615.843445 410.091827
frame00054 0.224677 543.873596 379.245270 649.711304 420.906281
frame00055 0.268444 538.817505 385.280457 612.734741 416.220093
frame00056 0.236133 540.519043 386.453827 616.812500 418.760406
frame00057 0.230905 546.928223 387.890411 626.548706 421.305176
frame00058 0.236335 544.833191 390.902618 616.918152 422.076050
frame00059 0.246259 547.529114 391.556305 619.236511 422.201294
frame00060 0.268319 546.487061 393.670105 607.262207 420.551819
frame00061 0.271796 543.937744 394.154602 601.221252 419.163177
frame00062 0.283048 545.778748 393.478760 604.429382 419.243866
frame00063 0.293187 544.571411 392.463623 603.031250 418.447815
frame00064 0.273127 545.330322 390.923798 606.337830 417.956787
frame00065 0.262878 542.228760 390.032104 608.538269 418.862915
frame00066 0.248312 542.654724 386.765839 616.464355 419.631256
frame00067 0.252918 542.866821 388.562683 604.216309 415.214508
frame00068 0.264903 541.838135 387.725067 601.660522 414.460907
frame00069 0.231588 513.588745 381.990509 564.426208 411.958557
frame00069 0.256192 536.890747 383.546143 602.826721 412.446960
frame00070 0.265891 540.823730 383.781403 607.310852 412.622833
frame00071 0.239233 512.747009 378.859589 564.594604 411.200745
frame00071 0.258991 536.399292 380.700165 606.101990 411.294769
frame00072 0.257176 515.376587 378.238495 563.867859 408.309387
frame00072 0.276121 538.260620 380.634857 602.710510 409.085083
frame00073 0.272208 514.516541 379.189972 563.777100 409.044037
frame00073 0.255195 537.263794 380.164856 604.570984 409.518250
frame00074 0.303848 511.930786 378.871552 561.869568 408.994171
frame00074 0.220291 538.231812 378.487885 606.663452 409.109344
frame00075 0.305364 511.060028 378.524872 565.745117 410.469849
frame00075 0.226534 534.970947 378.276367 607.147766 410.110779
frame00076 0.294986 510.640869 380.328918 566.525330 412.291412
frame00076 0.207654 534.855652 379.456543 610.317688 412.384430
frame00077 0.319106 512.974243 379.408630 564.458374 410.169159
frame00077 0.211397 537.754761 378.467682 608.964600 409.915100
frame00078 0.334940 512.178955 379.746857 563.594482 409.736450
frame00079 0.350724 511.566040 378.771393 562.430298 409.289612
frame00080 0.414048 507.032135 376.141235 564.274231 408.754150
frame00081 0.402584 507.111328 376.053253 565.577148 409.139862
frame00082 0.379305 504.920929 377.394073 562.486755 409.832306
frame00083 0.426838 507.263031 377.787598 561.797119 409.554138
frame00084 0.441009 503.858673 377.246979 559.816528 409.929443
frame00085 0.460591 498.972809 377.826172 557.133606 411.849213
frame00086 0.447331 498.836670 378.767578 556.279602 412.322388
frame00087 0.422535 498.558228 379.795990 556.325623 412.050720
frame00088 0.449960 491.966400 379.992188 553.303589 414.143036
frame00089 0.470818 489.575256 377.836517 556.341187 414.795135
frame00090 0.473165 487.799683 375.090240 557.051636 415.139709
frame00091 0.476123 484.345032 375.364136 554.053955 415.455627
frame00092 0.473673 479.442169 375.690277 553.552063 417.842255
frame00093 0.490726 476.919006 376.073181 552.641235 419.064117
frame00094 0.513946 472.738831 375.768677 547.940613 419.052338
frame00095 0.456457 473.123627 377.994537 547.202026 419.497528
frame00096 0.434728 472.397186 379.511749 543.505798 419.202362
frame00097 0.403523 471.620422 383.046234 539.772705 420.079407
frame00098 0.472588 465.348358 379.658203 539.476257 420.653412
frame00099 0.495381 456.025543 377.132843 536.448303 422.055756
frame00100 0.505050 450.792542 373.820801 535.599487 422.040466
frame00101 0.520070 445.410522 374.219391 532.039185 420.901154
frame00102 0.495139 438.501831 373.424438 533.034546 422.154816
frame00103 0.435563 428.984314 374.651550 527.385864 425.124878
frame00104 0.464183 426.544556 374.542328 531.986145 428.450439
frame00105 0.493568 424.481171 375.476471 525.749634 426.428314
frame00106 0.456555 425.494659 377.190552 522.555481 425.936554
frame00107 0.441198 417.193451 374.351654 518.803589 427.761017
frame00108 0.449322 403.745422 372.579315 521.715027 429.535675
frame00109 0.396828 407.459137 377.253174 513.653076 429.005554
frame00110 0.408293 402.006378 375.497375 511.524597 428.101288
frame00111 0.332528 396.084229 377.862640 507.970123 430.712555
frame00112 0.400723 384.955719 375.177094 501.183746 432.634827
frame00113 0.403702 379.972687 374.592712 498.313965 433.353699
frame00114 0.422858 375.801758 374.524384 491.301208 432.308289
frame00115 0.325785 366.737976 373.840881 490.388428 439.108948
frame00116 0.342536 346.200012 371.997192 497.916107 454.980469
frame00117 0.332787 335.833588 372.654327 493.949432 457.029572
frame00118 0.358521 323.634583 369.176727 482.572937 457.608002
frame00119 0.315069 323.705688 370.861603 475.810547 455.329041
frame00120 0.375231 309.610107 365.726868 471.635406 460.714508
frame00121 0.393777 297.390564 368.975098 465.657715 462.192047
frame00122 0.348519 288.867798 366.363525 465.796051 464.475037
frame00123 0.380888 259.008911 362.845032 466.804840 464.647766
frame00124 0.477367 245.512695 356.804260 462.385254 466.994141
frame00125 0.561527 233.031326 358.645233 445.932312 468.321381
frame00126 0.588788 220.918762 360.231445 432.334930 469.290833
frame00127 0.636842 206.126556 359.479187 420.748260 477.781586
frame00128 0.656398 191.036972 359.504578 410.770416 478.908539
frame00129 0.632347 168.912994 358.481323 403.754761 483.908264
frame00130 0.691637 144.560883 360.339813 387.998505 487.218689
frame00131 0.746365 120.097427 354.185364 373.811005 497.300720
frame00132 0.846830 96.354301 352.677917 360.818634 505.931274
frame00133 0.887296 51.849976 352.497925 366.753540 515.203186
frame00134 0.690371 21.616116 355.299347 347.948059 528.753479
frame00135 0.675875 0.000000 338.776489 359.765259 558.825256
frame00136 0.775705 0.000000 342.677917 337.746460 566.342407
frame00137 0.786093 0.000000 333.938934 319.445679 584.216003
frame00138 0.803927 0.000000 326.094696 289.084839 594.156555
frame00139 0.789782 0.000000 326.724030 271.494080 577.323669
frame00140 0.746340 0.000000 321.363586 246.970352 594.581909
frame00141 0.603064 0.000000 318.861053 197.951736 593.916382
frame00142 0.637931 0.000000 319.905670 146.817642 588.321533
frame00143 0.206088 0.000000 395.437775 91.938477 519.743774
frame00143 0.536086 0.000000 350.550537 105.654968 565.153564
