frame00000 0.373999 565.914795 332.844299 661.305847 372.348938
frame00001 0.422948 568.126160 336.205109 651.438293 371.771454
frame00002 0.355173 565.227600 335.981720 654.219666 374.941742
frame00003 0.367442 564.791504 338.061066 651.300049 376.723541
frame00004 0.358482 562.320618 336.676483 650.598999 376.233795
frame00005 0.359486 562.835510 335.828552 654.864502 376.249939
frame00006 0.362001 559.216858 333.670654 654.144409 375.110748
frame00007 0.350756 559.810425 332.167694 658.916321 374.711670
frame00008 0.364975 559.144348 333.690979 654.230896 375.316620
frame00009 0.358056 558.505310 332.493927 653.038940 373.260834
frame00010 0.381979 559.603027 332.910126 652.879761 372.165649
frame00011 0.361340 559.107300 331.350983 655.953430 372.116089
frame00012 0.357278 557.377197 331.869934 653.382202 372.491272
frame00013 0.360632 557.652832 331.570740 655.496155 372.595703
frame00014 0.374144 558.461731 332.785492 653.269287 371.590485
frame00015 0.380920 563.142822 333.143616 658.453308 370.583252
frame00016 0.368399 562.138733 333.125549 661.380310 371.801819
frame00017 0.396770 558.449524 331.631897 653.186401 368.416138
frame00018 0.388980 553.470886 328.233643 651.962341 366.074585
frame00019 0.435191 553.763306 329.614899 643.756958 363.982788
frame00020 0.386030 549.308228 328.609741 647.992615 364.761627
frame00021 0.423908 557.817078 327.266846 655.411255 361.752960
frame00022 0.421900 553.725708 326.200806 647.929626 359.868439
frame00023 0.386532 554.215637 323.146454 646.804077 356.958466
frame00024 0.400367 549.690796 322.257812 641.447144 355.441437
frame00025 0.403282 546.915649 323.390961 636.358276 356.543701
frame00026 0.427897 547.927490 324.453979 636.071533 356.326660
frame00027 0.363839 547.475281 324.804108 640.983582 359.141937
frame00028 0.388710 546.098328 327.966217 632.795166 360.621124
frame00029 0.402346 543.515625 329.924164 627.872803 362.570557
frame00030 0.371067 542.881104 330.674316 627.368042 364.389008
frame00031 0.346721 542.995667 330.246521 628.556946 365.065033
frame00032 0.379773 548.220337 333.459167 633.192505 367.138702
frame00033 0.357939 543.251099 333.080841 623.815186 366.661316
frame00034 0.391281 539.077881 333.524323 619.389771 366.776733
frame00035 0.359052 541.719238 335.800507 620.231567 369.284180
frame00036 0.375711 543.246948 338.174805 618.594116 369.959625
frame00037 0.330489 535.177612 336.677246 614.638733 370.836639
frame00038 0.332667 538.339600 337.929260 612.914795 371.910309
frame00039 0.347870 545.744141 337.722198 623.419434 370.320923
frame00040 0.349589 542.447754 337.446838 621.541382 370.776764
frame00041 0.367905 541.410461 337.697510 614.828857 367.492676
frame00042 0.345759 539.788879 336.753693 617.925781 369.938110
frame00043 0.320296 535.934509 338.280304 610.148499 370.402649
frame00044 0.313313 537.785461 336.457977 615.334534 370.621216
frame00045 0.346043 537.064026 337.161316 613.305603 368.654297
frame00046 0.359952 532.718567 335.809631 609.989075 368.209015
frame00047 0.210610 491.312531 330.163116 584.002869 374.660309
frame00047 0.364388 532.199036 334.869232 606.940369 366.164154
frame00048 0.223853 490.336670 330.324371 583.337402 374.321960
frame00048 0.331043 532.309326 334.662384 608.418701 366.078400
frame00049 0.226024 490.077515 330.646912 583.069153 373.404694
frame00049 0.336900 533.193787 334.998291 608.716675 364.926025
frame00050 0.362646 536.680359 335.453583 612.722290 365.401886
frame00051 0.201549 488.149597 330.905762 582.035889 373.064667
frame00051 0.359331 537.392334 335.086182 614.921143 364.896484
frame00052 0.261010 489.925232 328.805328 588.007935 371.860901
frame00052 0.356505 528.215820 333.015961 608.297668 364.180328
frame00053 0.271373 489.036102 328.193878 586.873718 371.674377
frame00053 0.344216 528.848145 332.450317 612.343506 364.485138
frame00054 0.304985 491.186768 329.032410 584.885925 370.602203
frame00054 0.322045 528.592285 333.112946 610.700623 364.025024
frame00055 0.348688 491.764832 329.256958 583.805603 369.445709
frame00055 0.296998 528.129089 332.805115 609.937927 363.590424
frame00056 0.405526 489.086914 328.158508 582.436646 369.988800
frame00056 0.261594 524.089539 331.153381 610.904724 365.550629
frame00057 0.404618 488.601349 329.039948 580.142273 370.610992
frame00057 0.240364 524.244202 331.641937 611.987854 366.669952
frame00058 0.440194 486.640198 330.288452 572.725281 371.844421
frame00059 0.478253 485.331055 330.391693 568.717346 373.261780
frame00060 0.438410 486.196869 334.166321 567.413147 376.871216
frame00061 0.474411 486.105713 339.476257 562.517456 382.922791
frame00062 0.487175 486.352112 342.889099 560.041077 385.562988
frame00063 0.504763 483.355225 345.617462 557.036499 389.049622
frame00064 0.521952 483.435638 346.368530 555.848022 389.408173
frame00065 0.523473 481.573730 346.854919 556.013733 391.156555
frame00066 0.542632 480.617218 347.082916 556.543701 391.874939
frame00067 0.557856 479.357239 346.814056 556.747192 391.556305
frame00068 0.592726 473.755463 345.613159 555.510986 392.788605
frame00069 0.590136 471.867371 345.115601 552.963013 393.091156
frame00070 0.599764 468.673553 344.656494 552.165161 393.347809
frame00071 0.573487 465.100067 346.125671 547.665527 395.147888
frame00072 0.576121 459.462402 345.043518 545.732239 396.335815
frame00073 0.560522 455.891724 345.737061 547.661072 396.761108
frame00074 0.563763 451.427307 347.322906 547.073975 400.060089
frame00075 0.565256 447.131409 349.565887 543.884888 400.972778
frame00076 0.555502 442.656067 351.105225 539.682068 401.849457
frame00077 0.567330 438.531952 351.223267 538.312073 403.213135
frame00078 0.578049 432.196686 352.820465 535.074036 405.728821
frame00079 0.585569 423.592987 351.981201 531.606934 406.108154
frame00080 0.577406 424.114563 353.741882 531.104858 406.575195
frame00081 0.582332 415.195648 351.037750 528.823303 408.870575
frame00082 0.593695 402.388428 350.519775 521.342834 409.970673
frame00083 0.576186 394.162170 351.818726 510.704010 410.149658
frame00084 0.587288 384.111053 353.074677 504.432495 413.373901
frame00085 0.583838 373.696838 354.462708 498.201752 416.173309
frame00086 0.584324 361.736084 354.938965 490.977478 418.098846
frame00087 0.590491 348.089722 354.460236 487.819397 424.623993
frame00088 0.581410 339.749481 356.208893 472.216370 429.358917
frame00089 0.584902 324.744202 356.360168 463.753357 438.675323
frame00090 0.550514 302.063416 354.955322 459.944183 445.467926
frame00091 0.387762 294.604187 355.751282 449.447266 449.501587
frame00092 0.331802 239.786057 345.777344 465.866089 469.424957
frame00093 0.483021 221.290680 346.369965 440.364838 472.421844
frame00094 0.570303 202.250427 347.815765 423.158722 479.147705
frame00095 0.549130 177.122192 348.760986 412.189453 478.325073
frame00096 0.715298 131.199112 352.459290 404.462891 493.172699
frame00097 0.782847 86.766678 353.623505 380.296173 507.220795
frame00098 0.837842 42.298756 345.656036 371.457581 520.233704
frame00099 0.593193 0.000000 334.589569 378.946686 553.154419
frame00100 0.619343 0.000000 334.841431 333.565369 570.001038
frame00101 0.753279 0.000000 340.411774 290.114258 570.298096
frame00102 0.705844 0.000000 326.353546 243.713196 580.231018
frame00103 0.638530 0.000000 317.299194 195.487488 593.078674
frame00104 0.578060 0.000000 317.876953 127.060486 594.809753
