frame00000 0.221552 622.246399 357.841797 728.731995 395.474945
frame00000 0.316707 730.188843 356.824127 810.034241 387.570526
frame00000 0.268038 961.560608 352.801544 1075.455078 387.592499
frame00000 0.343304 1117.558716 359.349731 1239.344727 395.046570
frame00001 0.232838 624.544189 357.359406 733.378601 396.376373
frame00001 0.305702 729.835938 356.637970 810.375488 387.730743
frame00001 0.289349 961.263184 352.815186 1075.049805 387.058899
frame00001 0.335975 1120.015869 358.422485 1239.167603 394.796875
frame00002 0.223684 622.511536 358.060242 727.388367 395.615967
frame00002 0.302240 730.389526 356.962616 808.267517 387.224976
frame00002 0.288199 960.124512 352.826324 1072.869629 387.354370
frame00002 0.331151 1121.386108 358.849060 1239.941650 394.308319
frame00003 0.242926 624.553345 357.468842 736.169556 396.517365
frame00003 0.310749 725.684692 356.208466 809.561035 388.023254
frame00003 0.284579 963.472900 352.509521 1078.585938 387.322021
frame00003 0.323435 1117.745239 358.124939 1237.432617 394.065857
frame00004 0.224397 625.834595 357.697693 733.070740 396.107330
frame00004 0.309561 729.172974 356.777405 808.785095 387.651398
frame00004 0.281356 961.683044 353.010071 1076.684448 387.732208
frame00004 0.337338 1118.094971 358.686768 1239.454224 395.398895
frame00005 0.239495 624.492920 357.415924 735.713623 396.875580
frame00005 0.295568 728.925537 356.429108 809.565979 387.698151
frame00005 0.286596 960.931335 352.570557 1076.738037 387.254852
frame00005 0.342344 1115.686523 358.231689 1240.205322 395.148346
frame00006 0.227663 627.544067 355.469116 741.595154 397.854156
frame00006 0.297770 729.885254 356.589142 811.647339 388.274597
frame00006 0.299817 960.777283 352.761047 1075.939453 386.527954
frame00006 0.340385 1121.155762 357.335022 1240.030151 395.391785
frame00007 0.233647 626.858459 357.055298 737.559143 397.096680
frame00007 0.295273 728.118347 356.410095 808.542542 388.015778
frame00007 0.291876 960.300659 352.846252 1074.143799 387.240723
frame00007 0.330926 1118.979858 358.221680 1238.278931 394.869751
frame00008 0.226111 626.310730 356.160767 738.981323 397.433716
frame00008 0.307165 729.299683 356.547913 812.450806 388.769928
frame00008 0.272275 963.889221 352.564667 1078.679932 386.859161
frame00008 0.344271 1118.095215 357.963806 1238.760254 395.559540
frame00009 0.235360 623.738586 356.814819 733.573914 397.256714
frame00009 0.295775 729.553711 356.325226 808.734009 387.443329
frame00009 0.315331 958.059387 352.805115 1072.629272 386.826172
frame00009 0.327689 1120.203125 357.815704 1237.953979 394.565643
frame00010 0.243802 628.682373 355.296295 743.636169 398.340698
frame00010 0.284343 730.290283 356.206512 811.178650 388.131897
frame00010 0.319669 959.140625 352.648499 1073.928711 385.985718
frame00010 0.333866 1119.921875 356.644989 1238.278320 394.867035
frame00011 0.218868 626.352051 356.290405 739.975220 397.487061
frame00011 0.311156 730.484924 357.012268 813.851929 388.744385
frame00011 0.259729 966.381958 353.109924 1080.141602 387.016968
frame00011 0.332272 1121.250000 358.561951 1238.638916 395.164520
frame00012 0.233868 628.214600 354.855804 743.372925 397.726013
frame00012 0.289166 732.058167 356.713837 813.454346 388.416779
frame00012 0.280445 960.586792 353.230713 1071.529785 385.844482
frame00012 0.340984 1120.899902 357.839386 1238.374268 395.524384
frame00013 0.219705 626.651917 355.821991 739.355774 397.520935
frame00013 0.298048 730.215393 356.895325 810.228821 388.170349
frame00013 0.301876 961.193359 353.142700 1073.347900 386.404388
frame00013 0.332149 1121.800049 358.048004 1238.306641 394.819244
frame00014 0.220134 624.390381 356.162933 735.745239 396.952942
frame00014 0.298359 730.334351 356.726440 810.348633 387.973755
frame00014 0.287288 959.519775 352.711395 1071.628418 386.560272
frame00014 0.340522 1123.400513 358.425446 1241.056885 395.236938
frame00015 0.223301 621.718262 357.207001 732.017517 397.251587
frame00015 0.287020 730.609680 357.074341 808.053955 387.484863
frame00015 0.308950 959.216919 353.549255 1071.760742 387.173737
frame00015 0.326376 1121.775269 358.990021 1239.065918 394.287933
frame00016 0.209772 625.395691 355.598846 735.913818 397.264343
frame00016 0.306834 729.727905 356.547882 810.846252 388.170074
frame00016 0.308843 960.633301 352.650574 1076.796997 387.244965
frame00016 0.332399 1123.035278 357.630493 1239.532593 395.355621
frame00017 0.208966 622.152161 357.058655 731.291260 397.646454
frame00017 0.310743 728.728333 356.723206 808.034973 388.149841
frame00017 0.313975 958.230286 352.721222 1075.533447 388.069244
frame00017 0.336912 1120.637451 358.515228 1240.821289 395.195007
frame00018 0.231082 622.049500 356.799835 732.894287 396.951233
frame00018 0.293698 730.561462 356.306305 809.629456 387.332367
frame00018 0.296125 959.177795 352.684967 1071.394531 386.447601
frame00018 0.338135 1120.623535 358.453552 1239.334961 394.487427
frame00019 0.222692 625.086609 356.368530 737.136963 397.443207
frame00019 0.305261 729.106995 356.507965 811.064514 388.298706
frame00019 0.296613 961.010071 352.556793 1076.834595 387.180725
frame00019 0.334911 1120.135254 357.860443 1239.485718 395.007477
frame00020 0.214937 624.530762 357.032135 732.907837 396.568756
frame00020 0.300073 732.346497 356.569733 809.115601 387.305786
frame00020 0.286507 959.982178 353.117035 1071.644531 387.028595
frame00020 0.346190 1118.248535 359.515503 1238.761108 395.244476
frame00021 0.320145 730.111816 356.932983 807.594910 388.045471
frame00021 0.287164 957.601929 352.844910 1071.362183 388.352966
frame00021 0.334840 1121.886230 359.489746 1240.113281 395.091370
frame00022 0.215585 624.644958 357.820190 731.665100 396.815399
frame00022 0.307474 728.394226 356.964050 806.635803 388.015045
frame00022 0.295797 960.176086 353.262604 1072.331787 387.800385
frame00022 0.333943 1120.617188 359.483673 1239.244995 394.899750
frame00023 0.219931 622.419189 357.976807 729.359192 396.308960
frame00023 0.308408 727.567444 356.247894 808.067749 388.020660
frame00023 0.264979 959.091553 352.377594 1071.151001 387.594086
frame00023 0.347062 1121.433838 359.530396 1241.789429 395.611755
frame00024 0.224629 624.688599 357.922913 731.704102 396.397797
frame00024 0.301147 726.723389 356.454773 806.610779 387.769318
frame00024 0.301912 959.365906 352.863403 1073.978027 388.037567
frame00024 0.330872 1120.946777 358.916809 1240.350342 394.890442
frame00025 0.213348 624.141846 357.175201 730.108948 396.425934
frame00025 0.305062 730.675537 356.429688 806.936768 387.169373
frame00025 0.305618 957.406677 352.824432 1069.919678 387.480377
frame00025 0.339069 1121.704590 359.120117 1240.610596 395.141541
frame00026 0.333327 730.508057 357.435150 807.907166 388.286926
frame00026 0.267409 962.439331 353.083405 1071.752197 387.528473
frame00026 0.332729 1123.551514 359.952393 1237.855591 394.583038
frame00027 0.242246 622.914551 359.318024 729.523621 396.071594
frame00027 0.291136 728.648438 356.388245 807.181641 387.291931
frame00027 0.266901 961.104431 353.078949 1072.003662 387.473877
frame00027 0.339367 1116.695557 360.245789 1238.723267 394.722260
frame00028 0.221919 621.548706 359.789276 723.627441 396.359589
frame00028 0.296500 729.085815 356.744324 804.441833 387.286896
frame00028 0.289064 958.536499 353.026398 1071.396973 388.388367
frame00028 0.328091 1119.416504 360.180237 1239.517578 394.639801
frame00029 0.209063 626.349792 357.199829 733.180542 397.053223
frame00029 0.297425 729.773804 356.493958 806.747192 387.666107
frame00029 0.316489 955.572510 352.958618 1067.696777 387.357513
frame00029 0.337371 1122.174438 358.837585 1239.924072 395.275726
frame00030 0.237285 627.104492 357.632233 735.125732 396.534912
frame00030 0.290505 728.238159 356.316223 806.921631 387.684631
frame00030 0.287425 956.993347 352.745209 1068.080688 387.079285
frame00030 0.339447 1120.093018 358.719452 1240.580566 395.382385
frame00031 0.223851 625.844543 357.543365 735.337158 396.679413
frame00031 0.301608 726.752991 356.425873 807.915588 388.320129
frame00031 0.263036 962.491089 352.969788 1073.479126 387.482971
frame00031 0.342275 1120.466431 359.595337 1240.223511 395.520355
frame00032 0.219214 622.748474 358.506348 728.756653 396.369049
frame00032 0.307154 726.947937 356.470245 806.221619 387.894928
frame00032 0.260479 960.669434 352.798920 1070.379639 387.519073
frame00032 0.335853 1121.571411 359.934479 1239.208008 394.876007
frame00033 0.219056 626.167480 357.843781 733.560913 396.719086
frame00033 0.303631 728.308472 356.610474 806.922058 387.863129
frame00033 0.284988 959.415039 352.893951 1069.931763 387.198578
frame00033 0.333610 1121.651245 359.143036 1239.457886 394.831329
frame00034 0.213420 627.972961 357.526276 735.225525 396.752441
frame00034 0.302632 731.152466 357.150299 808.418457 388.015137
frame00034 0.269590 960.995728 353.336853 1069.444702 387.064606
frame00034 0.335489 1121.394165 359.519989 1238.234497 395.125641
frame00035 0.218349 627.745544 355.709717 741.712097 396.804749
frame00035 0.303386 729.454407 356.380463 811.563660 388.638580
frame00035 0.256220 961.740112 352.898956 1071.063354 386.505463
frame00035 0.343614 1120.044189 359.251282 1238.119385 395.327728
frame00036 0.212430 627.186340 357.124329 735.555054 396.115234
frame00036 0.310374 730.614075 356.809479 809.765259 388.116028
frame00036 0.263301 958.740295 352.652557 1069.395508 387.224792
frame00036 0.342070 1120.697388 359.233154 1239.983032 395.523743
frame00037 0.212371 626.065125 357.483154 734.014038 396.156860
frame00037 0.310006 725.649719 356.064056 806.633911 388.258026
frame00037 0.256036 963.520569 352.866516 1073.339600 387.855316
frame00037 0.336480 1120.512939 360.245575 1238.926025 394.990265
frame00038 0.238990 630.468140 356.414520 743.621094 397.371796
frame00038 0.289808 726.217041 356.138336 807.932739 388.479004
frame00038 0.299779 957.600037 352.999420 1068.516357 386.919373
frame00038 0.334126 1120.969360 358.620789 1239.797607 395.143463
frame00039 0.209379 628.453918 355.019196 741.837524 397.242676
frame00039 0.311079 729.031616 356.268311 811.325745 388.739685
frame00039 0.279159 962.312988 352.735413 1073.079712 386.501556
frame00039 0.342338 1121.955200 358.510345 1238.039673 395.377045
frame00040 0.215541 628.534180 355.924805 742.727722 397.022339
frame00040 0.304308 724.478699 355.746674 809.708618 389.277069
frame00040 0.259647 963.881104 352.393158 1074.944092 387.616699
frame00040 0.339980 1121.865479 359.386597 1240.411133 395.384247
frame00041 0.204086 629.496887 355.646942 740.814697 397.277130
frame00041 0.312583 726.227356 356.175842 807.468323 388.626892
frame00041 0.287664 959.268921 352.870392 1070.212524 387.545288
frame00041 0.336533 1122.533203 358.907623 1239.312012 395.538452
frame00042 0.200230 626.492065 356.737244 736.974548 396.216339
frame00042 0.329945 727.880188 356.571747 809.757324 388.599030
frame00042 0.238808 964.922119 352.783661 1074.005493 387.513580
frame00042 0.338659 1120.613770 360.024536 1237.888794 395.181732
frame00043 0.212520 626.954346 356.635071 740.044250 396.446686
frame00043 0.321275 723.123413 355.327942 806.813599 388.457642
frame00043 0.252537 962.006470 352.190369 1072.358887 387.429077
frame00043 0.342160 1119.368286 359.887268 1239.460571 395.304443
frame00044 0.210840 627.137939 355.534058 741.208984 396.489960
frame00044 0.316792 725.730042 355.471405 809.078003 388.473907
frame00044 0.253498 962.401489 352.754059 1070.909912 387.159882
frame00044 0.349343 1120.655762 360.307922 1239.367432 395.456604
frame00045 0.213401 628.220337 356.075653 741.327393 396.388855
frame00045 0.314910 723.369629 355.225311 807.818726 388.672180
frame00045 0.261781 959.742920 352.276520 1071.193604 387.981567
frame00045 0.341091 1122.747314 359.910828 1242.360596 395.719391
frame00046 0.226555 628.617798 355.738037 744.271484 396.498596
frame00046 0.311117 725.528687 355.407318 810.033569 388.566559
frame00046 0.267681 961.948303 352.327209 1073.701416 387.381409
frame00046 0.343096 1119.794678 359.262665 1240.937378 395.508942
frame00047 0.225204 627.844116 356.007935 741.373230 395.549622
frame00047 0.312003 723.002380 354.984070 807.668701 388.052399
frame00047 0.242979 962.268066 352.678101 1070.547363 387.439514
frame00047 0.344029 1120.140503 360.262299 1239.492554 395.426025
frame00048 0.209019 431.107849 350.539001 519.400024 387.343140
frame00048 0.222509 626.488586 355.953461 739.707092 395.339294
frame00048 0.301334 721.844482 354.428528 806.872070 387.833099
frame00048 0.252665 959.609863 352.568420 1069.539673 387.589325
frame00048 0.341819 1121.937012 360.626007 1240.948975 395.496094
frame00049 0.233828 629.409119 355.534393 745.164917 396.076172
frame00049 0.298889 720.390564 354.244141 806.417786 388.290771
frame00049 0.263789 959.427490 352.398407 1069.502563 387.314331
frame00049 0.349330 1119.712158 359.799744 1240.853394 395.781433
frame00050 0.218641 629.349487 356.458710 742.577515 395.644012
frame00050 0.308962 721.980530 355.080322 806.167664 388.161621
frame00050 0.252079 961.008545 352.945587 1070.956909 387.983032
frame00050 0.344200 1118.809326 360.646088 1239.854248 395.918976
frame00051 0.222512 630.822998 355.478882 746.270691 395.786469
frame00051 0.313147 721.862061 354.680054 807.926636 388.398376
frame00051 0.254458 959.102844 352.639252 1069.641235 387.607025
frame00051 0.353193 1118.553223 360.255402 1241.233643 396.361694
frame00052 0.206381 429.483398 349.878571 520.713196 388.210907
frame00052 0.220222 630.353577 355.769653 744.159668 396.054993
frame00052 0.310856 721.220398 354.441284 805.695190 388.156494
frame00052 0.291023 955.869751 352.511475 1069.135864 388.111145
frame00052 0.343131 1119.284302 359.872314 1241.218628 396.024048
frame00053 0.245819 434.734039 352.865234 525.297180 390.767883
frame00053 0.228211 629.862305 356.704773 743.614807 395.192627
frame00053 0.309928 717.099915 353.752838 806.602295 388.314270
frame00053 0.249742 959.883789 352.115479 1074.401733 388.657104
frame00053 0.341299 1118.644653 360.305054 1241.772217 395.840759
frame00054 0.203213 428.723328 351.589844 517.121216 387.819489
frame00054 0.215217 631.005981 356.160370 744.751465 395.100555
frame00054 0.318783 721.989380 354.872620 808.859009 388.467651
frame00054 0.219788 961.627441 352.803345 1070.476807 387.591766
frame00054 0.354111 1119.032715 361.274536 1240.253418 396.380402
frame00055 0.241769 429.881592 351.850311 521.060547 389.883026
frame00055 0.223362 633.967102 355.967621 748.010864 395.596619
frame00055 0.304542 718.133850 353.851837 804.995728 388.214233
frame00055 0.276466 957.889038 352.694214 1069.942749 388.030975
frame00055 0.338658 1118.922485 360.521515 1240.185913 395.875183
frame00056 0.230869 429.387268 352.468201 520.402954 390.471924
frame00056 0.216251 633.834167 356.061493 748.980164 395.843414
frame00056 0.314742 717.712769 353.881866 806.619507 388.556885
frame00056 0.267516 959.216248 352.552734 1072.045776 388.321991
frame00056 0.345725 1120.104858 360.461823 1242.026245 396.034241
frame00057 0.264002 429.961243 353.383057 524.241333 392.326660
frame00057 0.229914 633.866821 356.224030 749.434570 395.221619
frame00057 0.305913 717.073975 353.689819 806.612854 388.318115
frame00057 0.236880 958.713013 352.796143 1069.076660 388.125519
frame00057 0.352124 1119.519287 361.182434 1241.988403 396.728119
frame00058 0.274141 433.239471 355.489288 525.612854 393.540710
frame00058 0.227838 631.985413 356.634583 748.086182 395.266449
frame00058 0.300537 717.012878 353.260010 807.670532 388.115082
frame00058 0.228469 962.321411 352.692535 1074.083496 388.369873
frame00058 0.350629 1116.659668 361.548828 1239.784058 396.111542
frame00059 0.278668 428.121948 353.903748 522.418701 391.774994
frame00059 0.223702 629.044861 355.962494 746.126770 395.140076
frame00059 0.316942 716.121460 353.195862 808.308960 388.391235
frame00059 0.228326 958.784119 351.985443 1071.687988 388.123322
frame00059 0.348127 1120.502563 360.720673 1241.565063 396.110901
frame00060 0.234048 422.108459 350.964661 516.007324 388.860779
frame00060 0.239097 632.304382 355.316467 751.473694 396.168457
frame00060 0.305356 717.577576 353.601807 808.323608 388.636780
frame00060 0.252941 955.483643 352.130981 1067.273438 387.304199
frame00060 0.354165 1119.671143 359.843658 1242.014648 396.599182
frame00061 0.258841 423.655762 352.905426 517.179688 390.936432
frame00061 0.230878 633.334900 355.813049 750.774780 395.730927
frame00061 0.309742 714.373413 353.373322 806.877380 388.908691
frame00061 0.231597 962.205811 352.249329 1073.425049 387.975647
frame00061 0.343252 1119.938477 360.381226 1240.664185 396.144714
frame00062 0.215235 422.190582 351.706879 516.319153 389.693390
frame00062 0.243037 632.774780 355.663147 752.062866 395.925201
frame00062 0.304833 717.898193 353.905792 808.949341 388.507172
frame00062 0.231142 960.677429 352.613190 1070.998901 387.203308
frame00062 0.351064 1118.487427 360.389801 1240.990601 396.260590
frame00063 0.257444 421.785156 352.667389 518.932129 391.942322
frame00063 0.242414 633.812317 355.488495 752.177002 395.890045
frame00063 0.296499 716.208496 353.268646 806.982300 388.303711
frame00063 0.260278 958.458008 352.572052 1070.580688 387.717041
frame00063 0.344862 1120.122314 360.194763 1241.642334 396.259430
frame00064 0.269048 419.552155 352.754395 517.757019 392.421112
frame00064 0.234380 634.213928 355.074951 753.251282 396.232666
frame00064 0.300012 717.109741 353.106628 807.961060 388.446442
frame00064 0.269579 957.617920 352.355499 1070.327881 387.933502
frame00064 0.339171 1119.486694 359.897156 1239.877319 396.150391
frame00065 0.297226 420.787659 352.972626 523.481689 393.885925
frame00065 0.232693 633.179077 354.640228 753.896851 395.946228
frame00065 0.309447 716.445862 352.739227 808.804993 388.300018
frame00065 0.271002 953.406006 352.319092 1068.317505 388.257446
frame00065 0.348556 1118.696289 360.260834 1241.765869 396.992340
frame00066 0.264465 417.385101 352.793640 520.918335 393.725800
frame00066 0.225628 630.955505 354.554504 752.967529 395.910156
frame00066 0.313867 719.129333 353.551208 810.905151 388.349274
frame00066 0.227575 959.792725 352.501587 1071.218628 387.367126
frame00066 0.351896 1120.103638 360.960632 1241.407715 396.486633
frame00067 0.274697 413.818726 352.778015 520.251465 394.521881
frame00067 0.231197 629.136597 354.558807 751.211609 396.485382
frame00067 0.301046 718.083496 353.303223 808.024597 387.962006
frame00067 0.273610 955.035339 352.695129 1067.751343 387.481445
frame00067 0.339405 1121.432983 360.117188 1240.581909 395.880615
frame00068 0.313427 405.584259 351.754211 519.637207 395.606079
frame00068 0.229162 628.726318 352.554535 758.644104 397.050446
frame00068 0.308232 714.326050 352.163025 811.143494 388.609375
frame00068 0.254437 958.118164 352.517548 1072.421997 387.532867
frame00068 0.345857 1119.274780 360.440643 1240.051392 396.443878
frame00069 0.351386 408.481720 354.649445 526.307251 399.498291
frame00069 0.235790 627.565796 352.967194 757.516846 396.261414
frame00069 0.295561 713.773926 351.667725 810.641602 387.991882
frame00069 0.236133 953.006836 352.548859 1066.455811 387.682983
frame00069 0.358957 1119.264526 361.337494 1241.718750 397.469635
frame00070 0.279703 406.526520 353.111786 517.846130 395.936401
frame00070 0.227639 626.671509 353.552765 753.395020 396.724121
frame00070 0.309981 718.288513 353.175842 810.562805 388.052826
frame00070 0.232119 958.969360 352.786041 1068.320190 386.590302
frame00070 0.343988 1121.106079 361.097809 1238.264282 395.785187
frame00071 0.271768 399.617859 350.701874 518.359863 396.371704
frame00071 0.271698 624.180969 352.334503 756.431946 397.780823
frame00071 0.276934 720.234314 352.487885 813.500916 387.657349
frame00071 0.265441 956.075439 352.293060 1068.204468 386.023560
frame00071 0.342786 1118.581299 358.906189 1238.911621 395.946014
frame00072 0.311073 394.065735 351.800781 516.674988 397.818451
frame00072 0.243453 623.599487 351.715698 758.912659 397.617279
frame00072 0.292157 718.255493 352.639832 814.625122 388.097443
frame00072 0.238334 957.436829 352.685730 1068.916748 385.944885
frame00072 0.344333 1120.787476 360.340057 1238.926392 396.259521
frame00073 0.323789 393.189728 353.407166 517.012207 400.385651
frame00073 0.259794 624.642944 351.948151 758.031006 397.497467
frame00073 0.272397 718.895508 352.311584 814.131714 387.685760
frame00073 0.245999 954.497131 352.487854 1066.857422 386.290527
frame00073 0.343589 1121.151855 359.747223 1239.924561 396.824707
frame00074 0.334821 391.140686 355.188232 515.442871 402.418213
frame00074 0.258962 622.187256 351.457214 758.576294 397.437836
frame00074 0.265107 719.905029 352.027954 816.278748 387.523590
frame00074 0.222163 960.003723 352.501862 1069.432495 385.637238
frame00074 0.338232 1119.013794 360.677246 1234.723633 396.093231
frame00075 0.307422 387.859680 354.336945 512.369507 401.540253
frame00075 0.259940 622.084106 351.926575 758.528198 397.748505
frame00075 0.279041 721.988831 352.877411 817.750732 387.607666
frame00075 0.215538 960.511719 352.585632 1069.541138 385.407898
frame00075 0.334100 1119.373657 360.022614 1234.309937 395.889893
frame00076 0.263205 385.905884 353.931305 508.109772 400.777161
frame00076 0.249040 622.126831 352.773621 754.513611 398.432495
frame00076 0.281037 723.539368 353.705627 815.384460 387.764130
frame00076 0.234909 957.101501 352.957672 1066.948120 385.650574
frame00076 0.344008 1122.197998 360.003143 1237.558594 396.133575
frame00077 0.324421 381.430603 354.257812 509.186401 403.341522
frame00077 0.256313 622.826477 351.271210 760.947815 398.957947
frame00077 0.269452 721.189880 352.623718 817.578430 388.190521
frame00077 0.245723 957.464966 352.821991 1068.540283 385.868591
frame00077 0.337480 1118.573975 359.751129 1234.033447 396.338104
frame00078 0.287137 381.878204 353.925171 506.959381 402.930786
frame00078 0.259097 620.236938 351.591583 755.985107 398.722717
frame00078 0.268003 725.928894 353.374786 818.785156 387.755371
frame00078 0.229622 956.478638 352.814850 1062.734741 384.744141
frame00078 0.337645 1122.106689 360.168915 1233.679565 395.853455
frame00079 0.289289 377.805359 353.389526 503.551361 402.335785
frame00079 0.280961 621.201416 351.497009 757.619080 398.976227
frame00079 0.250220 725.262939 353.020386 818.098022 387.503723
frame00079 0.244260 958.211548 352.575165 1065.856689 384.297729
frame00079 0.333124 1120.552368 359.231049 1233.280762 395.403625
frame00080 0.343429 370.358307 351.777039 504.324829 403.536041
frame00080 0.273304 619.649170 349.930756 760.101013 399.606689
frame00080 0.247291 722.609985 352.507141 818.250610 387.758667
frame00080 0.269250 955.718262 352.210846 1065.981445 384.392395
frame00080 0.332102 1120.770508 358.530975 1233.953735 395.964691
frame00081 0.343640 366.213928 351.906036 501.793457 404.503693
frame00081 0.279252 619.898926 349.981598 759.100342 399.614899
frame00081 0.251109 723.734009 352.741089 818.662598 387.684570
frame00081 0.250903 956.339600 351.886261 1064.605713 384.095795
frame00081 0.329913 1120.725708 358.019531 1232.755127 396.038147
frame00082 0.318871 363.673523 352.675354 499.724609 405.572449
frame00082 0.255079 619.993652 350.521210 756.193176 399.261627
frame00082 0.269557 726.826050 353.677399 819.298096 387.695984
frame00082 0.227292 956.607910 352.236633 1063.630737 384.358032
frame00082 0.337329 1121.938599 359.100372 1233.239624 396.482025
frame00083 0.334740 359.857849 351.644806 499.945435 406.133057
frame00083 0.279915 617.944031 349.868683 755.463867 399.801483
frame00083 0.247024 727.640686 353.210083 819.027710 387.377167
frame00083 0.247577 953.889709 352.092834 1061.923706 383.910706
frame00083 0.338381 1120.372559 358.533264 1232.671387 396.567078
frame00084 0.359241 353.452759 351.651947 497.295380 408.397522
frame00084 0.289089 620.482239 349.797272 756.715637 400.340729
frame00084 0.242027 725.305176 353.051331 817.862061 387.723480
frame00084 0.267782 954.288025 351.874725 1062.994995 384.106445
frame00084 0.327668 1121.534668 357.415863 1232.461426 396.638672
frame00085 0.357129 348.681030 350.610413 491.551147 406.722534
frame00085 0.281028 620.401184 349.564178 754.467468 400.152374
frame00085 0.245887 728.502869 353.920227 819.429993 387.640015
frame00085 0.259789 952.900269 352.021149 1058.855225 383.790070
frame00085 0.330188 1123.441040 357.581390 1232.571045 397.107941
frame00086 0.382947 342.816010 352.429688 481.080780 407.112854
frame00086 0.281036 618.100464 349.348358 752.061157 400.455811
frame00086 0.250162 727.292358 353.388611 823.112671 388.877228
frame00086 0.218863 959.773071 350.614777 1067.397949 383.957397
frame00086 0.331250 1121.471558 357.413849 1229.433350 397.704102
frame00087 0.408555 337.104492 352.374542 480.494141 409.079620
frame00087 0.288636 618.198975 348.759430 752.380676 400.430878
frame00087 0.230966 728.611328 353.372467 823.568237 388.681702
frame00087 0.224769 958.457031 350.840118 1064.459961 383.548370
frame00087 0.332537 1122.534302 357.569275 1229.364136 397.851593
frame00088 0.377119 330.638458 350.390076 478.343231 409.288239
frame00088 0.265631 621.694824 349.207703 753.308838 400.824982
frame00088 0.253521 727.580261 353.843353 821.059448 388.681732
frame00088 0.259588 956.479980 351.068878 1066.517822 384.472900
frame00088 0.332996 1121.646973 356.711792 1231.719116 398.114777
frame00089 0.412804 324.676788 351.818390 474.500458 412.214508
frame00089 0.281464 621.421448 349.556885 751.645447 401.211609
frame00089 0.247438 725.247681 353.783325 820.865356 389.703888
frame00089 0.255809 954.878235 350.690887 1064.644287 385.261261
frame00089 0.326704 1125.173218 355.994568 1233.377563 399.415375
frame00090 0.423010 319.807465 352.533600 472.068604 414.331329
frame00090 0.267893 617.967041 349.113831 746.383789 401.062683
frame00090 0.259060 727.597595 353.693817 822.880493 389.862518
frame00090 0.241471 954.999756 350.082611 1066.742310 385.989441
frame00090 0.333920 1124.458130 355.657440 1232.711792 400.134979
frame00091 0.430041 314.137238 353.190765 470.964630 416.466553
frame00091 0.297439 616.896362 349.208344 747.910034 401.289459
frame00091 0.248466 725.928467 353.223724 823.781006 390.032257
frame00091 0.231727 957.470398 349.864441 1068.536377 385.857727
frame00091 0.329619 1122.492798 355.317474 1230.966187 399.950012
frame00092 0.423645 305.907806 352.599182 469.087830 419.705536
frame00092 0.294399 619.281067 349.588959 747.159058 401.593323
frame00092 0.248469 725.252625 353.523468 821.648010 389.684448
frame00092 0.280527 952.605713 350.290680 1066.820190 386.825623
frame00092 0.325734 1125.760010 354.005768 1235.148560 400.887177
frame00093 0.410656 299.650146 353.947418 461.946075 421.074493
frame00093 0.297564 620.952026 349.629150 749.556396 401.760651
frame00093 0.264492 721.037292 353.176849 822.466736 391.017273
frame00093 0.244306 956.401917 349.553650 1069.312866 387.145599
frame00093 0.329245 1126.096924 353.703430 1236.405518 401.912598
frame00094 0.358293 299.062195 353.703156 459.409790 421.118530
frame00094 0.293276 619.018311 350.214111 743.889221 401.024506
frame00094 0.271359 723.468079 353.806152 822.305359 390.455872
frame00094 0.240096 960.590820 349.847504 1071.189575 387.076141
frame00094 0.323381 1126.875488 354.329468 1234.476685 400.961121
frame00095 0.294982 295.958832 348.723083 463.551453 420.592896
frame00095 0.287636 621.148132 349.585236 748.891907 401.858734
frame00095 0.290280 725.290466 354.559570 822.051758 390.056152
frame00095 0.265855 956.527649 349.940399 1067.300903 386.467255
frame00095 0.334311 1125.339233 353.879669 1236.957031 401.252808
frame00096 0.357232 276.648315 344.350800 430.526489 430.268799
frame00096 0.285766 623.536743 349.734375 750.396484 401.500549
frame00096 0.301307 723.057556 354.211090 821.689575 390.322296
frame00096 0.256883 956.731201 348.981049 1063.593872 385.816528
frame00096 0.337528 1126.177246 354.154358 1238.159302 400.737701
frame00097 0.404617 269.586517 344.855011 428.240295 430.896057
frame00097 0.274853 625.780396 349.705963 752.833496 401.732117
frame00097 0.307174 721.705872 354.369873 819.812683 390.361450
frame00097 0.272736 956.995728 349.119507 1062.393311 384.954834
frame00097 0.342071 1125.190552 354.277924 1239.086182 400.076752
frame00098 0.466717 259.316071 343.005524 427.441742 433.206970
frame00098 0.279620 622.672668 348.499878 752.793640 401.759033
frame00098 0.306201 721.495422 353.191223 821.347900 390.536316
frame00098 0.245187 960.372620 348.001099 1061.967285 383.716705
frame00098 0.338460 1124.023804 353.635834 1238.097168 399.351654
frame00099 0.488336 248.652802 343.665619 429.022980 438.195648
frame00099 0.278384 623.024048 348.102661 753.465210 400.946136
frame00099 0.311588 720.674438 352.678955 820.871582 390.412445
frame00099 0.245217 960.989075 347.974060 1060.619385 383.107971
frame00099 0.335719 1121.257446 354.188477 1236.851074 398.576050
frame00100 0.514848 243.781097 344.678619 426.760986 437.573792
frame00100 0.254763 621.198608 347.870941 749.971191 400.568390
frame00100 0.307361 721.677856 352.502563 820.442383 389.914001
frame00100 0.276277 960.711548 347.965332 1064.567261 383.126221
frame00100 0.329227 1119.762573 353.939758 1236.222534 398.048645
frame00101 0.503978 235.317749 345.405914 426.303558 443.940063
frame00101 0.271204 623.734558 348.420746 752.751343 400.973419
frame00101 0.297821 721.482544 352.447296 817.762939 389.616821
frame00101 0.301247 956.284851 348.046600 1058.668457 382.521515
frame00101 0.323050 1118.138428 353.944550 1236.483765 397.629730
frame00102 0.456589 228.618912 347.127899 422.150879 445.869324
frame00102 0.262238 621.682922 348.903442 750.489868 400.280548
frame00102 0.299816 721.651733 352.783722 817.634888 389.557526
frame00102 0.284954 958.275269 348.696136 1060.246826 382.766815
frame00102 0.325499 1118.885742 355.776093 1237.166870 396.845490
frame00103 0.478606 220.480225 348.270416 414.957092 443.396912
frame00103 0.250007 618.567810 349.090881 748.310852 399.711426
frame00103 0.313199 722.852844 352.630188 819.034058 389.440491
frame00103 0.257874 959.766296 348.601654 1059.696411 381.876740
frame00103 0.316969 1117.281982 356.080353 1234.357666 395.952240
frame00104 0.466013 204.265320 347.411041 409.295654 445.570282
frame00104 0.250034 616.712402 348.653870 749.005676 399.901672
frame00104 0.288276 725.473938 352.424255 817.441711 388.431213
frame00104 0.287215 954.014038 349.121033 1055.130127 380.938660
frame00104 0.322248 1117.989746 356.607666 1237.456543 396.171082
frame00105 0.440412 189.522827 346.757599 399.388428 445.662109
frame00105 0.258621 616.650391 348.533569 754.440796 400.788574
frame00105 0.278555 726.280518 352.002289 817.426147 388.253662
frame00105 0.293451 953.586060 349.529358 1054.662842 379.938904
frame00105 0.320990 1115.879639 357.008972 1236.904175 395.396149
frame00106 0.392657 183.319366 348.836975 390.628082 444.677582
frame00106 0.238034 617.578979 349.910339 753.452209 400.663483
frame00106 0.291724 727.122437 353.192719 818.441528 389.036407
frame00106 0.247850 960.323853 350.319336 1057.826660 380.101562
frame00106 0.317311 1117.282715 358.686371 1235.271729 394.502045
frame00107 0.226571 619.618652 349.035034 753.587646 401.394775
frame00107 0.282460 731.354614 352.615692 819.946228 389.305420
frame00107 0.262356 959.017395 350.348480 1055.617310 380.548767
frame00107 0.321137 1117.269165 359.029846 1233.703125 394.356018
frame00107 0.360070 143.950943 362.031006 377.217163 467.887451
frame00108 0.231904 623.339905 349.921448 750.961914 401.532318
frame00108 0.274151 732.281006 352.834320 817.478943 388.859009
frame00108 0.273251 960.180908 350.756378 1054.950806 380.838501
frame00108 0.321789 1119.899170 359.148163 1233.749634 393.935059
frame00108 0.374583 133.311432 361.011139 365.123901 470.899292
frame00109 0.203592 625.395386 349.910400 750.275269 402.472839
frame00109 0.289285 732.221313 352.731201 817.000488 389.516846
frame00109 0.254675 966.018372 350.439026 1059.028931 382.119385
frame00109 0.313674 1123.631714 359.152527 1232.635620 394.398804
frame00109 0.364861 122.608856 359.266998 345.521851 473.900330
frame00110 0.205420 627.054382 350.039978 746.763672 402.908081
frame00110 0.257293 739.011597 353.093231 816.278625 388.527832
frame00110 0.285341 962.809326 350.843292 1053.939209 382.793213
frame00110 0.314121 1123.358154 359.071259 1232.202271 394.785767
frame00110 0.442780 107.578117 354.591248 338.174896 478.645355
frame00111 0.251098 157.660477 343.849884 345.770996 447.405823
frame00111 0.219966 627.522034 351.550293 743.479553 402.366119
frame00111 0.250214 739.725708 353.721710 816.231323 388.073547
frame00111 0.267472 962.823364 351.122406 1053.115234 383.831116
frame00111 0.308619 1125.450684 359.705353 1231.715576 395.299408
frame00111 0.465002 85.914619 354.104797 332.560852 481.797272
frame00112 0.216995 150.158676 341.914856 345.387909 448.589020
frame00112 0.200879 630.557983 351.016174 744.942749 403.702850
frame00112 0.271299 735.588989 353.638947 817.055786 389.997009
frame00112 0.249099 962.598999 350.615112 1061.502930 387.351501
frame00112 0.315662 1126.109009 359.254578 1234.187134 398.054443
frame00112 0.476029 56.678726 351.791290 324.117737 489.603363
frame00113 0.207421 628.288391 346.281158 753.730591 404.738403
frame00113 0.276518 726.704834 352.242462 814.832275 390.647919
frame00113 0.279326 951.202759 348.440735 1069.257568 389.447052
frame00113 0.323501 1127.979004 355.176666 1236.382568 400.061127
frame00113 0.413526 23.208990 354.001556 337.261108 507.244873
frame00114 0.256488 620.324097 344.100311 755.291016 404.242157
frame00114 0.253820 722.842957 352.218475 818.092407 390.475037
frame00114 0.277636 943.761597 347.461090 1069.652344 390.422943
frame00114 0.332656 1131.404541 353.713074 1237.589966 400.348572
frame00114 0.535911 5.674028 352.844299 321.435486 510.432007
frame00115 0.224411 37.726517 346.430084 233.077545 465.240784
frame00115 0.241135 622.722961 344.320007 755.537781 403.642578
frame00115 0.274625 720.702515 353.054291 818.367615 391.156097
frame00115 0.255314 947.078796 347.563995 1071.118652 390.837006
frame00115 0.329760 1134.234375 354.238190 1238.517822 400.638947
frame00115 0.538417 0.000000 351.546051 308.534912 511.833344
frame00116 0.249382 621.656860 343.944275 758.774658 403.847198
frame00116 0.265503 718.007141 352.731354 818.886475 391.316284
frame00116 0.242637 947.437500 347.836823 1072.984497 391.186401
frame00116 0.327737 1134.382446 354.314209 1238.179443 400.256653
frame00116 0.582184 0.000000 351.585144 308.546783 515.451904
frame00117 0.232557 620.038757 343.866699 756.643066 403.697662
frame00117 0.274025 720.199890 353.355255 818.961304 390.916138
frame00117 0.241583 944.833252 348.211426 1070.252075 391.268372
frame00117 0.332988 1135.632568 353.740936 1238.154419 400.002197
frame00117 0.636546 0.000000 353.430695 298.437439 527.317139
frame00118 0.228756 617.436157 342.983002 763.844666 405.073181
frame00118 0.271167 719.055237 353.668579 820.180298 390.854126
frame00118 0.274553 940.924927 348.979309 1071.806763 392.449310
frame00118 0.321081 1132.539307 354.122711 1237.155884 398.919891
frame00118 0.665963 0.000000 352.574005 285.704620 524.455200
frame00119 0.241263 613.446960 343.634949 763.109436 405.074554
frame00119 0.266736 719.097961 353.666565 823.642334 391.514313
frame00119 0.229644 942.609863 348.231537 1074.513916 392.655884
frame00119 0.322831 1131.896484 353.651733 1236.650513 398.853699
frame00119 0.710596 0.000000 347.326752 271.732483 533.628418
frame00120 0.233183 615.642822 343.152802 764.720154 405.178436
frame00120 0.272156 721.893372 353.828186 823.212646 391.177826
frame00120 0.232479 941.428223 348.134064 1070.832275 392.215576
frame00120 0.327711 1130.763062 353.590179 1236.670166 399.463440
frame00120 0.680802 0.000000 346.430695 251.022964 541.734619
frame00121 0.225887 616.757568 343.263062 765.461975 404.720398
frame00121 0.275198 720.747314 354.636780 819.988159 390.693817
frame00121 0.250411 944.315430 348.920532 1069.166504 391.420135
frame00121 0.323852 1131.669189 354.915253 1237.449707 398.105988
frame00121 0.599054 0.000000 351.732056 230.782700 533.637573
frame00122 0.227741 616.303040 343.940002 763.870605 404.669952
frame00122 0.266042 724.868530 355.630188 821.162964 390.292572
frame00122 0.266509 944.846313 348.792999 1070.600586 391.786102
frame00122 0.319102 1130.158569 354.424042 1238.600708 398.502838
frame00122 0.563306 0.000000 350.174744 199.126831 539.146729
frame00123 0.242402 611.933777 342.961487 770.946167 405.708618
frame00123 0.262064 721.949097 355.311554 824.204163 390.669678
frame00123 0.252126 946.077271 348.614166 1071.465332 392.565277
frame00123 0.317254 1127.343750 355.557495 1239.724854 399.107635
frame00123 0.509691 0.000000 347.076660 164.544312 534.295837
frame00124 0.233956 612.945190 343.841858 772.802795 405.119385
frame00124 0.266789 725.563660 355.567078 824.370850 390.238403
frame00124 0.236190 950.896240 349.434021 1074.005005 391.861176
frame00124 0.319525 1122.524048 357.170868 1236.444458 397.258850
frame00124 0.392025 0.000000 366.947083 130.946793 518.334839
frame00125 0.224327 620.890747 346.687073 758.657349 401.133331
frame00125 0.278667 728.553406 355.757477 817.077271 389.507141
frame00125 0.257155 957.187195 349.632996 1072.171753 388.264954
frame00125 0.316363 1125.844849 355.761139 1237.718384 396.854279
frame00125 0.264309 0.000000 393.299866 125.306381 518.757202
frame00126 0.260078 623.072021 351.858246 744.394592 397.859802
frame00126 0.277708 730.257202 355.513550 815.815063 388.644196
frame00126 0.265348 962.351440 351.501831 1067.422607 382.629700
frame00126 0.349297 1128.052856 355.799530 1237.939575 394.275726
frame00127 0.266174 621.018433 351.577393 743.228821 397.779358
frame00127 0.274168 731.284912 355.252319 817.627869 388.666290
frame00127 0.276916 960.513916 351.218292 1068.159668 382.523956
frame00127 0.345644 1127.834961 355.467316 1237.271851 393.725403
frame00128 0.267098 622.818115 352.447144 743.794067 397.798920
frame00128 0.273656 730.791382 355.741913 816.805054 388.829620
frame00128 0.274518 961.244751 351.910828 1068.150391 382.968933
frame00128 0.341553 1126.837036 355.927368 1236.435669 393.948914
frame00129 0.237808 623.135803 351.592590 742.268005 397.117401
frame00129 0.292700 731.202026 355.730347 816.849426 388.918427
frame00129 0.274115 962.053833 351.360596 1072.251099 383.428223
frame00129 0.344820 1127.318604 356.002167 1237.463745 393.943390
frame00130 0.252136 624.863953 351.803223 745.854248 398.042084
frame00130 0.284520 731.499023 355.823090 816.849976 388.777771
frame00130 0.276703 961.231445 351.781586 1067.662109 383.006775
frame00130 0.340294 1127.343018 355.498566 1236.152344 394.158691
