frame00000 0.211803 622.238342 357.711090 727.773132 395.398376
frame00000 0.327643 723.302917 355.922943 802.628906 387.083008
frame00000 0.326853 962.311462 353.331390 1073.535400 387.246521
frame00000 0.326633 1121.298096 360.092102 1236.685669 391.985229
frame00001 0.212965 446.328278 351.073822 528.309448 387.046661
frame00001 0.209113 621.202881 358.394287 723.306274 395.314514
frame00001 0.317495 725.480591 355.703674 801.504272 386.740631
frame00001 0.337528 954.986877 353.193420 1068.873535 387.849091
frame00001 0.337124 1119.152466 360.195831 1238.547485 392.694153
frame00002 0.221261 620.157715 358.441071 724.138245 395.243195
frame00002 0.316304 725.438538 355.959015 802.306641 386.647766
frame00002 0.330776 955.422668 353.337128 1067.721191 387.347839
frame00002 0.331789 1119.962524 360.103210 1238.568970 392.028351
frame00003 0.212375 619.747742 357.889069 723.236938 395.056335
frame00003 0.320679 727.214661 355.943085 804.254883 386.713287
frame00003 0.324200 957.007446 352.655304 1070.736328 387.230072
frame00003 0.338247 1121.133789 359.707306 1240.011230 392.437042
frame00004 0.215445 623.792480 356.598328 732.105774 395.556641
frame00004 0.321339 727.012634 355.990234 806.024475 386.881714
frame00004 0.338754 959.492798 353.050964 1072.180054 386.608063
frame00004 0.331013 1119.805176 359.173462 1237.195923 392.166260
frame00005 0.221397 623.932434 356.818207 731.563171 395.465485
frame00005 0.315844 727.212158 355.993347 804.802490 386.609222
frame00005 0.332823 958.369385 353.472992 1069.504028 386.223083
frame00005 0.338334 1119.679565 359.602875 1237.495728 392.464172
frame00006 0.209257 622.533203 357.696228 727.214111 395.305695
frame00006 0.320557 726.253174 355.846222 804.129517 386.818298
frame00006 0.330440 959.657715 353.093597 1072.479248 387.378265
frame00006 0.329839 1119.892334 359.906769 1237.386353 392.198303
frame00007 0.206992 621.402649 359.240662 723.466309 395.412445
frame00007 0.321319 724.990173 356.287323 802.832397 386.908783
frame00007 0.330741 958.942017 353.602142 1074.183228 388.243073
frame00007 0.317346 1121.049072 360.536865 1237.958130 391.803192
frame00008 0.218466 626.429382 357.405029 733.711487 395.937347
frame00008 0.320133 724.747925 355.850830 803.935242 387.307465
frame00008 0.328893 961.081177 353.545563 1073.414062 387.440063
frame00008 0.336172 1118.024170 359.867035 1237.343872 393.015472
frame00009 0.206944 627.021606 357.337341 732.124146 395.686768
frame00009 0.324106 727.042175 356.542084 803.840393 387.249023
frame00009 0.322891 959.628418 353.704010 1070.216797 387.173767
frame00009 0.339564 1119.579712 360.000519 1237.894165 392.890747
frame00010 0.202839 626.704468 357.660187 730.150696 395.155518
frame00010 0.330887 725.800476 356.131775 802.959106 386.904144
frame00010 0.323987 957.659302 353.192780 1069.377197 387.280182
frame00010 0.330580 1120.614502 359.723267 1237.418457 392.892639
frame00011 0.222546 629.093506 357.209930 736.327637 395.883270
frame00011 0.319342 722.127930 355.705597 802.280029 387.582123
frame00011 0.333499 959.136841 353.213623 1070.774658 387.127380
frame00011 0.332862 1120.526245 359.299591 1238.336426 392.841858
frame00012 0.209267 627.110657 356.902588 733.736267 395.712036
frame00012 0.328657 725.833679 355.847687 803.998779 387.163086
frame00012 0.332793 959.121033 353.238770 1070.884888 386.920441
frame00012 0.337102 1119.036987 359.760925 1237.192017 392.751160
frame00013 0.233805 627.472595 356.863525 736.593079 395.936310
frame00013 0.312120 727.104492 355.881592 805.506287 386.868011
frame00013 0.339257 958.067932 353.620758 1069.143311 386.628510
frame00013 0.334111 1117.602173 359.244812 1236.324097 392.407562
frame00014 0.228047 628.778870 356.331482 737.135498 395.852203
frame00014 0.309738 726.264893 355.820648 804.010376 387.074432
frame00014 0.328712 958.115295 353.520050 1066.970337 386.310486
frame00014 0.344203 1118.834473 359.251831 1237.417969 393.244324
frame00015 0.226459 627.461304 357.422943 735.140747 396.073425
frame00015 0.314515 723.948486 355.806732 804.127197 387.358490
frame00015 0.332939 959.775085 353.271149 1070.985229 386.607910
frame00015 0.326534 1120.381592 359.423065 1236.847778 392.244019
frame00016 0.227602 629.839905 355.815704 740.735718 396.526917
frame00016 0.318228 725.212097 355.602997 805.279846 387.527100
frame00016 0.332275 960.429199 353.167175 1070.409668 386.050140
frame00016 0.336842 1117.888672 358.649719 1235.034912 392.668793
frame00017 0.209731 628.890503 356.914520 736.099976 395.842865
frame00017 0.327229 726.538208 356.060791 804.862976 387.221069
frame00017 0.322154 960.389343 353.662292 1070.693726 386.842896
frame00017 0.333910 1118.834351 359.879974 1235.664307 392.678284
frame00018 0.214490 627.786560 356.322662 735.918457 396.032074
frame00018 0.318514 726.826294 355.709045 805.860901 387.226105
frame00018 0.344070 957.850464 353.193909 1071.347412 387.138245
frame00018 0.338869 1119.667725 358.992401 1238.026855 392.932892
frame00019 0.219282 629.168518 356.160522 739.016846 396.531769
frame00019 0.314042 728.055115 355.949097 806.647461 387.234375
frame00019 0.337925 958.082825 353.219086 1069.521240 386.181183
frame00019 0.340792 1120.905640 358.742981 1238.130981 393.069061
frame00020 0.214955 627.999512 355.553253 739.569031 396.597961
frame00020 0.318117 728.731140 355.921173 807.140869 387.159760
frame00020 0.326695 959.831848 353.360779 1070.338745 385.876617
frame00020 0.339734 1119.308716 359.077820 1235.701172 392.580688
frame00021 0.216760 630.422852 356.256439 740.139832 396.668976
frame00021 0.314679 727.038940 356.034790 805.103394 387.365662
frame00021 0.333105 958.553162 353.556366 1067.879150 386.449921
frame00021 0.331595 1121.248047 359.078766 1236.864258 392.745270
frame00022 0.213435 632.498169 355.481567 744.209473 396.976501
frame00022 0.320222 725.711121 356.058746 806.169800 387.953156
frame00022 0.330591 960.125854 353.378876 1070.602539 386.223389
frame00022 0.337636 1122.117188 358.845764 1237.761475 393.155487
frame00023 0.229560 633.677429 356.035309 744.595398 396.904358
frame00023 0.311608 724.219849 355.746307 805.042603 387.611359
frame00023 0.348996 959.663391 353.705170 1071.061035 386.816498
frame00023 0.328833 1121.298096 358.484375 1237.324341 392.930450
frame00024 0.217435 629.694946 355.812164 740.210205 396.746857
frame00024 0.318061 728.395752 355.880066 805.783020 387.085938
frame00024 0.339410 957.170715 353.521088 1067.998291 386.487091
frame00024 0.340162 1119.728271 358.962372 1237.536133 393.143677
frame00025 0.226961 631.559937 355.875092 743.229065 396.906281
frame00025 0.309104 724.116699 355.300720 804.438599 387.664612
frame00025 0.343304 958.005249 353.292633 1069.387817 386.650482
frame00025 0.340504 1119.525757 358.869598 1237.948730 393.357025
frame00026 0.219104 630.330566 356.347717 740.270386 396.741699
frame00026 0.316893 725.353882 355.797516 804.387207 387.323212
frame00026 0.336829 958.778381 353.575134 1069.318726 386.665436
frame00026 0.328144 1121.124023 359.223755 1237.118164 392.854095
frame00027 0.207384 630.810669 356.254913 739.925903 396.694794
frame00027 0.333371 723.603577 355.343628 804.798340 387.824341
frame00027 0.347600 957.705994 352.833008 1073.807495 387.880005
frame00027 0.333805 1120.030762 358.634033 1238.977295 393.265106
frame00028 0.212365 631.077637 357.181244 738.136047 396.120209
frame00028 0.320680 725.750183 356.064789 803.718506 387.319611
frame00028 0.334729 957.923950 353.657990 1070.146362 387.528870
frame00028 0.331778 1119.080688 359.435272 1237.365479 393.004944
frame00029 0.207516 631.133057 357.541656 736.545166 395.921906
frame00029 0.326413 726.001587 355.988068 802.271423 386.958099
frame00029 0.340645 955.565186 353.682465 1068.888550 388.141449
frame00029 0.329049 1119.737061 359.755585 1238.747437 393.277130
frame00030 0.330953 724.875366 355.510071 804.132812 387.224426
frame00030 0.348174 957.203857 353.130920 1072.095947 387.879089
frame00030 0.332775 1121.496460 359.494812 1239.636108 392.956848
frame00031 0.205871 632.371399 356.367615 741.683044 396.355682
frame00031 0.333012 723.207275 355.589569 803.769836 387.565857
frame00031 0.332853 959.057556 352.996582 1072.939941 387.486420
frame00031 0.330613 1120.158447 358.930847 1238.512451 393.289551
frame00032 0.221516 633.250793 355.364105 747.157959 397.385101
frame00032 0.315069 723.342041 355.137421 804.651855 387.885071
frame00032 0.349231 958.252441 353.228973 1072.346680 387.311676
frame00032 0.334949 1119.062744 358.704803 1238.584351 393.503845
frame00033 0.216693 631.120544 355.978821 742.572998 396.358215
frame00033 0.319696 725.173462 355.144104 804.411926 387.154694
frame00033 0.345325 955.582153 353.726685 1070.487793 387.855957
frame00033 0.340481 1117.562012 359.953705 1239.911865 393.747803
frame00034 0.209069 633.587280 355.706177 744.563232 396.698578
frame00034 0.331658 725.397949 355.744293 804.957886 387.737427
frame00034 0.346931 956.030334 353.380127 1070.223633 387.889984
frame00034 0.333272 1118.999146 358.763245 1238.721191 393.736267
frame00035 0.221039 633.635376 355.923676 746.331055 396.809082
frame00035 0.322728 722.443787 355.387085 804.561707 387.925842
frame00035 0.343469 959.071533 353.227692 1072.879395 387.489136
frame00035 0.333619 1120.351318 358.724976 1239.753418 393.292084
frame00036 0.204440 633.493103 355.229431 746.839539 397.146179
frame00036 0.335682 722.642761 355.128754 803.485779 387.809875
frame00036 0.346308 956.484985 353.582275 1070.792236 387.851379
frame00036 0.336764 1117.250732 359.511780 1237.742676 393.662018
frame00037 0.214090 632.864380 356.365021 744.253540 396.888702
frame00037 0.324435 721.326782 355.074554 803.366577 387.841705
frame00037 0.357089 956.082458 353.370880 1072.750854 388.540497
frame00037 0.330181 1119.906738 359.153900 1239.787476 393.517883
frame00038 0.204601 434.214813 349.986145 525.913269 390.025879
frame00038 0.213679 633.183533 356.915497 743.265015 396.380890
frame00038 0.329721 720.498413 355.018829 802.671448 387.813782
frame00038 0.346563 956.149963 353.296722 1073.526123 388.904358
frame00038 0.324084 1118.270020 359.437317 1239.123291 393.519318
frame00039 0.202039 635.629272 355.880554 747.515137 397.133881
frame00039 0.339191 720.604004 355.585602 803.285156 388.458588
frame00039 0.359352 957.702087 353.410217 1073.044678 388.372833
frame00039 0.324808 1121.800659 358.927460 1239.384277 393.447540
frame00040 0.203960 634.515381 356.661835 745.417969 396.566223
frame00040 0.330375 721.954468 355.109467 803.495605 387.834381
frame00040 0.346500 957.231140 353.745270 1072.337158 388.245422
frame00040 0.331175 1118.434692 360.131012 1238.104614 393.350769
frame00041 0.228835 434.273804 352.174591 524.783691 390.904236
frame00041 0.340699 720.631775 354.919098 801.817688 387.616241
frame00041 0.341322 954.110657 353.413300 1071.479858 389.083679
frame00041 0.337293 1115.680420 360.040955 1238.595703 394.212891
frame00042 0.230123 428.623627 350.744659 519.468262 389.232605
frame00042 0.200126 634.958008 355.578003 748.540527 396.591766
frame00042 0.337227 718.632935 354.057648 803.943176 388.166504
frame00042 0.347226 955.515442 353.124329 1072.592041 388.608429
frame00042 0.333450 1118.916504 360.021210 1238.981445 393.926910
frame00043 0.350553 721.057068 355.294189 804.897217 388.358063
frame00043 0.338900 956.044006 353.096710 1071.766846 388.359314
frame00043 0.335138 1121.472900 359.354309 1240.066772 394.170654
frame00044 0.227380 427.976990 350.230194 521.069458 389.595917
frame00044 0.203145 635.875122 355.721558 748.932129 396.378265
frame00044 0.338860 721.271912 354.669800 804.434143 387.754608
frame00044 0.354610 955.954041 353.865753 1071.356079 388.460327
frame00044 0.332499 1117.300293 360.301453 1237.605469 393.794128
frame00045 0.229935 428.696228 350.519836 522.063843 389.989685
frame00045 0.206583 636.509644 355.854614 750.130371 396.357574
frame00045 0.332031 719.736877 354.575897 803.663696 387.960754
frame00045 0.346081 956.147156 353.757385 1071.409180 388.409729
frame00045 0.337050 1116.430542 360.293152 1238.081787 393.908142
frame00046 0.243257 426.155762 349.787170 521.063782 389.290070
frame00046 0.216085 633.011292 355.133179 748.612549 396.326904
frame00046 0.320426 720.163086 354.105957 804.442261 387.624664
frame00046 0.350223 954.907776 353.537262 1069.450806 387.860870
frame00046 0.340700 1117.014526 360.003571 1237.801392 393.852539
frame00047 0.214344 421.632568 348.266479 516.731506 388.046753
frame00047 0.218482 635.976379 354.980286 752.148438 396.766876
frame00047 0.326828 719.072876 354.406708 804.193115 387.965729
frame00047 0.355681 956.377441 353.654633 1070.708008 387.770599
frame00047 0.331176 1119.359619 359.444305 1238.176025 393.473358
frame00048 0.201812 422.507019 349.482635 513.908325 387.377472
frame00048 0.208062 635.541687 355.326721 750.272827 396.581299
frame00048 0.331003 720.707886 354.512360 805.432739 388.014008
frame00048 0.345876 956.769775 353.468048 1072.281250 388.138184
frame00048 0.341051 1117.283813 359.627014 1238.058105 394.154297
frame00049 0.217451 635.698364 354.830811 751.103821 397.106537
frame00049 0.326670 723.768005 354.908997 806.874695 388.165985
frame00049 0.348842 955.992920 353.245239 1070.110474 387.020050
frame00049 0.338454 1118.361328 358.710052 1237.420166 393.692932
frame00050 0.200318 420.701874 348.875793 514.598328 387.628265
frame00050 0.212089 635.112305 355.081085 751.457520 396.958649
frame00050 0.326164 720.613281 354.648529 804.816162 387.949890
frame00050 0.350440 954.854431 353.872162 1069.658081 387.843506
frame00050 0.344855 1117.238647 359.768158 1238.195312 394.116669
frame00051 0.219190 420.995300 349.490540 511.882965 387.551300
frame00051 0.201246 637.089600 355.572266 749.871948 396.490662
frame00051 0.339498 719.033936 354.824799 804.405029 388.330353
frame00051 0.342143 956.615723 353.355255 1071.160767 388.222504
frame00051 0.332904 1120.338623 359.496338 1238.484619 394.217773
frame00052 0.217989 636.269043 356.328827 749.415771 396.437927
frame00052 0.326709 721.240540 355.224945 804.467285 387.839661
frame00052 0.333347 957.968018 354.057922 1071.103516 387.761108
frame00052 0.336970 1118.190430 359.985504 1237.811890 394.058533
frame00053 0.245322 424.622833 352.477722 518.581604 391.432220
frame00053 0.203218 637.231934 356.164032 751.324341 396.636627
frame00053 0.335027 717.747803 354.338959 803.518555 388.324310
frame00053 0.341824 955.358276 353.830627 1071.536621 388.607788
frame00053 0.335289 1117.873779 360.479187 1238.050293 394.115204
frame00054 0.220140 420.410431 349.996033 515.869690 389.001282
frame00054 0.218018 635.543884 355.563232 751.127563 396.708984
frame00054 0.322464 720.850952 354.581024 804.663574 387.701294
frame00054 0.349119 954.247559 353.747772 1070.299072 387.951965
frame00054 0.338687 1116.943359 359.599731 1238.160889 394.169159
frame00055 0.215243 419.630127 350.083771 515.431580 389.657990
frame00055 0.235337 638.323242 355.896973 755.803833 397.476929
frame00055 0.313668 717.274902 354.358307 803.127747 388.218170
frame00055 0.357074 955.625122 353.996735 1070.181885 387.816254
frame00055 0.331113 1117.953125 359.580811 1238.131226 394.109619
frame00056 0.222352 414.205078 348.818054 511.901093 388.462067
frame00056 0.209730 633.293335 354.371307 752.963379 397.239014
frame00056 0.337365 719.221313 354.400696 806.856995 388.345459
frame00056 0.338548 959.219238 353.706696 1074.036865 387.541138
frame00056 0.333711 1119.337524 359.876038 1236.838135 393.341095
frame00057 0.208074 419.588440 350.387665 515.175415 389.425049
frame00057 0.227763 636.501831 355.800079 753.944092 397.094696
frame00057 0.317085 719.948853 354.660309 805.376282 388.020020
frame00057 0.339539 955.092773 354.125031 1069.156006 387.623627
frame00057 0.340567 1117.503662 360.040802 1238.271606 394.205902
frame00058 0.230158 420.656799 351.044800 518.317932 390.878845
frame00058 0.213681 633.543884 355.623962 750.159424 396.625549
frame00058 0.334986 718.586365 354.368317 805.307983 387.938538
frame00058 0.331223 956.525574 353.418518 1072.521851 388.035980
frame00058 0.339664 1118.202881 359.987000 1238.993896 394.214996
frame00059 0.252075 418.543091 351.675568 518.040649 392.114075
frame00059 0.219793 636.225586 355.682190 754.873962 397.087433
frame00059 0.323869 715.545593 354.122375 803.915466 388.196106
frame00059 0.346671 956.192383 354.064148 1071.604126 388.337524
frame00059 0.330300 1117.854614 360.173248 1237.352173 393.854675
frame00060 0.253589 419.333344 351.860596 519.043823 392.717041
frame00060 0.223865 637.509949 355.670013 756.765869 397.405945
frame00060 0.323980 715.418640 353.841797 804.704346 388.468628
frame00060 0.349246 955.358521 353.767334 1072.324951 388.570557
frame00060 0.334313 1117.156250 359.877411 1238.227539 394.271393
frame00061 0.288286 421.402283 354.175812 524.576965 396.045380
frame00061 0.207727 636.805786 355.714569 754.358276 396.427734
frame00061 0.339004 715.037231 353.688171 804.843445 388.057709
frame00061 0.351942 954.353577 354.128326 1073.173584 389.516479
frame00061 0.332043 1117.274902 360.546234 1238.587402 394.287720
frame00062 0.297123 419.211884 354.157990 523.680298 395.834656
frame00062 0.341498 715.452881 353.440613 805.668823 387.971222
frame00062 0.361961 954.324036 353.856537 1074.684326 389.445709
frame00062 0.325745 1117.744873 360.435150 1237.594604 393.767151
frame00063 0.282932 415.292999 353.461823 520.338989 395.363312
frame00063 0.212811 635.488647 354.834106 758.150879 397.151398
frame00063 0.332631 713.292725 353.215179 806.379700 388.568573
frame00063 0.345035 956.409424 353.835358 1074.760986 388.898346
frame00063 0.325144 1119.280151 360.281281 1238.123535 393.679779
frame00064 0.275270 417.203217 354.376709 521.088013 395.464508
frame00064 0.201716 632.811829 355.377289 751.759094 396.478607
frame00064 0.331012 716.842529 353.871033 805.556946 387.759674
frame00064 0.334139 954.374329 354.033905 1072.049927 388.899292
frame00064 0.332113 1119.257202 360.711487 1238.348145 394.012421
frame00065 0.276326 412.703400 353.250793 518.081665 394.578949
frame00065 0.207870 631.253784 354.628296 753.140137 396.957184
frame00065 0.326880 718.208923 353.704315 807.799805 387.702972
frame00065 0.342250 956.548157 353.861664 1073.999512 388.226807
frame00065 0.326603 1118.241577 360.249207 1236.258667 393.452209
frame00066 0.280083 410.035980 351.769470 520.111633 394.751221
frame00066 0.213683 632.091797 353.656891 757.685852 397.106873
frame00066 0.329577 717.329346 353.284637 807.469116 387.775452
frame00066 0.326990 956.050720 354.006134 1072.181152 387.599731
frame00066 0.342139 1115.294434 360.769684 1236.971802 394.298584
frame00067 0.312488 409.658447 353.840729 523.181824 397.874084
frame00067 0.212306 633.591919 354.359924 756.760559 396.959290
frame00067 0.323333 716.091003 353.197998 806.290283 387.613190
frame00067 0.353074 951.972290 354.151489 1070.929199 388.657227
frame00067 0.334910 1117.503540 360.398712 1238.568604 394.551788
frame00068 0.340188 407.091370 353.842224 524.409241 399.284119
frame00068 0.214508 631.865662 353.525848 759.352966 397.304382
frame00068 0.322025 714.006287 352.528564 808.556274 388.109161
frame00068 0.341077 954.078735 354.099152 1074.098267 388.936005
frame00068 0.332708 1117.623047 360.500214 1238.325562 394.632690
frame00069 0.325648 404.465790 353.702484 522.068420 398.856934
frame00069 0.216804 631.790527 353.654144 760.499573 397.879181
frame00069 0.317762 714.901794 352.843597 808.029724 388.066986
frame00069 0.348047 953.441101 354.251495 1072.008789 388.347809
frame00069 0.326042 1117.625488 360.283356 1236.813354 393.873474
frame00070 0.339771 401.644836 353.986420 523.396729 400.174377
frame00070 0.205395 628.826904 353.113190 758.842773 397.501190
frame00070 0.323745 717.196106 353.028351 810.791870 387.781555
frame00070 0.343289 951.956421 354.488312 1071.195312 388.230957
frame00070 0.325681 1119.404175 360.634277 1236.887695 393.830780
frame00071 0.261951 398.195648 351.145203 510.541077 394.399658
frame00071 0.234997 629.751953 353.220093 758.046997 398.167053
frame00071 0.309281 719.538513 353.787231 810.546936 388.025085
frame00071 0.336188 956.595337 354.044861 1071.942139 386.714661
frame00071 0.331298 1120.069580 359.504517 1237.242554 393.527771
frame00072 0.297991 392.353882 350.652130 514.602539 397.474487
frame00072 0.241362 627.635071 352.267761 760.561646 398.796082
frame00072 0.303558 717.837219 353.163025 811.332275 388.017853
frame00072 0.342189 955.656799 354.084290 1073.591797 387.053925
frame00072 0.331342 1116.928589 359.248810 1236.558228 394.064911
frame00073 0.238700 393.676025 350.589294 510.395538 395.851013
frame00073 0.227841 629.743042 352.695862 760.070190 398.991089
frame00073 0.316146 721.727661 353.958832 811.361328 387.958710
frame00073 0.346822 955.658447 354.502930 1071.616455 386.939209
frame00073 0.331767 1117.225464 359.758850 1235.034668 393.688538
frame00074 0.306737 389.603119 352.993927 512.548157 399.173859
frame00074 0.226980 627.248657 352.343689 760.375488 398.642822
frame00074 0.302878 719.106750 353.269440 811.746826 387.742035
frame00074 0.345760 956.233826 354.708496 1073.140747 387.020844
frame00074 0.330680 1117.930542 360.170898 1235.064331 393.709656
frame00075 0.303142 388.768921 351.749084 513.199219 399.293732
frame00075 0.221080 628.062439 352.041962 761.217041 398.847992
frame00075 0.311368 718.591309 353.259369 811.179077 388.006714
frame00075 0.351330 954.119873 354.400391 1072.307251 387.348663
frame00075 0.326158 1119.024414 359.727966 1235.914917 394.005432
frame00076 0.317892 386.539764 353.187500 510.215698 399.931213
frame00076 0.256840 627.221008 352.175659 761.988892 398.932037
frame00076 0.282953 717.217529 352.641235 812.352600 387.937378
frame00076 0.340367 955.914978 354.378571 1072.395752 386.691498
frame00076 0.327346 1118.567871 359.444519 1235.263062 394.081665
frame00077 0.291185 388.298645 353.392303 508.301453 399.439514
frame00077 0.233979 627.771667 352.377472 760.705811 398.828308
frame00077 0.297491 720.960815 353.494568 813.336792 387.883850
frame00077 0.331326 955.725464 354.783173 1070.550659 386.517609
frame00077 0.324728 1118.411743 360.155914 1232.988647 393.654602
frame00078 0.284577 381.923279 351.688660 503.392029 398.325287
frame00078 0.242655 627.868774 351.925171 760.680054 399.502594
frame00078 0.289377 722.117188 353.852234 812.289551 387.882050
frame00078 0.333382 955.557312 354.650238 1068.746704 385.844421
frame00078 0.330013 1116.917236 359.459045 1232.438843 393.934418
frame00079 0.278841 382.308502 352.827393 501.576172 398.527863
frame00079 0.226680 626.526978 352.370331 757.930298 399.069946
frame00079 0.297834 723.464966 354.203735 814.233521 387.902069
frame00079 0.323602 958.676086 354.609497 1072.986816 386.063904
frame00079 0.326439 1118.582031 359.699799 1232.869629 393.803955
frame00080 0.276727 377.659607 351.476471 497.240662 397.999939
frame00080 0.228562 629.082581 351.672607 761.920227 399.794708
frame00080 0.303452 723.095642 353.942719 815.541748 388.475159
frame00080 0.351354 957.210571 354.365265 1074.528564 386.420013
frame00080 0.312355 1118.960327 358.809479 1231.823853 393.217346
frame00081 0.288441 378.259277 352.561554 499.157043 398.895721
frame00081 0.225681 625.192261 351.892212 756.423340 398.981598
frame00081 0.292500 726.643616 354.404480 815.806030 387.642670
frame00081 0.330868 957.771912 354.650574 1071.334229 385.573212
frame00081 0.320271 1118.067139 359.520966 1230.136230 393.189789
frame00082 0.301111 377.339233 352.995789 501.054077 401.189026
frame00082 0.231921 624.930115 351.280426 759.981567 399.627686
frame00082 0.288993 724.165344 353.572754 816.257935 388.018127
frame00082 0.336446 956.829956 354.469177 1071.521729 385.762695
frame00082 0.325832 1117.046997 359.628876 1230.685181 393.566284
frame00083 0.231468 377.887512 352.433929 494.149109 398.222717
frame00083 0.255010 625.690369 352.578613 756.395508 399.981689
frame00083 0.275666 725.231873 354.530518 815.690857 388.175629
frame00083 0.319438 959.252075 354.500671 1071.969482 385.569489
frame00083 0.326047 1119.480957 359.157867 1233.195312 393.915710
frame00084 0.288414 374.629242 353.573120 495.091431 400.612366
frame00084 0.250951 626.523682 351.814087 760.597046 399.979584
frame00084 0.275887 723.698364 353.752777 816.758972 388.225983
frame00084 0.329945 958.172241 354.347565 1072.611328 385.524292
frame00084 0.324783 1118.940552 359.044800 1232.166626 393.468170
frame00085 0.288769 372.568359 352.896729 499.168549 402.531769
frame00085 0.247921 625.894287 351.833069 757.647217 399.918854
frame00085 0.272393 727.185059 354.263885 814.882324 387.273254
frame00085 0.339616 954.204407 354.627319 1066.395508 385.495850
frame00085 0.330274 1117.585938 359.019135 1231.802490 394.336365
frame00086 0.330303 368.358795 352.926392 497.157013 403.595947
frame00086 0.237453 622.580017 350.289490 758.425964 399.574829
frame00086 0.279504 725.725830 353.323883 818.394470 387.777954
frame00086 0.318722 958.892456 354.126770 1070.166870 384.881622
frame00086 0.315787 1117.929199 359.559601 1227.305420 393.177673
frame00087 0.348689 366.767853 353.461792 497.793152 404.386383
frame00087 0.237516 621.640381 350.251251 758.385254 399.896973
frame00087 0.270564 724.396851 353.325043 817.761230 387.662720
frame00087 0.322582 959.469238 354.037811 1071.387817 384.898071
frame00087 0.324023 1117.661011 359.395782 1228.926270 393.784210
frame00088 0.341398 365.360046 351.690033 498.056030 403.386475
frame00088 0.244696 622.214966 350.160980 759.991333 400.159485
frame00088 0.267720 724.176270 353.674194 817.139954 387.807770
frame00088 0.335573 959.012146 354.501068 1071.506470 384.869019
frame00088 0.319847 1117.641602 359.405914 1229.229492 393.484985
frame00089 0.360987 361.514465 352.843170 496.637543 404.966705
frame00089 0.242609 620.458008 349.964111 757.186951 400.297028
frame00089 0.277302 725.068054 353.354523 818.529968 387.591949
frame00089 0.337417 956.655884 353.970825 1070.741699 385.183319
frame00089 0.324262 1117.590820 358.734650 1229.146240 393.939392
frame00090 0.356527 359.117065 352.461060 495.210632 405.082916
frame00090 0.248494 622.748169 350.309875 756.650024 399.722198
frame00090 0.268922 726.057861 354.030396 817.066162 387.318359
frame00090 0.326897 958.271362 354.106659 1069.096924 384.684937
frame00090 0.322524 1117.719482 358.477783 1228.867798 394.022125
frame00091 0.360660 355.630768 352.367737 491.056854 404.296234
frame00091 0.258904 620.999878 349.982880 756.548157 400.024872
frame00091 0.266876 724.057556 353.493164 818.325134 387.641815
frame00091 0.326501 959.214966 353.517822 1072.019043 384.522217
frame00091 0.317277 1118.438110 358.049530 1228.937012 393.714325
frame00092 0.380391 354.152222 352.449066 490.884338 404.484894
frame00092 0.271233 621.218994 349.777985 759.626160 400.567871
frame00092 0.257007 722.079529 353.326630 819.141174 388.075134
frame00092 0.323792 958.725830 353.412903 1072.244995 384.368011
frame00092 0.326735 1116.410034 357.969940 1229.638550 394.366425
frame00093 0.366601 349.969788 351.287323 487.201477 404.317047
frame00093 0.263799 623.053345 349.531891 758.330322 400.361786
frame00093 0.260373 725.647827 354.039093 818.568359 387.700897
frame00093 0.320828 957.845581 353.839661 1068.189209 384.235291
frame00093 0.327712 1117.374634 358.213013 1229.206177 394.640137
frame00094 0.388602 344.442596 351.880981 482.500000 404.866791
frame00094 0.246661 621.951233 349.215668 757.512146 400.820099
frame00094 0.274526 725.151001 353.844788 820.739990 388.443054
frame00094 0.324725 960.348633 353.265076 1072.799072 384.524689
frame00094 0.317355 1117.499146 357.871094 1226.667969 394.372223
frame00095 0.389983 341.217529 352.770081 480.896332 406.739716
frame00095 0.242897 622.905762 350.073029 754.953918 400.631256
frame00095 0.273839 724.597046 354.109833 819.054688 388.569824
frame00095 0.327986 960.434204 352.961853 1073.876587 385.067932
frame00095 0.310396 1120.404785 357.479614 1228.293091 394.720947
frame00096 0.385295 339.669556 352.383636 479.836273 407.278900
frame00096 0.271984 623.262390 349.815918 757.056824 401.055664
frame00096 0.254865 725.454773 353.767151 820.207886 388.580688
frame00096 0.332474 959.474792 352.862671 1072.070801 384.624054
frame00096 0.312509 1118.247559 357.240112 1227.006714 394.495941
frame00097 0.377520 336.987122 352.160645 477.059204 406.942352
frame00097 0.269248 621.959717 349.835571 754.406250 401.243805
frame00097 0.255527 726.649902 354.244629 819.653320 388.343170
frame00097 0.331381 960.546021 353.328186 1071.638306 384.559540
frame00097 0.321226 1117.713379 357.477600 1227.327637 395.048462
frame00098 0.389222 333.023224 350.526001 475.279388 406.763641
frame00098 0.261696 620.736572 349.188629 752.053223 401.257080
frame00098 0.260563 726.604858 353.906250 819.960083 388.411041
frame00098 0.343962 957.719360 352.215973 1072.479492 384.747253
frame00098 0.319751 1120.426270 356.433441 1229.470459 395.311890
frame00099 0.410423 329.560394 351.223145 470.120392 406.373810
frame00099 0.260870 621.501587 349.200226 752.946106 401.393951
frame00099 0.262627 724.847290 354.052887 821.039429 389.102386
frame00099 0.326480 958.218323 352.035095 1072.402710 385.125916
frame00099 0.314643 1120.392944 356.011719 1228.914673 395.932404
frame00100 0.405039 323.154449 350.654388 469.611511 408.867065
frame00100 0.271739 619.572693 349.144379 752.149414 401.850952
frame00100 0.262281 725.136047 354.083466 821.259521 389.009064
frame00100 0.328144 961.364014 352.243347 1075.295898 385.185181
frame00100 0.311881 1120.815918 355.803833 1228.332275 395.728485
frame00101 0.412015 322.519226 351.641907 469.054871 409.254456
frame00101 0.278011 621.126038 349.179321 754.152466 401.502228
frame00101 0.251444 724.864502 353.891785 821.157959 389.047943
frame00101 0.327954 960.665649 352.299957 1073.294922 384.941620
frame00101 0.308543 1120.794189 356.217590 1227.378052 395.519867
frame00102 0.424210 315.361145 350.658264 468.351562 411.333618
frame00102 0.284083 621.307678 349.180603 754.687012 402.270508
frame00102 0.260059 724.916870 354.170593 821.552246 389.509674
frame00102 0.329939 959.558960 352.230103 1074.033936 385.549652
frame00102 0.313485 1118.126465 355.338501 1227.555664 396.557434
frame00103 0.434294 312.482483 352.126892 465.141602 412.638031
frame00103 0.271485 620.772278 348.900238 752.932434 401.733978
frame00103 0.262158 723.505554 353.619690 821.881226 389.707275
frame00103 0.327091 959.793823 351.492554 1075.936523 385.862762
frame00103 0.315796 1120.141602 355.131348 1228.769287 396.946503
frame00104 0.405541 308.769592 350.894592 463.126678 412.117340
frame00104 0.277089 621.783691 349.709534 752.687927 401.903931
frame00104 0.271337 723.877014 354.539368 821.242004 389.665161
frame00104 0.327897 959.522949 352.122375 1076.690552 386.194763
frame00104 0.320614 1118.696167 355.117126 1229.838257 397.761902
frame00105 0.377961 307.119629 349.598083 463.986633 412.128143
frame00105 0.283638 623.224731 349.893616 754.697327 402.238739
frame00105 0.277936 723.861755 354.699280 819.808105 389.349670
frame00105 0.342247 959.242004 352.347931 1074.991577 385.702179
frame00105 0.314062 1119.035645 354.891907 1229.435425 397.099640
frame00106 0.371403 302.670319 350.663300 461.042236 415.158447
frame00106 0.273962 623.237244 349.977295 751.804688 401.794830
frame00106 0.284125 722.095337 354.628235 819.659546 389.786774
frame00106 0.337220 959.050781 351.995483 1075.374146 386.821228
frame00106 0.313273 1123.137451 354.706207 1232.414795 398.284607
frame00107 0.347283 302.660431 348.943146 460.910004 414.127136
frame00107 0.277177 623.726074 349.467255 753.390808 402.087494
frame00107 0.289529 723.111023 354.464447 820.814453 389.585876
frame00107 0.352173 959.290222 351.799042 1076.710083 386.481262
frame00107 0.314999 1121.483032 354.230713 1231.737183 397.838287
frame00108 0.322014 300.326019 349.015015 459.113708 415.266693
frame00108 0.295348 623.669678 349.174591 756.481445 402.549286
frame00108 0.285548 719.105347 353.806244 820.463562 389.929047
frame00108 0.348991 959.938660 351.473999 1075.350830 386.025452
frame00108 0.323861 1120.245483 353.872711 1232.630493 398.541931
frame00109 0.304633 287.710205 343.073181 422.031189 419.939331
frame00109 0.293030 623.326111 349.779816 755.118713 402.333191
frame00109 0.302294 719.915100 354.199615 820.660645 389.787811
frame00109 0.325630 962.899292 351.378204 1075.042236 385.186340
frame00109 0.321832 1120.236572 354.196472 1231.127197 397.940765
frame00110 0.354406 286.076172 343.733337 427.119629 421.422363
frame00110 0.277941 623.081055 349.910095 753.062622 402.216949
frame00110 0.303294 721.182861 354.639313 820.901978 389.390869
frame00110 0.339925 962.459656 351.448547 1074.074341 384.969482
frame00110 0.322222 1123.105713 354.261139 1232.918823 398.006287
frame00111 0.403664 281.882904 346.553955 425.073792 423.082428
frame00111 0.270673 624.656494 350.356689 752.510071 401.715302
frame00111 0.314158 720.698547 354.349701 820.734985 389.767334
frame00111 0.338937 962.352234 350.319550 1073.941895 384.832153
frame00111 0.323102 1124.274414 353.584229 1234.546631 398.208313
frame00112 0.428115 274.055725 342.840393 426.062927 423.215851
frame00112 0.273410 624.876160 349.236206 755.627686 402.326508
frame00112 0.308604 720.059753 353.973785 819.967407 389.511627
frame00112 0.354690 959.765381 349.910400 1072.400391 384.533661
frame00112 0.328381 1122.915649 352.634216 1236.193359 398.225952
frame00113 0.469746 266.813416 343.306458 425.703979 425.720978
frame00113 0.256524 625.551636 348.789246 755.162354 401.757233
frame00113 0.316320 722.042236 353.928802 818.893127 388.970123
frame00113 0.359257 961.295410 350.256378 1070.572388 383.954956
frame00113 0.322357 1119.664429 353.208466 1232.409790 397.416809
frame00114 0.478213 261.036957 343.299835 421.786255 426.429779
frame00114 0.257769 626.006226 348.536743 756.305908 401.512054
frame00114 0.321120 721.897705 353.703186 818.503906 389.147705
frame00114 0.342824 962.625427 350.186798 1069.320801 383.611603
frame00114 0.328119 1117.257568 353.800720 1231.697021 397.486908
frame00115 0.506646 254.978790 344.017059 423.339478 427.949310
frame00115 0.244427 622.802795 348.345398 754.365906 401.000885
frame00115 0.329915 720.312988 353.225433 819.874390 389.206085
frame00115 0.343554 963.431885 349.609161 1072.389160 383.546631
frame00115 0.314247 1117.231689 353.569122 1230.826904 396.768036
frame00116 0.509925 250.606613 343.569824 424.658813 430.257599
frame00116 0.252404 625.063232 348.010681 760.402771 401.824432
frame00116 0.325924 714.652954 352.911591 817.689148 389.938690
frame00116 0.361903 963.865479 349.612274 1072.455933 383.550598
frame00116 0.309420 1118.740112 353.518066 1232.429810 396.216431
frame00117 0.503251 249.216705 345.524658 422.977234 430.289154
frame00117 0.263754 624.473206 348.966278 758.532837 401.020081
frame00117 0.322065 717.117798 353.046753 819.143066 389.494720
frame00117 0.335840 964.785889 349.321808 1071.570923 382.819977
frame00117 0.313411 1117.049072 353.644043 1232.099121 395.622314
frame00118 0.519202 242.812378 345.138702 425.651520 433.302277
frame00118 0.248675 620.971924 348.534271 753.256897 400.316528
frame00118 0.325588 718.810181 353.213806 818.393005 388.696045
frame00118 0.353301 961.573181 349.150940 1068.774414 382.212860
frame00118 0.315064 1117.960327 353.799622 1233.243530 395.132782
frame00119 0.533744 239.708160 346.261200 423.064880 434.308655
frame00119 0.263439 624.129517 348.553986 758.726685 400.877380
frame00119 0.317285 715.950684 352.499115 818.602966 389.498962
frame00119 0.354923 962.900452 348.895416 1070.736816 382.432159
frame00119 0.311611 1115.179565 353.409332 1232.935669 395.650208
frame00120 0.523318 232.308289 347.146301 413.455200 432.377960
frame00120 0.251220 622.755188 348.751587 758.423340 400.343475
frame00120 0.319373 717.196777 352.623505 817.644043 388.870392
frame00120 0.341265 963.135254 349.312531 1069.516357 381.644012
frame00120 0.315185 1114.606201 354.161591 1233.411743 395.320496
frame00121 0.508918 230.040405 349.587250 409.382660 435.476044
frame00121 0.248584 622.021973 349.000061 753.684570 399.763672
frame00121 0.317383 718.040649 352.329254 817.371826 388.842987
frame00121 0.342990 963.212402 349.301361 1069.756470 382.003510
frame00121 0.308109 1114.872925 354.795044 1232.533691 394.221741
frame00122 0.502642 219.795822 348.020630 408.474426 436.862427
frame00122 0.226556 622.362488 348.993805 753.223389 399.775360
frame00122 0.320690 721.425476 353.244812 816.068726 388.242371
frame00122 0.353219 962.275940 350.155121 1066.932129 381.726135
frame00122 0.307021 1115.638672 355.808472 1232.202026 394.216187
frame00123 0.487761 210.595718 348.807434 404.004150 438.645538
frame00123 0.224439 620.435242 348.259003 754.560425 400.001251
frame00123 0.324135 720.344238 352.304108 816.986816 388.352234
frame00123 0.350454 962.751160 349.931000 1068.855469 381.500549
frame00123 0.307363 1114.438232 356.259827 1231.903687 393.782135
frame00124 0.498061 204.065933 349.136017 400.364410 438.409943
frame00124 0.241524 619.393066 348.321869 759.766907 401.163635
frame00124 0.311569 718.170532 352.003296 818.343445 389.023163
frame00124 0.347822 963.910828 349.933319 1070.982788 380.666687
frame00124 0.310927 1111.690796 356.109375 1232.643677 393.886902
frame00125 0.495664 196.609726 349.486908 396.140747 437.143219
frame00125 0.242994 620.179321 348.812286 758.975830 400.299133
frame00125 0.305928 719.643860 352.561951 817.256592 388.446899
frame00125 0.346521 960.339966 350.916656 1067.046021 380.609161
frame00125 0.311196 1110.855957 356.901825 1232.632080 393.816986
frame00126 0.488518 189.376343 349.519836 387.738708 436.818085
frame00126 0.227926 618.615601 348.299225 758.933838 400.814667
frame00126 0.308990 721.583862 352.261292 818.483154 388.430786
frame00126 0.350766 962.008606 350.263580 1067.805542 380.042023
frame00126 0.296747 1112.935059 356.539612 1231.403564 393.135498
frame00127 0.451070 189.100159 349.915497 378.993408 435.272400
frame00127 0.235918 620.238586 348.552277 760.853943 401.365753
frame00127 0.297219 721.382446 352.066162 819.527710 389.020782
frame00127 0.335777 963.538879 350.435516 1069.124878 380.011841
frame00127 0.306409 1113.627808 357.096405 1232.026489 393.211578
frame00128 0.423150 182.562332 348.714752 372.010010 437.081055
frame00128 0.210953 622.614136 348.186401 759.608459 401.749878
frame00128 0.306637 725.407227 352.727692 819.846497 389.094574
frame00128 0.328776 964.189819 350.676910 1065.465454 379.947388
frame00128 0.301326 1115.380981 357.531342 1229.622314 392.350616
frame00129 0.402243 179.705048 348.338593 359.450378 434.918610
frame00129 0.222546 622.457031 348.865845 756.777710 402.064423
frame00129 0.297684 727.630493 352.813873 819.582031 388.835022
frame00129 0.334728 967.027100 351.286591 1069.255493 380.370483
frame00129 0.308770 1114.393311 358.046997 1229.284668 392.070282
frame00129 0.257528 141.088181 367.013641 357.367981 464.588226
frame00130 0.395009 175.670181 346.972412 353.551178 437.598206
frame00130 0.209098 625.632263 348.482452 755.113159 402.231110
frame00130 0.292345 730.702820 352.703918 818.660278 388.661743
frame00130 0.335547 968.489075 351.315094 1067.441528 380.695709
frame00130 0.298166 1117.067139 358.256165 1227.498901 391.978363
frame00131 0.377344 170.197784 346.524078 347.475220 439.656799
frame00131 0.316063 727.961975 352.765411 817.419495 389.835266
frame00131 0.329432 970.385681 350.659698 1071.407837 381.983032
frame00131 0.302366 1118.643799 357.971527 1229.157104 392.629089
frame00132 0.360199 166.911240 345.743683 342.757446 440.837585
frame00132 0.207858 628.168701 349.644531 754.537292 402.942993
frame00132 0.300666 730.711670 352.751312 817.572937 389.428040
frame00132 0.333403 969.731140 350.885406 1068.725586 382.282776
frame00132 0.300369 1119.649414 358.055206 1228.904297 392.649963
frame00133 0.379423 161.408539 344.627563 338.029510 441.677307
frame00133 0.299268 732.554810 352.846649 816.799438 389.348358
frame00133 0.344902 965.768555 350.427551 1064.758423 382.487885
frame00133 0.301410 1120.735840 357.784424 1229.511353 393.209045
frame00134 0.363596 154.497238 345.101044 341.293182 444.077972
frame00134 0.201544 629.705383 350.513275 751.050293 402.303772
frame00134 0.289001 734.445801 353.538330 816.249878 388.782990
frame00134 0.321421 968.682617 351.155884 1066.261841 383.161682
frame00134 0.309715 1118.732788 358.938049 1229.448853 393.873047
frame00135 0.305974 149.862701 343.207214 343.111816 445.917908
frame00135 0.300671 731.114014 353.341370 813.878906 389.755493
frame00135 0.336026 966.562195 350.923798 1068.085327 385.564880
frame00135 0.299713 1121.952881 358.630219 1230.505249 394.649750
frame00135 0.399543 82.817886 353.485687 325.539062 480.127716
frame00136 0.270669 157.266113 340.088776 341.382385 439.277802
frame00136 0.214288 632.475159 349.680450 752.690918 404.172119
frame00136 0.293191 728.226562 352.909668 815.134949 390.341705
frame00136 0.330025 964.607544 351.203430 1073.230957 387.308960
frame00136 0.300755 1121.086426 357.963898 1230.571045 396.137970
frame00136 0.344544 67.785378 355.298370 314.724365 485.480774
frame00137 0.209640 168.791275 335.738373 339.664001 435.012543
frame00137 0.221108 632.889099 348.354919 755.967407 405.000946
frame00137 0.294496 725.795532 352.647888 814.544739 390.925110
frame00137 0.335901 958.631470 350.537476 1073.398926 388.339691
frame00137 0.310648 1121.077393 356.369781 1232.386475 397.487915
frame00137 0.282507 65.081337 358.081421 308.058899 489.802094
frame00138 0.236808 626.587891 345.749237 760.192749 404.798584
frame00138 0.294122 719.574829 352.588287 815.593018 391.431976
frame00138 0.339247 951.270630 348.966736 1079.532227 390.080994
frame00138 0.322085 1124.434692 354.759186 1234.087891 397.492920
frame00138 0.431628 21.187639 354.614807 321.194611 502.413971
frame00139 0.217738 46.554871 348.737518 236.346664 459.723236
frame00139 0.201771 244.556442 325.985687 363.472656 401.424072
frame00139 0.247081 626.159973 343.899292 763.595581 403.839478
frame00139 0.294848 714.299805 352.248016 817.182922 391.825592
frame00139 0.327839 951.451660 348.140930 1082.112305 390.227753
frame00139 0.320853 1128.690430 353.911652 1234.125977 398.058624
frame00139 0.493945 9.970293 356.774170 311.401337 504.969330
frame00140 0.235672 623.409058 343.730438 760.290161 403.910797
frame00140 0.306111 716.452393 352.893555 817.798828 391.422699
frame00140 0.323615 950.745605 348.444580 1083.684204 391.307983
frame00140 0.322592 1127.066772 354.018158 1232.125854 397.722961
frame00140 0.549845 0.645046 354.816101 312.392548 511.313721
frame00141 0.257812 35.531292 346.532349 233.117798 464.292480
frame00141 0.258490 623.665100 344.597839 762.034973 403.683533
frame00141 0.290571 715.721741 353.210114 818.752747 391.433777
frame00141 0.316987 950.582520 348.582153 1080.683838 390.631897
frame00141 0.327966 1125.680176 354.303955 1233.996460 398.093628
frame00141 0.515754 0.000000 352.195374 303.153076 507.695251
frame00142 0.248902 33.173096 347.494202 226.440918 462.900452
frame00142 0.245183 620.779968 344.696075 760.347534 403.494354
frame00142 0.303824 713.202393 353.673828 818.803711 391.393127
frame00142 0.330096 949.699585 348.728760 1082.334595 391.199768
frame00142 0.320525 1129.005615 354.590088 1234.953735 397.236450
frame00142 0.525289 0.000000 353.780579 297.277893 506.351227
frame00143 0.245640 621.473022 343.812714 766.316589 404.645905
frame00143 0.299423 712.491821 353.323700 819.382996 392.014191
frame00143 0.331122 947.005127 348.601562 1083.043823 392.379333
frame00143 0.317927 1127.695801 353.453705 1234.547241 397.215668
frame00143 0.586239 0.000000 353.367615 296.612061 513.927307
frame00144 0.232467 620.072388 342.996613 765.212646 404.164825
frame00144 0.310766 713.030640 353.292236 820.052856 391.895203
frame00144 0.298910 949.945007 349.085175 1082.544678 392.140747
frame00144 0.312442 1129.100220 353.894958 1231.964844 397.228302
frame00144 0.652226 0.000000 352.495422 295.462006 522.286804
frame00145 0.222305 616.654419 343.431732 764.151245 404.600128
frame00145 0.311710 715.855164 354.233795 820.679077 391.727753
frame00145 0.297745 946.170776 349.257721 1081.513062 393.097443
frame00145 0.314404 1127.501953 354.171814 1232.414429 396.947693
frame00145 0.677867 0.000000 351.427582 280.034241 525.706604
frame00146 0.231995 618.163147 344.067932 766.869629 404.165466
frame00146 0.302242 714.715210 354.469635 820.195679 391.238342
frame00146 0.306593 947.075500 349.634583 1081.592529 392.495575
frame00146 0.308736 1128.422363 354.046753 1232.849243 396.332703
frame00146 0.656734 0.000000 351.192688 272.099121 526.177002
frame00147 0.242554 616.279358 342.802917 771.693787 406.027527
frame00147 0.292404 712.452454 353.741943 823.444458 392.515961
frame00147 0.306148 944.763550 348.894806 1084.060425 393.646759
frame00147 0.315078 1128.436890 353.358612 1235.228027 397.920898
frame00147 0.698542 0.000000 347.550079 264.177216 528.599304
frame00148 0.227792 617.316101 342.391479 769.368164 405.474121
frame00148 0.302080 715.576233 353.943451 823.099915 391.851166
frame00148 0.308888 944.867615 348.844543 1083.045776 393.826355
frame00148 0.311123 1127.943115 353.690430 1234.078125 397.522614
frame00148 0.679497 0.000000 347.048950 256.484528 527.097473
frame00149 0.226959 617.122070 342.825562 769.740723 405.873169
frame00149 0.286939 717.445679 353.956665 821.431274 391.908325
frame00149 0.304857 947.497864 349.099579 1082.175415 392.673859
frame00149 0.307054 1127.866577 353.754700 1232.797119 396.789276
frame00149 0.669089 0.000000 350.535522 243.271500 537.193848
frame00150 0.203213 276.298767 321.563721 373.005005 387.169373
frame00150 0.233808 615.528442 342.931549 766.840698 405.091095
frame00150 0.292273 717.925659 354.327972 821.455444 390.801453
frame00150 0.308131 949.827820 348.970276 1082.677856 391.859741
frame00150 0.312996 1128.930664 353.771851 1234.630127 396.309631
frame00150 0.614863 0.000000 353.295197 230.603210 533.717346
frame00151 0.212796 275.082153 319.609528 374.950928 388.963226
frame00151 0.240902 616.062378 342.013397 773.964478 405.985596
frame00151 0.288936 715.822754 354.377197 821.858215 391.190063
frame00151 0.315580 950.182251 349.133392 1083.221924 392.589996
frame00151 0.311621 1124.533936 354.171021 1234.165771 396.682892
frame00151 0.588342 0.000000 351.675781 208.315369 534.384766
frame00152 0.212656 274.323395 323.013489 372.307556 388.065948
frame00152 0.234325 614.127563 343.634399 770.503174 404.310516
frame00152 0.298160 719.453430 355.384674 824.293335 390.574554
frame00152 0.304491 952.579041 348.948151 1084.681396 391.829224
frame00152 0.307736 1124.205078 354.517944 1235.528442 396.207367
frame00152 0.517416 0.000000 354.150604 184.490021 531.113708
frame00153 0.229365 614.857971 342.058258 778.642822 406.379333
frame00153 0.295951 717.097717 355.108551 823.854919 391.454163
frame00153 0.318850 949.080200 349.044312 1084.168579 393.970337
frame00153 0.300895 1122.159546 354.896973 1235.580933 396.932648
frame00153 0.509127 0.000000 352.220154 160.089813 528.177673
frame00154 0.218874 615.824829 343.159576 775.726257 405.018799
frame00154 0.300614 720.443176 356.232239 821.524292 390.277344
frame00154 0.313214 952.024902 350.477539 1080.561401 392.123199
frame00154 0.302634 1122.520752 356.412994 1234.767578 396.154510
frame00154 0.414715 0.000000 367.651459 136.988617 519.196777
frame00155 0.227824 618.979614 345.083618 769.318359 403.203705
frame00155 0.293121 723.592529 356.092773 819.540710 389.795227
frame00155 0.320223 955.503235 350.116089 1082.213257 390.316467
frame00155 0.314279 1120.818604 355.714111 1235.734375 395.693390
frame00155 0.299395 0.000000 381.574921 128.120209 514.209656
frame00156 0.224642 621.036926 346.329132 764.587158 401.446167
frame00156 0.296985 727.184814 355.700775 817.631592 389.478516
frame00156 0.312795 959.136353 350.315216 1080.848877 388.175201
frame00156 0.319596 1117.168457 355.432404 1234.184937 394.668945
frame00156 0.204124 3.143325 399.527008 117.429390 509.931183
frame00157 0.244215 620.916870 349.800262 754.314453 399.561218
frame00157 0.309890 728.048706 355.886047 818.240662 388.770691
frame00157 0.334454 964.085388 351.837341 1082.443848 385.310608
frame00157 0.327946 1117.532715 356.355347 1231.974487 391.903381
frame00158 0.250432 624.061462 350.926422 751.460571 398.310516
frame00158 0.304963 724.431519 355.179138 816.480347 389.330231
frame00158 0.331174 964.282227 351.957397 1080.546387 384.062286
frame00158 0.332263 1122.585571 355.588318 1234.959961 392.243927
frame00159 0.240692 622.793030 351.317169 748.173950 398.542877
frame00159 0.314080 726.436401 355.774353 818.447937 389.700714
frame00159 0.332648 966.329346 351.905853 1082.932251 383.856812
frame00159 0.316492 1124.860352 355.137726 1232.189575 391.564789
frame00160 0.244165 623.751465 351.128265 748.544250 398.475403
frame00160 0.316306 726.919678 355.508057 817.179871 389.396332
frame00160 0.320503 966.172363 351.893066 1080.008423 383.699188
frame00160 0.330658 1121.393555 355.402008 1231.773438 392.511932
