frame00001 0.396167 553.601257 324.652100 656.591248 367.424652
frame00002 0.439288 558.003357 328.197144 651.324158 367.612762
frame00003 0.452024 557.373108 329.381561 652.235718 369.006683
frame00004 0.482241 565.575623 328.808472 661.314697 365.628601
frame00005 0.448171 561.386658 332.127380 655.620056 369.211853
frame00006 0.474008 560.530396 331.264587 660.065979 369.084503
frame00007 0.431440 558.876282 332.071777 654.843628 372.394348
frame00008 0.435267 563.911194 334.010406 656.087402 372.185760
frame00009 0.446926 560.009033 331.183929 658.277222 371.500366
frame00010 0.403406 559.325073 332.511383 656.236267 372.784088
frame00011 0.421385 561.070435 330.621124 656.996155 370.351410
frame00012 0.452275 559.174683 331.397430 650.222534 369.145874
frame00013 0.430218 556.864258 327.769012 653.164429 367.144470
frame00014 0.455726 556.563110 327.413391 649.102844 365.106506
frame00015 0.426301 558.362305 328.047607 650.895325 364.586121
frame00016 0.446847 562.775513 327.522736 655.923584 364.605286
frame00017 0.435509 558.184143 326.825867 652.904968 365.440063
frame00018 0.455671 558.757507 328.577271 647.291138 363.437042
frame00019 0.449434 553.190002 329.673492 648.619324 365.421631
frame00020 0.474396 552.792847 329.431061 645.235901 363.795868
frame00021 0.473752 552.776123 329.356567 644.812134 364.647034
frame00022 0.467985 552.370667 329.859924 637.583862 363.715576
frame00023 0.478934 556.270081 331.318329 636.797424 363.735687
frame00024 0.479013 555.183105 330.823608 635.931458 364.544617
frame00025 0.504075 557.269165 330.792725 637.472473 363.408691
frame00026 0.479887 557.275574 330.188293 642.081421 364.039917
frame00027 0.498464 558.091187 331.421204 636.714233 363.601715
frame00028 0.489698 555.947571 333.073059 634.540161 365.222656
frame00029 0.456053 555.213501 332.400177 638.745483 365.572296
frame00030 0.494542 557.085022 335.019440 637.658630 366.761749
frame00031 0.492933 555.368896 334.430359 638.132263 367.381012
frame00032 0.484430 555.616394 334.598022 637.782471 367.857880
frame00033 0.493015 552.615906 335.321228 630.996155 367.932556
frame00034 0.488066 555.670532 334.878845 634.572510 367.892426
frame00035 0.461784 555.747742 337.154083 636.792786 371.447296
frame00036 0.466742 554.737671 339.817383 632.810547 374.445221
frame00037 0.456775 556.383789 343.139130 632.122742 378.177734
frame00038 0.455434 556.488708 345.619843 629.945801 380.269012
frame00039 0.446085 550.813232 347.195740 624.617798 384.042847
frame00040 0.450258 551.210815 349.216156 619.275269 384.118347
frame00041 0.446785 549.701416 347.987823 620.131714 383.360016
frame00042 0.438463 552.754395 345.860779 627.133667 382.054016
frame00043 0.444724 548.653748 344.703430 622.353333 380.994781
frame00044 0.454139 546.453125 344.949554 620.442627 381.423676
frame00045 0.422465 543.237366 344.690002 616.387451 381.138519
frame00046 0.444985 544.878418 345.970245 614.557617 379.860229
frame00047 0.434840 543.843201 344.955139 616.372437 380.110718
frame00048 0.419316 539.606445 343.603302 612.005798 378.729248
frame00049 0.445529 540.441101 341.810730 616.451172 376.201416
frame00050 0.462316 542.332581 341.436829 618.219238 374.345825
frame00051 0.462700 539.247375 340.415466 618.570862 374.454834
frame00052 0.468650 536.934448 337.561676 619.260437 370.792572
frame00053 0.466453 532.625122 336.785797 610.241333 368.915527
frame00054 0.463091 530.686707 335.108490 610.274902 367.037506
frame00055 0.485868 530.274475 333.085480 611.378357 365.473480
frame00056 0.486243 531.118286 332.513306 612.680115 364.504822
frame00057 0.493303 535.329102 332.293304 617.132019 363.409058
frame00058 0.225660 487.477570 327.202423 592.138672 372.700195
frame00058 0.453356 530.210022 331.967407 613.078064 363.169159
frame00059 0.231453 486.731812 326.922058 593.062256 372.745605
frame00059 0.456987 529.980835 331.367920 614.780640 362.875061
frame00060 0.233657 484.571259 326.322662 593.310669 373.906494
frame00060 0.435990 527.977966 331.284485 617.111145 364.768524
frame00061 0.234365 483.888519 326.814453 594.564697 375.400116
frame00061 0.458362 527.554077 332.061340 618.442688 366.195526
frame00062 0.264391 487.100891 328.377686 594.148254 375.248383
frame00062 0.435978 522.965210 333.361725 609.907166 367.130341
frame00063 0.279996 487.150635 329.243164 592.046265 377.565948
frame00063 0.399068 519.984070 334.380371 608.464722 370.819550
frame00064 0.341284 486.985535 330.550751 590.429932 379.102234
frame00064 0.350672 518.246948 335.468506 608.979187 373.003082
frame00065 0.312912 486.259888 331.842651 589.914490 381.014069
frame00065 0.340952 519.764221 336.458801 611.902832 375.201935
frame00066 0.421771 485.325623 334.691589 581.899048 385.166382
frame00066 0.203224 518.839783 337.774963 614.157227 380.367401
frame00067 0.459563 480.111115 334.630798 576.902222 386.084686
frame00068 0.481336 483.091858 339.038544 571.848877 389.629303
frame00069 0.500084 483.455139 341.058319 566.874878 388.954071
frame00070 0.543127 478.014557 338.683105 568.441406 390.236359
frame00071 0.551755 477.507751 340.671936 565.668274 392.217316
frame00072 0.558766 476.258911 340.611420 562.454712 391.406738
frame00073 0.568957 473.545868 339.827515 566.794373 394.152771
frame00074 0.585790 470.869598 339.809998 562.433472 393.534424
frame00075 0.575748 468.361359 338.650116 560.521790 395.086853
frame00076 0.598184 464.186401 337.562042 557.094971 393.579102
frame00077 0.613004 457.778198 335.199310 559.020203 395.403961
frame00078 0.609167 456.660950 335.846588 553.513123 394.048218
frame00079 0.618905 447.221802 332.937531 555.430664 394.667114
frame00080 0.605780 443.940460 334.237030 550.389465 394.370331
frame00081 0.601833 436.637146 332.936737 548.789917 393.324677
frame00082 0.600545 431.637299 332.925842 543.532288 393.243652
frame00083 0.577867 429.157990 333.210052 543.083130 393.480103
frame00084 0.605910 424.496399 332.146851 541.398315 394.523590
frame00085 0.603056 420.981384 333.008881 538.368530 395.946289
frame00086 0.601173 418.720764 333.872894 536.119446 397.558746
frame00087 0.609619 412.719147 334.401733 533.451416 399.672699
frame00088 0.581027 403.942566 336.065002 528.442322 402.635712
frame00089 0.603058 393.690796 337.930450 525.935974 407.718689
frame00090 0.603477 382.066681 339.703674 520.001282 413.945221
frame00091 0.579335 377.889374 346.330444 513.270996 418.301514
frame00092 0.549803 369.675415 347.977142 506.409119 421.116913
frame00092 0.243644 591.269531 324.646515 727.439575 388.507507
frame00093 0.570382 359.924469 348.123688 499.465637 423.264099
frame00093 0.208126 581.623230 323.827972 726.808167 393.282776
frame00094 0.562538 350.602539 350.775787 493.146393 429.314545
frame00094 0.241132 584.464722 325.538177 720.781738 391.513519
frame00095 0.567252 341.258606 352.256958 485.568298 432.489929
frame00095 0.257981 589.349121 325.193237 721.716248 389.788879
frame00096 0.586924 329.571991 353.197235 472.084106 437.057495
frame00097 0.544322 311.657288 352.726440 465.714417 443.548279
frame00097 0.204789 571.764893 324.632019 725.559021 402.719727
frame00098 0.465795 297.301819 352.484131 451.956635 443.496216
frame00098 0.236368 587.466553 327.551849 723.510681 394.410645
frame00099 0.348983 266.402161 341.317993 465.716278 464.117340
frame00100 0.385172 238.792297 341.782104 459.575165 472.080902
frame00100 0.218593 588.062805 326.072662 723.236328 392.249329
frame00101 0.200098 583.284607 325.345398 713.093262 387.606964
frame00101 0.431672 205.193390 345.282104 430.217041 472.926697
frame00102 0.218569 583.380798 333.573853 703.408936 388.074615
frame00102 0.420311 189.683456 346.297394 420.497498 474.258942
frame00103 0.593309 152.094238 346.237640 416.455963 485.946838
frame00104 0.705409 111.360237 348.475525 400.058167 498.381226
frame00105 0.740259 85.394119 346.650574 374.995789 506.017792
frame00106 0.763568 23.793488 339.824768 374.777649 521.447510
frame00107 0.626352 0.000000 327.147308 362.491608 545.249756
frame00108 0.695193 0.000000 330.403229 320.966797 549.118530
frame00109 0.755651 0.000000 326.396210 299.471893 562.631042
frame00110 0.568136 0.000000 317.876068 243.814270 569.732239
frame00111 0.572832 0.000000 312.563599 200.187805 575.290833
frame00112 0.540867 0.000000 314.658478 127.708168 580.978821
frame00113 0.246062 0.000000 380.406036 87.392654 514.967102
