frame00000 0.247890 771.386719 356.785797 875.567505 392.606964
frame00000 0.496920 893.916504 349.043884 1048.044434 396.070679
frame00000 0.287181 1162.054810 348.003418 1256.878540 396.380798
frame00001 0.244064 774.013000 356.223572 878.968262 393.291351
frame00001 0.506823 892.147522 349.329865 1048.151978 396.338989
frame00001 0.302010 1159.618896 348.290405 1256.898193 397.006989
frame00002 0.247146 774.311157 356.781464 877.661194 392.966766
frame00002 0.501611 892.054138 349.256500 1046.434082 396.726044
frame00002 0.289543 1160.362427 348.069122 1256.202515 396.657684
frame00003 0.241508 773.477539 356.598694 878.903442 393.027039
frame00003 0.500042 892.782471 349.292938 1048.058960 396.384369
frame00003 0.291478 1163.215088 348.000305 1257.797485 396.418549
frame00004 0.238790 777.409546 356.396545 883.045532 393.274445
frame00004 0.493268 891.646118 348.991730 1047.705566 396.203003
frame00004 0.305460 1161.938965 347.965820 1258.094727 397.162506
frame00005 0.256568 776.634033 356.717682 880.537598 393.222748
frame00005 0.498439 893.459717 349.118256 1048.423950 395.927734
frame00005 0.296650 1161.365723 348.599365 1255.895752 396.840759
frame00006 0.256453 775.626099 356.095062 882.681274 393.419983
frame00006 0.510417 889.700684 349.356323 1048.578735 396.858459
frame00006 0.291229 1160.401001 348.337982 1255.906006 397.003448
frame00007 0.265394 773.959839 356.301331 880.461548 393.797668
frame00007 0.503075 891.364014 348.891235 1049.306519 397.115631
frame00007 0.290197 1163.691650 347.912750 1257.836792 397.093994
frame00008 0.243616 776.059204 356.791046 881.646179 393.264801
frame00008 0.498070 892.800903 349.116364 1049.222900 396.594482
frame00008 0.302388 1160.639404 347.936798 1258.069214 397.160095
frame00009 0.244560 777.659607 355.881012 881.798218 393.852600
frame00009 0.500121 894.203369 349.621155 1047.344971 396.551697
frame00009 0.310893 1157.247925 348.735321 1254.922607 397.126495
frame00010 0.249087 775.293579 356.559723 879.044312 393.154816
frame00010 0.512161 892.193726 348.752319 1048.203857 397.355133
frame00010 0.289341 1161.834595 347.118164 1257.374634 396.948608
frame00011 0.241675 779.271851 355.872833 883.248413 392.786713
frame00011 0.492093 893.203430 348.871368 1048.099365 395.868042
frame00011 0.308246 1157.799194 348.308350 1255.082520 396.270233
frame00012 0.226131 776.257690 357.155212 878.239197 392.500946
frame00012 0.501693 893.344055 349.882782 1047.524780 396.563171
frame00012 0.285972 1163.330322 348.493927 1257.749756 396.565125
frame00013 0.232373 775.296936 356.989868 877.916565 392.710114
frame00013 0.524142 892.443115 349.294128 1049.028076 397.651917
frame00013 0.271962 1166.172119 347.586487 1258.031250 396.955231
frame00014 0.251145 776.625305 356.516052 881.451477 393.023346
frame00014 0.494701 892.684082 348.847961 1047.562134 396.418518
frame00014 0.307752 1159.844604 348.029633 1257.580933 396.763092
frame00015 0.242666 776.832336 357.221313 878.915161 392.666992
frame00015 0.500036 891.901367 349.740356 1047.365845 396.318176
frame00015 0.278693 1161.954468 348.220337 1255.853882 396.043640
frame00016 0.231997 778.130188 357.413605 880.504883 392.933289
frame00016 0.499029 892.945862 349.465149 1048.344604 396.729645
frame00016 0.282154 1166.792358 348.160156 1258.377930 396.987793
frame00017 0.239973 778.865417 356.837280 880.567871 392.833893
frame00017 0.496628 893.706543 349.636627 1048.169434 396.177643
frame00017 0.308069 1159.945312 348.758362 1256.612427 396.453918
frame00018 0.255547 780.830688 357.137756 882.413025 393.284424
frame00018 0.504829 893.302917 349.597931 1047.779663 396.909943
frame00018 0.275973 1162.681885 348.724976 1253.461304 396.420227
frame00019 0.252421 777.056519 356.756073 881.091370 393.204834
frame00019 0.503229 892.423767 348.525116 1050.580200 396.738098
frame00019 0.281904 1164.677979 347.815552 1256.530029 397.074982
frame00020 0.243711 778.459106 357.151306 880.300659 392.894196
frame00020 0.492064 893.377563 349.449036 1047.106445 396.494232
frame00020 0.295143 1162.601562 348.254059 1256.700928 396.124603
frame00021 0.236226 780.909302 357.267212 881.177368 392.782806
frame00021 0.505344 892.421021 349.711761 1046.949951 396.668274
frame00021 0.281814 1161.247803 348.587708 1254.058960 396.533997
frame00022 0.250125 779.029419 356.915680 882.760132 392.996826
frame00022 0.494542 889.949707 349.138824 1046.439697 396.150330
frame00022 0.292933 1161.781738 347.937714 1256.004028 395.672913
frame00023 0.267374 777.724243 357.234833 879.308105 392.788483
frame00023 0.485586 892.619995 348.924011 1046.826050 396.197174
frame00023 0.291318 1161.420166 347.849304 1256.203491 395.888519
frame00024 0.260229 777.951904 357.168213 879.776672 392.400146
frame00024 0.496838 892.322327 349.105927 1048.548218 396.013489
frame00024 0.279286 1163.077393 348.169708 1255.411499 395.725037
frame00025 0.259462 779.062256 357.854248 881.111816 393.082458
frame00025 0.496903 891.025146 349.614105 1047.308228 397.230896
frame00025 0.269913 1162.405518 348.006012 1254.108643 395.865814
frame00026 0.239873 777.271423 357.253387 880.790100 392.704834
frame00026 0.492592 893.550354 349.666016 1046.880371 396.512146
frame00026 0.278545 1164.731934 348.277191 1256.993896 396.227448
frame00027 0.241201 775.894043 356.778320 878.630981 392.540588
frame00027 0.494320 893.659668 349.265533 1047.644775 395.919250
frame00027 0.292389 1162.022949 348.340637 1256.397949 395.762329
frame00028 0.253801 775.565247 357.001312 876.695312 392.353699
frame00028 0.491364 894.641602 349.166473 1048.194702 396.018463
frame00028 0.291759 1161.598633 348.352448 1256.474854 395.835815
frame00029 0.249560 775.006226 357.103119 879.519348 393.014435
frame00029 0.494738 892.740601 349.174957 1047.563477 396.602753
frame00029 0.279808 1167.064087 347.932526 1258.272949 396.772644
frame00030 0.264419 775.546387 357.394226 880.955933 393.037048
frame00030 0.480051 893.992615 349.396362 1047.655151 395.905334
frame00030 0.282501 1163.708618 348.393524 1256.871338 395.850891
frame00031 0.256978 773.450073 357.407410 875.639587 392.726135
frame00031 0.488153 894.042969 348.992371 1048.915039 396.049835
frame00031 0.271433 1165.112793 347.870483 1255.918457 395.796295
frame00032 0.258388 773.691956 357.226807 874.109436 392.195099
frame00032 0.486157 894.280640 349.090698 1047.826416 395.774139
frame00032 0.275579 1162.872803 348.098297 1255.142822 395.205994
frame00033 0.230495 777.732056 357.300446 876.562378 392.151245
frame00033 0.484814 894.456421 349.514923 1045.756348 395.049316
frame00033 0.289023 1163.143555 348.089996 1255.930542 395.466797
frame00034 0.254179 775.260498 357.302032 877.146484 392.412811
frame00034 0.484573 893.939758 349.031036 1047.649780 395.548706
frame00034 0.272703 1164.059937 347.871063 1255.173462 395.682190
frame00035 0.246219 776.228271 357.076385 879.028076 392.524628
frame00035 0.478609 893.561401 349.467743 1045.801025 395.806549
frame00035 0.292415 1163.936401 348.489685 1257.482056 396.234039
frame00036 0.246438 778.093140 356.612915 881.553955 392.373505
frame00036 0.481570 893.548035 349.138428 1047.572144 395.454376
frame00036 0.289093 1162.094238 348.299591 1255.630615 395.658051
frame00037 0.240046 777.208862 357.147217 878.069763 392.337311
frame00037 0.492905 892.770264 349.305695 1047.400879 395.977173
frame00037 0.276554 1162.873413 348.073151 1255.077881 395.512970
frame00038 0.247527 775.777100 356.895294 878.789368 392.213501
frame00038 0.489959 894.847168 349.206329 1048.863647 395.864471
frame00038 0.277575 1163.614990 348.172760 1256.173218 395.742615
frame00039 0.247665 777.590393 357.175110 878.512939 392.620331
frame00039 0.490449 892.955688 349.701111 1045.936768 396.166229
frame00039 0.277942 1163.093506 348.867920 1254.660889 395.694397
frame00040 0.246357 777.398010 357.373749 879.525818 392.673096
frame00040 0.483958 893.564392 349.591461 1046.688965 396.042572
frame00040 0.285425 1161.654541 348.518433 1254.982788 395.802551
frame00041 0.229527 774.286255 356.951599 874.041809 391.798859
frame00041 0.508345 893.140320 349.280548 1047.169312 396.602570
frame00041 0.283919 1164.538696 347.688263 1258.607788 396.520355
frame00042 0.262931 777.471863 357.223389 880.386414 393.007599
frame00042 0.486062 893.629456 349.389923 1047.193115 396.183014
frame00042 0.288468 1162.103149 348.531464 1255.759399 395.675781
frame00043 0.246823 777.222046 356.768188 880.395142 392.614685
frame00043 0.491620 892.792419 348.323090 1049.442017 395.974548
frame00043 0.288045 1163.301636 347.365814 1256.505859 395.816895
frame00044 0.224252 779.610596 357.037567 882.515869 392.420654
frame00044 0.485060 893.163147 349.483002 1045.862549 395.588715
frame00044 0.284477 1162.673340 347.869507 1256.184692 395.618073
frame00045 0.234551 775.461365 357.126648 875.034729 391.729980
frame00045 0.492353 894.876709 349.312225 1046.617554 395.734192
frame00045 0.277062 1163.090088 347.729614 1256.029175 395.411377
frame00046 0.252247 773.068359 357.226654 874.936401 392.365265
frame00046 0.488037 892.550415 349.078674 1046.876465 396.143036
frame00046 0.280670 1162.491943 347.484253 1256.296753 395.325073
frame00047 0.251780 774.999268 357.024506 882.199829 393.185394
frame00047 0.469035 892.561401 348.709290 1046.361816 395.490173
frame00047 0.284537 1165.499878 347.452118 1257.889160 396.274506
frame00048 0.239137 773.698364 357.254669 873.314148 391.781677
frame00048 0.486270 895.661926 349.187531 1046.551025 395.687592
frame00048 0.272571 1164.097656 347.899109 1255.879517 395.639038
frame00049 0.236749 776.783936 357.474304 875.428772 392.337280
frame00049 0.505782 894.699402 349.975433 1047.773315 396.862793
frame00049 0.277601 1165.506836 348.386475 1257.320679 396.558502
frame00050 0.246089 776.126404 357.148193 875.598022 391.931152
frame00050 0.504837 894.613525 348.805115 1049.190430 396.589020
frame00050 0.274544 1164.876343 347.671143 1256.626709 396.216034
frame00051 0.238954 774.614746 356.974274 877.104370 392.247803
frame00051 0.486628 895.031616 349.171356 1048.055298 396.042358
frame00051 0.283940 1164.972046 348.096039 1258.065063 396.208832
frame00052 0.250042 775.693970 357.180817 877.688599 392.450867
frame00052 0.481160 893.791443 349.388977 1045.885254 395.775360
frame00052 0.281346 1159.643799 348.094116 1253.971191 395.170380
frame00053 0.234045 776.080994 357.123566 879.893738 392.595703
frame00053 0.488005 891.755615 349.151825 1045.940430 396.207855
frame00053 0.275184 1163.851440 347.274048 1257.041260 396.348816
frame00054 0.239568 774.930908 357.411621 878.001099 392.593140
frame00054 0.488794 892.587769 349.013062 1047.222656 396.031219
frame00054 0.273921 1165.478394 347.390289 1257.308472 395.750916
frame00055 0.241899 776.616943 356.965576 880.383301 392.673737
frame00055 0.483104 893.035156 348.692078 1047.827148 395.260956
frame00055 0.291825 1163.496216 347.399017 1257.713867 395.981720
frame00056 0.249501 776.736816 357.824158 881.222168 393.099609
frame00056 0.475896 893.258179 349.562531 1047.212891 395.907410
frame00056 0.278892 1163.784668 348.126312 1255.773438 395.952301
frame00057 0.249750 776.961365 357.747406 878.522644 392.470734
frame00057 0.478525 895.125854 349.707581 1047.234497 395.686981
frame00057 0.263993 1162.244629 348.511230 1252.874512 395.147675
frame00058 0.258986 773.526978 357.501617 876.523987 392.842041
frame00058 0.486806 892.610596 349.287720 1046.484619 396.450531
frame00058 0.259457 1164.152466 347.532562 1254.930054 395.731232
frame00059 0.253632 776.709961 357.010315 880.468689 392.797882
frame00059 0.475125 893.378845 348.499023 1047.886230 395.744629
frame00059 0.286781 1163.028198 347.100922 1256.753296 395.865540
frame00060 0.235917 777.028809 357.452423 876.682007 392.278290
frame00060 0.485788 895.347961 349.536774 1046.205322 395.468597
frame00060 0.282024 1162.941528 348.595398 1254.414429 395.779694
frame00061 0.253987 776.834106 357.854736 875.564880 392.592834
frame00061 0.497451 893.767334 349.558319 1046.508301 396.282166
frame00061 0.268641 1163.160156 348.089355 1254.585938 395.387299
frame00062 0.260945 776.562195 357.257843 881.149780 392.992493
frame00062 0.480671 892.683716 348.636536 1048.510254 395.763580
frame00062 0.285094 1164.668945 347.932190 1257.196045 396.019623
frame00063 0.261947 777.308411 357.628876 881.475769 393.187073
frame00063 0.483983 891.624451 349.059723 1048.169067 396.640137
frame00063 0.278115 1162.898926 347.871063 1254.807129 395.959198
frame00064 0.245895 777.046448 357.647278 877.710205 392.342682
frame00064 0.494574 893.233521 349.371765 1047.391968 396.379761
frame00064 0.269719 1163.968994 347.791962 1255.591919 395.836639
frame00065 0.257688 775.138428 357.853577 876.274536 392.687469
frame00065 0.482257 894.483582 349.463928 1047.097412 396.012665
frame00065 0.279369 1163.649780 348.320557 1256.478394 395.940277
frame00066 0.200921 558.191284 347.649506 677.119690 395.350586
frame00066 0.259465 772.331482 357.304871 877.702576 393.128967
frame00066 0.475734 891.983032 348.475647 1047.103516 395.493774
frame00066 0.274978 1164.308472 347.207825 1255.848633 395.806244
frame00067 0.241049 773.006836 357.251007 875.159668 392.201141
frame00067 0.482039 894.432922 349.030548 1045.539917 395.419006
frame00067 0.263043 1164.479004 347.696442 1254.406006 395.020050
frame00068 0.237225 773.321838 357.230835 873.012695 392.049255
frame00068 0.489187 896.466125 349.378052 1047.345459 395.659119
frame00068 0.271782 1164.506958 348.193146 1255.919434 395.891479
frame00069 0.205249 557.910828 347.511963 678.415771 395.954041
frame00069 0.247973 776.299377 357.299622 879.207520 392.936371
frame00069 0.472925 893.356201 349.010895 1045.418701 395.270203
frame00069 0.268855 1162.439331 347.590546 1253.779663 395.346375
frame00070 0.245845 774.472351 357.335571 875.757568 392.548981
frame00070 0.476769 894.989502 349.349060 1045.731079 395.157166
frame00070 0.283710 1163.603027 348.153961 1256.131714 395.536133
frame00071 0.252542 774.501892 356.639160 876.772217 392.288605
frame00071 0.483260 895.130859 348.485962 1047.872192 395.254303
frame00071 0.282746 1164.155518 347.351440 1256.190918 395.076599
frame00072 0.251713 775.529175 356.828003 877.947876 392.517181
frame00072 0.478261 894.290833 348.920868 1046.385986 395.219513
frame00072 0.280002 1162.375000 347.677917 1254.583008 395.106171
frame00073 0.205923 556.423584 347.481049 675.944763 396.558838
frame00073 0.253774 774.607666 357.333008 878.633545 393.372742
frame00073 0.479543 892.338867 348.847229 1046.360107 396.170990
frame00073 0.265839 1165.979980 347.332153 1255.432373 396.083008
frame00074 0.230313 559.745544 349.141357 674.897827 396.563904
frame00074 0.253940 772.145996 357.295959 873.860779 393.056702
frame00074 0.482575 892.349182 348.551788 1045.623413 396.118225
frame00074 0.255964 1165.511108 346.706268 1255.257690 395.890350
frame00075 0.221966 555.889038 348.156677 673.215698 395.878510
frame00075 0.265140 774.500000 357.066589 878.267212 393.122406
frame00075 0.458994 894.237793 348.369904 1045.351318 394.705353
frame00075 0.277373 1161.953247 347.488647 1253.749634 395.406281
frame00076 0.225293 558.922485 348.152405 675.613281 395.504242
frame00076 0.250356 772.668396 356.779053 874.043945 392.285767
frame00076 0.476561 895.238403 348.432251 1045.939087 394.861328
frame00076 0.272950 1163.291870 346.794708 1255.048340 394.810425
frame00077 0.238479 556.653809 348.484039 674.591614 396.420074
frame00077 0.250776 772.488342 356.695404 876.820129 392.933929
frame00077 0.471738 892.835144 348.481079 1045.657593 395.215393
frame00077 0.281027 1163.747559 347.000610 1257.142578 396.064514
frame00078 0.240588 555.503174 348.474457 674.359863 397.003357
frame00078 0.245042 774.729553 356.709015 879.236511 393.249512
frame00078 0.471043 892.843750 348.531250 1045.736694 395.604187
frame00078 0.273926 1163.215820 346.678680 1255.696655 395.757660
frame00079 0.238503 556.648010 348.883331 676.942810 397.553040
frame00079 0.243980 773.368835 356.609894 879.101685 393.268158
frame00079 0.473348 891.328613 348.489227 1045.349609 395.488068
frame00079 0.270058 1165.686157 346.657654 1256.383545 395.430359
frame00080 0.231429 556.338379 348.878448 674.947632 397.212982
frame00080 0.249817 772.570068 356.891998 876.286743 393.130554
frame00080 0.481443 892.043579 348.873718 1046.103271 396.287384
frame00080 0.271742 1163.421387 347.040222 1256.575317 395.876068
frame00081 0.234499 552.856812 348.668518 674.412231 397.883820
frame00081 0.255767 773.863586 356.990356 880.402771 393.962616
frame00081 0.464015 891.586853 348.633270 1044.757324 395.319916
frame00081 0.282833 1163.245605 347.165070 1256.474121 395.583160
frame00082 0.234928 552.841370 347.966400 675.050415 397.102325
frame00082 0.260366 775.249390 356.612457 882.600342 393.483826
frame00082 0.457961 892.294067 348.682220 1045.278809 395.139252
frame00082 0.277144 1161.724487 347.240662 1254.278442 394.993591
frame00083 0.209296 554.134155 348.282959 672.010010 397.124634
frame00083 0.255965 773.924316 357.566803 876.352600 393.644348
frame00083 0.477475 894.347656 348.729156 1046.937256 395.700623
frame00083 0.270934 1166.021606 347.148407 1255.804199 395.394531
frame00084 0.239800 776.606995 357.500854 877.347168 392.918030
frame00084 0.486285 892.184326 349.040009 1045.414307 396.245605
frame00084 0.267262 1163.839600 347.096710 1253.661743 395.512756
frame00085 0.200063 551.548401 346.164581 677.255005 398.021759
frame00085 0.249502 775.864380 356.873474 879.833374 393.476746
frame00085 0.482011 891.570557 348.755341 1044.776123 396.450439
frame00085 0.273709 1165.309326 346.980408 1256.682495 396.127563
frame00086 0.224120 553.801147 347.992035 674.809448 397.798126
frame00086 0.267718 771.794189 356.734711 876.728149 393.643097
frame00086 0.468753 894.239624 348.398163 1047.003418 395.546448
frame00086 0.269045 1163.280273 347.206818 1254.121094 395.226685
frame00087 0.253527 776.133362 356.873322 879.964539 393.253693
frame00087 0.480851 891.465576 348.728699 1046.719727 395.921082
frame00087 0.280404 1164.552124 347.201691 1256.411011 395.989319
frame00088 0.265012 774.046387 357.274841 875.776917 393.141754
frame00088 0.478998 892.986755 349.071350 1045.931519 396.129578
frame00088 0.273721 1163.739258 347.418945 1254.991699 395.434174
frame00089 0.252632 774.321533 357.971497 874.630371 393.346008
frame00089 0.499871 891.538452 349.275421 1045.874268 396.982422
frame00089 0.268065 1167.191162 347.441864 1257.585693 396.466187
frame00090 0.206300 549.602295 347.320282 677.763367 400.711456
frame00090 0.261115 774.588501 356.985535 879.887817 394.166534
frame00090 0.478212 891.675415 348.551697 1046.565918 396.071777
frame00090 0.273649 1167.955444 347.035278 1257.636230 396.102539
frame00091 0.239788 777.057251 357.676819 877.271362 393.211060
frame00091 0.492803 891.432800 349.343048 1045.551147 396.649414
frame00091 0.271467 1164.781738 347.331421 1256.235352 396.110260
frame00092 0.214743 552.112122 348.095642 673.760376 398.642487
frame00092 0.268419 774.789124 357.474976 876.137390 393.362762
frame00092 0.469790 895.649414 348.982483 1046.233398 395.445099
frame00092 0.270925 1163.641602 347.438049 1254.524414 395.169373
frame00093 0.225854 552.298096 349.475067 671.242554 399.133820
frame00093 0.261244 773.422241 357.415283 874.150085 393.330078
frame00093 0.482008 894.425598 348.825623 1047.118164 395.666077
frame00093 0.276670 1164.343750 347.131256 1256.461670 395.431030
frame00094 0.216485 550.917908 349.829559 670.704895 399.721924
frame00094 0.270300 773.241272 357.756592 874.545593 393.688599
frame00094 0.474056 893.153809 348.885742 1045.125488 395.637726
frame00094 0.278454 1164.416138 347.438049 1256.917236 395.200928
frame00095 0.206707 551.174133 349.779449 670.786682 399.751953
frame00095 0.243295 775.352783 358.050018 874.087646 393.274231
frame00095 0.484621 893.178772 349.594574 1045.099609 396.572449
frame00095 0.271634 1165.760010 347.804626 1257.238281 396.127686
frame00096 0.244708 778.322205 357.483368 880.155090 393.640137
frame00096 0.485472 890.830933 349.070587 1045.454346 396.446533
frame00096 0.276147 1165.299072 347.263763 1255.897461 395.966156
frame00097 0.205112 547.075134 346.832001 673.584351 399.747345
frame00097 0.248462 776.909668 357.113556 877.441711 393.452301
frame00097 0.483039 892.689575 349.583221 1045.275146 396.318604
frame00097 0.277404 1163.011230 347.914429 1255.483887 395.785309
frame00098 0.216965 548.565430 349.204926 671.965088 400.883545
frame00098 0.262376 775.592529 357.621002 876.796387 393.982819
frame00098 0.473513 892.521057 349.155548 1045.571777 396.214874
frame00098 0.272088 1162.750854 347.418457 1255.010986 395.544281
frame00099 0.246869 778.029846 357.843964 877.555481 393.299805
frame00099 0.479483 893.900269 349.905182 1045.510498 396.554047
frame00099 0.270602 1164.252197 348.122162 1255.685059 395.950195
frame00100 0.242056 780.338074 358.322418 877.878174 393.433167
frame00100 0.499095 890.874329 350.285004 1044.421265 397.586304
frame00100 0.251799 1165.468750 347.828308 1254.843994 396.224030
frame00101 0.205079 545.197815 347.416382 671.095581 400.356567
frame00101 0.285922 775.073547 357.508240 877.593079 394.237122
frame00101 0.480922 891.880371 349.069031 1046.746704 396.559143
frame00101 0.271109 1163.457153 347.159973 1255.401123 395.278992
frame00102 0.257297 774.787903 357.664368 872.334473 393.234924
frame00102 0.493001 893.323425 349.309021 1045.847412 396.347412
frame00102 0.266799 1164.667725 347.504242 1255.791504 395.217346
frame00103 0.262513 779.808899 357.787231 879.261841 393.539429
frame00103 0.477529 892.609985 349.631104 1044.890137 396.450562
frame00103 0.273723 1161.854736 348.067383 1254.781372 395.892761
frame00104 0.268683 777.462830 357.271240 878.746704 393.719482
frame00104 0.480085 892.021729 349.187439 1046.425293 396.275024
frame00104 0.287017 1162.809326 347.898041 1256.717896 395.974640
frame00105 0.247265 779.578186 356.816254 882.756104 393.682831
frame00105 0.491204 889.684143 349.479034 1044.508789 397.023163
frame00105 0.267028 1165.638428 347.507843 1256.244507 396.314362
frame00106 0.251425 778.247070 357.636780 876.465759 393.155334
frame00106 0.485162 893.992432 349.942566 1044.568481 396.961609
frame00106 0.272502 1165.601685 348.596832 1256.243530 396.045410
frame00107 0.256182 777.040405 357.249573 877.570801 393.308929
frame00107 0.484081 892.245789 349.611053 1045.676270 396.499084
frame00107 0.280187 1163.239868 348.154510 1256.360352 396.150604
frame00108 0.213563 542.890503 348.186157 668.052856 400.619171
frame00108 0.259409 776.846436 357.415833 878.088257 393.863739
frame00108 0.470084 892.882141 349.538116 1044.219604 396.259705
frame00108 0.266392 1164.370239 347.940094 1254.718506 395.593628
frame00109 0.245233 780.161682 357.184387 880.264648 393.581604
frame00109 0.493115 891.610046 349.434814 1045.392578 397.139069
frame00109 0.272549 1167.125977 347.699860 1257.815918 396.615967
frame00110 0.279836 776.966064 356.770966 880.237305 394.044312
frame00110 0.484776 890.490723 348.607422 1046.766968 396.591339
frame00110 0.273360 1163.397949 347.033203 1255.177124 395.433411
frame00111 0.257465 782.759460 357.156464 881.981445 393.622742
frame00111 0.494716 892.021362 349.736176 1046.570923 396.668243
frame00111 0.283948 1161.933960 348.041718 1255.101074 395.981689
frame00112 0.266714 777.402466 357.362610 876.949768 393.439972
frame00112 0.495453 892.480530 349.005035 1047.123169 397.321472
frame00112 0.270462 1165.811523 347.522308 1256.837891 396.061371
frame00113 0.264747 777.964478 357.191132 879.753113 394.182678
frame00113 0.487818 891.811218 349.540466 1045.584595 396.668793
frame00113 0.268159 1165.086548 347.810272 1255.600830 395.883453
frame00114 0.225269 535.815430 346.045166 668.855591 402.029358
frame00114 0.272281 777.030762 356.257599 881.105835 394.310822
frame00114 0.473907 892.104797 348.757416 1045.871704 396.079010
frame00114 0.275317 1163.475098 346.923126 1255.358521 395.617371
frame00115 0.216117 537.397034 346.628479 668.467957 401.592407
frame00115 0.257423 778.923218 356.594666 879.978638 393.906311
frame00115 0.482859 889.950195 349.335083 1045.291016 396.605286
frame00115 0.280815 1159.991699 347.350586 1254.573730 395.782990
frame00116 0.206973 537.258667 346.146606 667.189636 401.016693
frame00116 0.285564 774.451843 356.404480 879.218384 394.516174
frame00116 0.478470 891.959595 348.392395 1047.207397 396.656189
frame00116 0.273638 1166.147705 347.021118 1256.650757 395.888306
frame00117 0.221445 531.987976 345.213806 667.944702 402.206177
frame00117 0.262136 779.553223 356.014801 884.599304 394.669250
frame00117 0.484114 889.445923 349.224915 1045.374268 396.549286
frame00117 0.273893 1162.803223 347.489777 1254.825073 395.969025
frame00118 0.283496 775.400269 356.383789 879.056396 394.257568
frame00118 0.474383 891.046814 348.785370 1045.373657 396.257111
frame00118 0.286435 1162.044434 347.651123 1255.724976 395.479279
frame00119 0.256308 776.932068 356.795563 875.588501 393.297211
frame00119 0.503971 891.497131 349.477722 1045.556274 397.494843
frame00119 0.266404 1164.322754 347.120514 1255.799683 395.736969
frame00120 0.208458 535.420227 345.129486 664.213257 399.232178
frame00120 0.276400 777.319458 356.566772 880.035095 394.139252
frame00120 0.474972 891.477173 348.699188 1044.908936 396.622253
frame00120 0.272113 1162.845337 347.066711 1254.790649 395.872467
frame00121 0.216430 532.539734 345.064392 665.428467 401.204865
frame00121 0.271042 778.449707 355.703094 881.479980 394.194824
frame00121 0.486286 890.172119 348.529266 1046.489990 396.635803
frame00121 0.274449 1162.515625 346.884186 1255.504761 395.934784
frame00122 0.232208 529.710876 344.589844 664.701050 401.414642
frame00122 0.271531 777.033020 355.313232 882.028748 394.359924
frame00122 0.481446 890.974365 348.691284 1046.349365 396.531860
frame00122 0.280075 1163.055542 346.845917 1256.646118 395.831085
frame00123 0.208994 532.080811 344.647736 663.403442 399.600891
frame00123 0.280354 777.509827 356.139984 881.139160 394.044189
frame00123 0.479469 891.369690 348.793823 1045.810913 396.800385
frame00123 0.272483 1162.393921 347.105743 1255.074585 395.516571
frame00124 0.251760 527.773987 345.889038 660.955933 402.198456
frame00124 0.283801 776.164673 355.485657 881.957275 395.005280
frame00124 0.479143 890.179443 348.838440 1046.311646 396.849396
frame00124 0.270150 1162.968628 346.928223 1255.649170 396.053436
frame00125 0.212481 532.167664 344.868652 668.712524 402.450836
frame00125 0.276022 775.118408 355.659973 878.626221 394.057617
frame00125 0.486138 891.332275 348.941437 1046.219482 396.669312
frame00125 0.273049 1164.623413 347.443268 1257.074219 395.917358
frame00126 0.207529 531.911255 345.460083 663.242798 400.864075
frame00126 0.280239 778.189209 356.191345 881.213379 394.277008
frame00126 0.479414 890.891479 348.734558 1045.921143 396.947205
frame00126 0.265909 1163.382324 347.210876 1254.484741 395.506653
frame00127 0.230878 528.546387 347.454132 658.380249 402.542236
frame00127 0.249374 779.103943 356.098938 877.143494 393.827820
frame00127 0.487712 891.075562 349.361725 1044.820557 396.790894
frame00127 0.280043 1161.032227 347.455963 1255.960815 395.724487
frame00128 0.259664 527.143555 348.751678 652.956848 402.445374
frame00128 0.288560 777.818665 356.389221 880.991882 395.235931
frame00128 0.478525 889.238525 348.971375 1046.027466 397.159149
frame00128 0.262508 1163.495605 346.914459 1255.653076 395.928253
frame00129 0.217939 527.705566 345.686157 656.626099 400.765167
frame00129 0.275838 780.068298 356.360748 882.515320 394.630829
frame00129 0.474561 890.221802 349.060425 1045.348389 397.285583
frame00129 0.272752 1163.212158 347.360077 1255.985352 396.195740
frame00130 0.230881 525.581055 346.506317 654.973206 401.979706
frame00130 0.291365 779.205200 356.169708 881.910095 395.036255
frame00130 0.474541 890.036011 348.924377 1046.377075 397.172882
frame00130 0.274877 1161.313354 347.214722 1255.063965 395.609192
frame00131 0.210787 526.785400 344.956909 657.388000 400.879822
frame00131 0.275074 780.084351 356.234253 880.323181 394.110748
frame00131 0.492025 890.376038 349.258209 1045.682617 397.563110
frame00131 0.262243 1163.066284 347.213593 1254.901245 395.797119
frame00132 0.220452 526.668335 345.785736 655.115845 400.678162
frame00132 0.268828 779.260803 356.072266 878.937134 394.012085
frame00132 0.479216 892.895752 349.207581 1046.146362 396.864807
frame00132 0.279988 1162.515259 347.632538 1256.169312 395.910095
frame00133 0.229298 525.567139 346.574585 652.833313 400.857605
frame00133 0.285571 779.044250 356.310333 880.890442 394.544586
frame00133 0.481505 889.924255 348.989319 1046.549561 397.329254
frame00133 0.274416 1162.847412 347.362152 1256.597168 396.581604
frame00134 0.223867 526.865479 346.358917 657.599609 401.660675
frame00134 0.288648 776.940369 355.648895 880.155090 394.558167
frame00134 0.476523 890.287354 348.521423 1047.132446 396.932251
frame00134 0.278384 1162.828369 346.996643 1256.592041 395.693970
frame00135 0.221375 527.541748 346.575775 656.086914 401.372070
frame00135 0.306617 776.176147 356.192078 877.744629 394.402344
frame00135 0.477559 890.419434 349.104553 1046.791748 397.419769
frame00135 0.270125 1160.912354 347.441284 1255.084106 395.643341
frame00136 0.281929 780.188599 356.815735 878.759888 393.743866
frame00136 0.479551 890.894104 349.612610 1045.493042 397.082458
frame00136 0.282218 1160.465332 348.000793 1255.904297 396.016022
frame00137 0.219973 527.688965 347.002197 655.555908 401.075378
frame00137 0.281637 778.272766 356.574829 877.455994 394.025177
frame00137 0.484177 891.099915 349.344818 1044.665771 397.495880
frame00137 0.257188 1162.217529 347.462982 1253.907471 395.491516
frame00138 0.283993 780.163696 356.408875 881.936951 394.413300
frame00138 0.487713 888.789551 349.113678 1046.993286 397.990906
frame00138 0.271568 1164.319946 347.575165 1257.516479 396.740997
frame00139 0.201350 526.445374 345.670471 656.715210 401.289124
frame00139 0.272023 780.666443 356.304077 880.138489 394.143158
frame00139 0.485338 890.918701 349.208862 1046.474854 397.802032
frame00139 0.267186 1163.585449 347.554138 1255.609375 396.040253
frame00140 0.206041 525.666626 346.179169 654.901367 401.138947
frame00140 0.269163 779.586914 356.374847 878.272400 394.034607
frame00140 0.484406 892.116577 349.432068 1046.341797 397.489075
frame00140 0.271434 1163.863647 347.780121 1256.590088 396.044006
frame00141 0.289423 779.128906 356.123962 880.056030 394.087402
frame00141 0.493763 889.766357 348.910522 1047.440430 398.062653
frame00141 0.269703 1163.880615 347.455017 1256.233154 396.253967
frame00142 0.282256 781.300171 356.228699 881.207153 394.183197
frame00142 0.488076 891.049316 349.215424 1047.037476 397.619598
frame00142 0.282227 1163.603760 347.900055 1257.328491 396.283417
frame00143 0.273976 783.461243 356.396301 881.536621 393.759949
frame00143 0.491519 891.045227 349.530365 1046.713867 397.775024
frame00143 0.279214 1162.345093 348.093353 1255.772827 396.077087
frame00144 0.282239 780.050354 356.973297 875.682495 393.992340
frame00144 0.492506 890.298096 350.049957 1045.680664 398.123322
frame00144 0.260277 1162.643311 348.426086 1254.826172 396.110443
frame00145 0.304618 776.230469 356.272308 876.971130 394.268433
frame00145 0.475308 891.612305 349.441315 1046.836426 397.358276
frame00145 0.271796 1162.087280 348.307892 1255.906372 395.335724
frame00146 0.228402 514.160645 347.660858 648.876709 405.024414
frame00146 0.304561 780.878296 355.828064 883.761292 395.823212
frame00146 0.469236 888.304443 349.510498 1046.995972 398.248932
frame00146 0.278582 1161.660889 348.089417 1257.057861 396.297577
frame00147 0.236056 515.503784 349.098724 644.825378 403.611603
frame00147 0.293978 778.745422 355.530487 879.230042 395.006866
frame00147 0.473997 888.908813 348.819824 1047.605591 397.848969
frame00147 0.283119 1159.780518 347.572754 1257.411377 396.213654
frame00148 0.260170 513.760498 351.766022 641.884155 404.789154
frame00148 0.300797 776.799988 355.955902 876.685730 395.013611
frame00148 0.476406 887.840881 349.713593 1047.027710 398.548065
frame00148 0.266707 1161.319824 348.124939 1258.606934 396.713104
frame00149 0.257742 515.766479 352.577972 642.142212 404.525452
frame00149 0.310525 774.861450 355.781494 876.976807 395.267059
frame00149 0.466540 887.494873 348.930878 1046.871216 398.933105
frame00149 0.259382 1161.691162 347.520813 1257.917236 396.176086
frame00150 0.248657 514.810669 351.199280 643.610840 404.175171
frame00150 0.295696 776.624390 355.677643 878.366638 395.163544
frame00150 0.472929 887.409668 349.354034 1046.662354 398.697571
frame00150 0.268792 1161.863037 348.154358 1258.517944 396.587128
frame00151 0.210339 467.335480 339.649902 591.249817 396.605835
frame00151 0.239392 518.160217 351.887939 646.015625 404.054871
frame00151 0.289884 774.755859 355.858673 872.804688 393.962769
frame00151 0.476558 888.149109 349.997925 1046.089355 398.931030
frame00151 0.265363 1160.450806 348.674713 1258.188232 396.255859
frame00152 0.200387 465.760345 339.314575 591.623535 397.164948
frame00152 0.246625 510.539551 350.964600 645.860352 406.251068
frame00152 0.289798 778.187256 355.541107 879.511719 395.239288
frame00152 0.466232 887.243713 349.758057 1045.103882 398.071136
frame00152 0.285700 1159.675537 348.768982 1258.450806 396.159180
frame00153 0.231275 469.069092 340.748596 591.009399 397.188904
frame00153 0.239027 511.820953 352.424316 641.234863 406.035248
frame00153 0.302557 776.305786 356.061615 874.995361 395.348389
frame00153 0.475807 889.969238 349.682922 1047.051147 399.039368
frame00153 0.251057 1161.372192 348.377502 1256.091431 395.628693
frame00154 0.216137 463.076721 339.887421 591.942627 398.870087
frame00154 0.211481 515.737671 350.635925 652.413086 406.622467
frame00154 0.306152 775.611450 355.732819 875.790405 394.555084
frame00154 0.472908 888.377563 350.113556 1046.659668 398.824097
frame00154 0.276085 1160.999268 349.379150 1258.340698 396.234039
frame00155 0.231648 465.455444 340.058563 588.833679 396.481506
frame00155 0.201869 513.719177 350.506714 649.194946 406.018524
frame00155 0.278993 778.831787 355.852356 879.393921 394.677612
frame00155 0.481050 886.694885 349.918457 1047.082153 399.242188
frame00155 0.276922 1161.692017 348.799438 1259.241821 396.601715
frame00156 0.258209 466.670715 339.940521 592.774719 397.803101
frame00156 0.200777 509.617676 349.729279 646.921448 406.386200
frame00156 0.307872 776.926819 355.346375 878.118042 395.167786
frame00156 0.476410 889.577637 349.491852 1049.211182 398.742615
frame00156 0.273192 1161.601074 348.906128 1258.480103 396.010864
frame00157 0.256607 466.670959 341.010590 592.908997 398.821899
frame00157 0.303047 773.828369 355.650024 872.933411 394.244263
frame00157 0.478233 887.679504 349.715912 1046.986206 399.214752
frame00157 0.281248 1161.941040 349.139587 1260.541992 396.328186
frame00158 0.299513 467.683594 341.890656 595.827209 399.927887
frame00158 0.300411 776.760803 355.312347 877.993408 394.740143
frame00158 0.470189 886.928772 349.804901 1046.984619 399.539917
frame00158 0.271045 1160.185425 349.689362 1258.199219 396.411438
frame00159 0.270652 465.221283 340.200439 596.856506 400.438751
frame00159 0.289463 775.492249 355.139099 872.235229 393.446381
frame00159 0.482682 888.705933 349.993225 1046.247070 398.662476
frame00159 0.284898 1158.876709 349.350098 1259.088745 395.889618
frame00160 0.307297 464.392853 340.729980 596.411682 400.713776
frame00160 0.304924 776.422058 355.316742 875.820068 394.200439
frame00160 0.475349 888.551025 349.687347 1047.992188 399.473114
frame00160 0.280077 1159.078369 349.677307 1258.341675 396.276825
frame00161 0.330780 468.433258 340.949921 601.200745 402.047211
frame00161 0.303735 774.598694 354.826477 875.226135 394.627747
frame00161 0.481191 887.081421 349.312286 1048.760010 400.086609
frame00161 0.272014 1162.618896 349.180786 1260.704346 396.738617
frame00162 0.368682 466.249359 341.188263 599.835632 401.835480
frame00162 0.300370 773.272949 354.050354 878.232483 394.620636
frame00162 0.474729 887.312866 349.151764 1049.099976 399.811523
frame00162 0.276615 1163.290771 349.960602 1260.462158 396.209778
frame00163 0.345981 467.705017 341.571838 596.680664 401.123413
frame00163 0.294232 774.162903 355.185577 872.035645 393.942596
frame00163 0.481151 888.463623 350.179230 1047.428467 400.387512
frame00163 0.267905 1159.476074 350.307861 1257.259399 396.026001
frame00164 0.389956 468.167480 342.881439 598.250793 402.424469
frame00164 0.292132 773.023804 354.692413 872.124634 393.385376
frame00164 0.486195 887.675232 350.119568 1047.181641 400.971924
frame00164 0.262230 1160.642212 350.771759 1257.616211 396.120056
frame00165 0.389890 466.751465 343.058868 598.940369 403.672241
frame00165 0.295809 773.338623 354.398773 873.807678 394.066620
frame00165 0.477020 888.329712 349.600983 1048.940186 400.987274
frame00165 0.271807 1161.879395 350.764282 1259.350708 396.822266
frame00166 0.427461 464.321716 342.142365 600.720642 405.345154
frame00166 0.274328 775.201355 354.039215 875.701538 393.858063
frame00166 0.486866 887.421143 349.979401 1048.748169 401.301605
frame00166 0.285582 1160.580322 351.403290 1259.894043 396.712799
frame00167 0.397419 461.678162 342.615082 593.015625 403.630493
frame00167 0.268174 773.587524 354.227539 872.058838 393.234772
frame00167 0.496450 889.935425 350.365723 1048.053589 401.277466
frame00167 0.277312 1161.865967 351.733551 1259.344727 396.588409
frame00168 0.427775 464.476349 344.660095 595.345703 405.532715
frame00168 0.273484 774.165894 354.373383 873.111023 393.516449
frame00168 0.483815 887.825317 350.311188 1047.159302 401.617493
frame00168 0.271146 1159.179688 352.192230 1256.879883 396.215485
frame00169 0.415573 463.003998 344.831207 593.901245 406.340027
frame00169 0.298177 771.891785 354.259888 873.784302 394.679382
frame00169 0.484627 887.608765 349.701233 1049.847656 401.822815
frame00169 0.275815 1162.740112 351.783630 1259.441284 396.282135
frame00170 0.436314 463.828400 346.308319 595.211731 407.377716
frame00170 0.302411 772.092224 354.163605 874.914490 394.656891
frame00170 0.472674 886.580933 349.627899 1049.949707 401.508789
frame00170 0.296678 1158.900879 352.239655 1259.350708 396.312134
frame00171 0.424281 462.570374 346.624023 592.057434 407.262543
frame00171 0.288200 772.902954 354.242004 874.362488 394.451294
frame00171 0.475162 887.837524 350.077148 1048.906128 401.744385
frame00171 0.292485 1159.876465 352.656769 1259.127930 396.471954
frame00172 0.399800 458.434753 345.484650 586.777588 405.838745
frame00172 0.298552 767.474426 353.777924 869.345459 393.944702
frame00172 0.484116 889.642944 349.889954 1049.379150 401.764984
frame00172 0.277226 1161.930420 352.514221 1258.704468 396.302551
frame00173 0.375141 456.460724 344.434082 584.358276 404.952240
frame00173 0.304805 771.447021 354.274719 875.949097 394.926727
frame00173 0.490026 888.229248 349.515442 1051.652222 402.163818
frame00173 0.276668 1165.710938 351.841309 1260.841309 396.838135
frame00174 0.359214 453.684143 343.838501 584.966431 405.674255
frame00174 0.310920 765.779724 354.070770 868.190430 394.225555
frame00174 0.496892 886.853516 349.719727 1048.536987 402.048279
frame00174 0.280429 1161.486206 351.710876 1259.983521 397.173370
frame00175 0.366684 455.357300 344.737274 582.058350 404.922760
frame00175 0.262055 771.074768 354.259247 869.091248 393.274445
frame00175 0.512839 887.474121 350.589233 1046.849854 402.593597
frame00175 0.265775 1162.667114 351.991730 1257.937866 396.701294
frame00176 0.347729 451.729370 344.670441 580.376892 405.575958
frame00176 0.306931 769.886353 354.464233 872.815063 394.546112
frame00176 0.492966 888.450928 350.173676 1048.514160 402.116699
frame00176 0.273905 1163.781494 352.101288 1259.100708 396.891174
frame00177 0.352295 452.851074 346.462219 578.721252 406.595215
frame00177 0.291109 765.994751 354.188019 866.500977 393.806702
frame00177 0.499803 888.680725 350.128174 1048.015259 402.901001
frame00177 0.259049 1163.694092 351.863983 1258.693115 397.252289
frame00178 0.404542 450.660156 346.221069 587.821960 410.759460
frame00178 0.298905 769.522644 353.568726 872.503418 394.503723
frame00178 0.484792 888.111877 350.557800 1048.814819 402.158112
frame00178 0.289643 1160.170776 353.113983 1258.394531 396.777191
frame00179 0.368290 447.649506 343.415863 581.843201 407.685303
frame00179 0.288020 764.554443 352.762970 866.514771 393.938263
frame00179 0.508338 888.940125 349.945526 1048.884155 401.685120
frame00179 0.294235 1160.739868 352.088837 1259.620361 397.247681
frame00180 0.439758 447.742371 345.885834 588.937256 412.050812
frame00180 0.290920 768.383118 352.915649 872.932068 394.579498
frame00180 0.490516 886.768494 350.518555 1048.145874 402.431122
frame00180 0.287444 1160.138184 353.225311 1257.872192 397.010193
frame00181 0.397003 444.472107 344.394745 584.881287 409.708038
frame00181 0.288726 769.205261 353.202209 873.158936 394.426788
frame00181 0.490303 889.264526 350.470856 1048.017822 401.469818
frame00181 0.287302 1161.919556 352.840088 1258.206177 396.777496
frame00182 0.347263 438.993286 342.450378 585.439209 411.033112
frame00182 0.292253 766.671997 353.224518 870.260864 394.457428
frame00182 0.507615 888.072205 350.713684 1047.379150 401.572479
frame00182 0.292966 1161.319824 352.196899 1259.403198 397.365265
frame00183 0.390633 440.415070 344.567108 586.647217 412.825195
frame00183 0.273299 766.099243 352.988007 866.639404 393.673645
frame00183 0.504146 889.677185 351.438202 1045.567383 401.472839
frame00183 0.281578 1159.509766 353.292786 1256.005127 396.745056
frame00184 0.397482 438.761658 344.958008 585.482849 413.409790
frame00184 0.287996 760.920349 352.540405 864.889282 394.015686
frame00184 0.509574 886.972595 350.868530 1046.957275 402.357910
frame00184 0.281162 1161.136108 352.546204 1258.615356 397.476349
frame00185 0.402732 435.826569 345.234497 587.174133 414.609650
frame00185 0.295581 765.846252 353.096741 871.364441 394.887085
frame00185 0.494674 889.056946 351.100464 1049.171021 402.217529
frame00185 0.280017 1162.874756 353.177887 1258.032715 397.248077
frame00186 0.429747 434.630493 346.750000 586.463928 416.284332
frame00186 0.295607 763.178955 352.831390 871.318420 394.916656
frame00186 0.500015 886.868896 350.957764 1048.986328 402.655396
frame00186 0.280187 1164.062744 352.968170 1259.818848 397.817047
frame00187 0.448117 431.166992 347.025330 585.053955 417.097839
frame00187 0.272063 759.719177 352.629639 866.794495 394.679626
frame00187 0.499273 888.739502 351.380981 1048.385254 402.728668
frame00187 0.292495 1162.033813 353.372925 1260.543945 398.486389
frame00188 0.400368 428.783936 345.402588 584.589966 416.088196
frame00188 0.301652 763.381348 352.827789 871.613647 395.178894
frame00188 0.490625 886.969299 351.451965 1046.760376 402.063385
frame00188 0.279635 1159.873291 353.560577 1255.802124 397.617279
frame00189 0.423457 425.603699 346.191711 581.855774 417.131104
frame00189 0.307585 757.944641 352.001892 871.338013 395.654144
frame00189 0.498549 886.692810 350.756866 1049.937256 402.374359
frame00189 0.277611 1164.277222 352.735474 1258.446655 397.640289
frame00190 0.454649 425.977844 346.104218 584.607422 418.026733
frame00190 0.274312 758.619263 351.612274 870.078735 394.668732
frame00190 0.507648 886.238953 351.060638 1047.959351 402.744293
frame00190 0.279579 1162.296631 352.848724 1258.956055 398.266632
frame00191 0.444187 425.296875 346.555084 583.913086 419.683472
frame00191 0.290321 753.826843 351.746735 861.475586 394.535492
frame00191 0.511759 889.901489 351.716187 1048.336304 402.717621
frame00191 0.275450 1160.521729 353.519318 1257.261719 398.214355
frame00192 0.396496 421.283020 343.360870 582.341797 416.937592
frame00192 0.310821 761.161804 352.527222 870.586853 395.520264
frame00192 0.510714 887.219727 351.176270 1048.740845 402.399841
frame00192 0.270398 1162.004395 352.210144 1255.911621 397.295807
frame00193 0.449092 421.113953 345.523071 580.622192 418.570312
frame00193 0.308609 750.304260 351.378357 863.246338 395.186005
frame00193 0.509409 887.593994 350.885040 1048.848389 403.091980
frame00193 0.276219 1160.234131 351.998199 1258.353149 398.513611
frame00194 0.445310 420.726776 344.448090 578.536682 417.437561
frame00194 0.309286 749.943359 351.287445 863.651855 395.150085
frame00194 0.509920 886.779419 350.931244 1048.071777 402.973999
frame00194 0.280585 1157.750488 351.886169 1257.175537 398.532562
frame00195 0.509552 418.540314 345.319733 577.334473 418.461029
frame00195 0.290273 750.362549 350.843506 865.674133 394.948029
frame00195 0.507017 886.683350 350.762939 1047.893799 403.581360
frame00195 0.273458 1158.045410 352.475983 1256.511230 399.152527
frame00196 0.502855 414.995239 345.952026 578.690125 420.497406
frame00196 0.288390 752.661987 351.016846 868.327271 395.340179
frame00196 0.503738 886.674744 351.032379 1048.162354 403.088074
frame00196 0.284053 1159.160278 352.928192 1257.081543 398.800568
frame00197 0.512451 412.422363 343.593719 578.463013 419.578094
frame00197 0.301093 752.253113 351.083405 872.929199 396.602570
frame00197 0.499792 885.944214 350.543945 1049.308350 403.392731
frame00197 0.280109 1162.304199 352.688141 1258.152832 399.302856
frame00198 0.515733 412.618561 344.957672 574.953552 419.318329
frame00198 0.303205 747.276855 350.550385 869.662537 396.241669
frame00198 0.500518 885.829834 350.756470 1048.741577 403.850464
frame00198 0.273954 1159.168823 352.650208 1256.726807 399.336365
frame00199 0.532550 408.434479 345.154419 577.405151 421.999756
frame00199 0.273714 748.087769 350.678253 865.172241 395.382935
frame00199 0.509970 887.460388 351.206573 1046.779541 403.324341
frame00199 0.286907 1156.285889 352.882355 1256.552246 399.447357
frame00200 0.535268 404.830017 345.076111 575.276245 421.526489
frame00200 0.310985 745.559204 350.134613 871.530151 396.770569
frame00200 0.499729 884.176636 349.924133 1050.922607 403.757721
frame00200 0.287528 1158.326172 351.982605 1258.198975 399.967529
frame00201 0.555202 402.442871 346.643829 574.665161 423.466766
frame00201 0.285921 745.397827 349.391052 870.880859 396.385132
frame00201 0.499778 885.587891 350.105896 1050.992310 403.175720
frame00201 0.290539 1159.769653 352.705475 1257.628540 399.525665
frame00202 0.558014 398.931549 346.195618 574.376343 423.253693
frame00202 0.285861 746.199341 349.819550 872.642517 396.254639
frame00202 0.503717 883.520874 350.095825 1050.331543 403.704559
frame00202 0.286049 1160.155396 351.890625 1258.644775 400.166107
frame00203 0.558117 393.699707 344.292694 571.936951 421.264343
frame00203 0.289893 746.840454 350.312531 875.561279 396.795929
frame00203 0.501731 884.288635 350.375153 1050.081055 403.392700
frame00203 0.269270 1160.215942 352.059540 1255.617188 399.373199
frame00204 0.568298 389.463562 346.041412 569.931885 423.470978
frame00204 0.292924 743.490051 349.420166 871.324829 395.867798
frame00204 0.494325 886.018066 350.251526 1050.639038 402.832001
frame00204 0.287954 1156.891235 351.974548 1256.133301 400.040802
frame00205 0.565824 386.417572 346.228851 567.378662 423.920898
frame00205 0.290639 738.438843 349.204407 866.154663 395.700623
frame00205 0.501661 887.869751 350.554962 1050.010986 403.035522
frame00205 0.273876 1157.669556 352.022095 1255.765869 400.396484
frame00206 0.593850 379.470459 345.045471 572.189270 425.765778
frame00206 0.291260 739.440613 348.975403 871.490601 396.621643
frame00206 0.499645 885.745544 350.423615 1052.105591 402.655975
frame00206 0.283908 1158.713623 352.291534 1256.348999 400.265625
frame00207 0.570979 377.987061 343.822357 572.367493 426.513458
frame00207 0.248996 743.464417 349.167511 871.254822 395.973236
frame00207 0.513296 887.105774 351.123047 1050.197510 402.923920
frame00207 0.285420 1159.789795 352.361359 1256.995483 400.640106
frame00208 0.544590 372.292023 344.247406 568.225037 426.385071
frame00208 0.277873 742.962280 349.252716 873.133179 396.478210
frame00208 0.501731 885.603882 350.730896 1049.783203 402.188171
frame00208 0.288098 1159.705078 351.781616 1256.463867 400.534729
frame00209 0.533872 364.636597 344.228149 564.192627 426.832123
frame00209 0.254154 748.268494 350.285736 875.915894 396.657379
frame00209 0.511897 886.846436 351.507202 1049.180420 401.764282
frame00209 0.267005 1160.691650 351.872620 1252.910645 399.201019
frame00210 0.544461 361.525635 345.719696 556.321289 426.054962
frame00210 0.249115 746.228088 350.012390 876.066040 396.335205
frame00210 0.500108 887.641968 351.230499 1049.390747 401.673248
frame00210 0.277225 1159.236694 351.495056 1252.950195 400.069275
frame00211 0.524073 357.848938 343.908386 552.485840 424.938812
frame00211 0.239860 746.307861 350.449829 871.816711 395.747681
frame00211 0.503972 889.359741 351.722351 1046.992676 400.717682
frame00211 0.298744 1154.860229 351.287231 1252.759033 400.555054
frame00212 0.495691 353.117737 343.682861 551.394287 426.629364
frame00212 0.256856 745.918274 350.317566 872.921265 396.169434
frame00212 0.500738 888.599854 351.705566 1047.980469 401.357605
frame00212 0.288724 1156.423584 350.766663 1253.253174 401.366943
frame00213 0.487267 344.809601 342.375824 549.382385 428.662262
frame00213 0.259413 751.378662 350.552734 882.506836 398.005066
frame00213 0.498802 885.280029 351.044403 1048.986572 401.375366
frame00213 0.292054 1159.581055 350.204193 1253.685791 401.259491
frame00214 0.503720 346.458282 344.110962 543.202026 428.451904
frame00214 0.224922 749.586487 350.289246 876.150818 396.734039
frame00214 0.506337 888.730103 351.137817 1047.411865 401.369965
frame00214 0.283424 1160.987549 349.705841 1253.746460 401.632263
frame00215 0.494842 344.248352 343.086365 540.794128 428.099274
frame00215 0.234073 751.550537 350.844147 875.099854 396.609497
frame00215 0.504570 890.241699 351.584869 1046.570923 401.035614
frame00215 0.290229 1157.703003 350.246002 1251.938843 401.899719
frame00216 0.498783 339.454346 342.779663 535.101257 428.935822
frame00216 0.226566 750.025024 350.388031 876.089172 397.165161
frame00216 0.505799 889.560913 350.837860 1048.056763 401.049683
frame00216 0.293798 1162.424927 349.540833 1255.022705 403.310333
frame00217 0.488528 332.186340 341.803650 531.853699 429.721741
frame00217 0.239797 754.105530 350.273926 881.274109 397.546539
frame00217 0.492840 889.010498 350.477570 1049.035889 400.397644
frame00217 0.298905 1159.628296 349.770599 1252.059204 402.558319
frame00218 0.473165 329.571289 343.002472 529.346069 432.519684
frame00218 0.227638 757.594543 351.446350 881.440369 397.657776
frame00218 0.499631 889.913208 351.112640 1046.707764 401.413940
frame00218 0.268945 1162.111694 349.127228 1250.306152 402.467407
frame00219 0.498556 327.569397 343.571045 526.582153 431.285217
frame00219 0.238912 750.407715 351.123016 876.140442 397.323212
frame00219 0.505249 890.304260 350.715118 1048.822632 401.350403
frame00219 0.270073 1163.465698 348.789368 1252.665283 403.703949
frame00220 0.534234 324.859344 344.689301 524.170105 432.302368
frame00220 0.227491 755.357605 351.142883 882.773987 397.696075
frame00220 0.497642 889.235535 350.414337 1048.663330 401.492950
frame00220 0.267265 1163.864990 348.633972 1251.176514 403.754089
frame00221 0.507595 319.618469 344.414124 521.352173 435.134949
frame00221 0.241132 754.005676 351.020386 883.131775 398.331482
frame00221 0.492861 887.884888 349.708313 1048.787598 402.136566
frame00221 0.268527 1164.534180 347.532715 1252.380615 404.859161
frame00222 0.464505 317.862976 345.613770 525.257935 439.374420
frame00222 0.229625 757.617126 350.342712 887.859741 397.872925
frame00222 0.488365 887.435547 349.459106 1050.190308 402.210022
frame00222 0.298140 1163.621216 347.198639 1255.137329 405.380188
frame00223 0.455001 316.220062 345.181641 522.547546 440.443726
frame00223 0.209700 757.955811 350.687317 882.893677 397.497467
frame00223 0.500572 890.224609 350.280365 1049.225830 402.630829
frame00223 0.283330 1163.655518 347.874695 1253.118408 405.438599
frame00224 0.438915 313.136963 345.172729 521.119751 440.846497
frame00224 0.241169 757.296875 350.694824 887.931396 398.725342
frame00224 0.485220 887.651367 349.330139 1050.568115 402.904572
frame00224 0.281082 1166.158569 347.375183 1253.753174 405.381531
frame00224 0.203694 287.534119 347.618958 572.806335 483.317719
frame00225 0.425066 311.108124 345.685669 515.322937 441.696411
frame00225 0.227470 753.935425 350.385651 884.125671 398.604065
frame00225 0.491957 889.596008 348.755249 1050.388428 402.965820
frame00225 0.289542 1163.873413 346.580811 1254.084717 406.086975
frame00225 0.210203 284.278931 347.805511 567.475220 482.970215
frame00226 0.443969 306.348907 345.871918 515.534912 444.833221
frame00226 0.219968 755.152954 350.806213 885.098816 398.550629
frame00226 0.498361 890.569214 349.043610 1050.816528 404.141449
frame00226 0.271720 1165.018921 346.286133 1253.601196 406.795410
frame00227 0.457294 303.887787 345.969025 511.781311 444.762146
frame00227 0.228056 754.160706 350.679138 885.129639 398.428558
frame00227 0.491059 890.216370 348.295776 1051.391846 404.095856
frame00227 0.290061 1162.118896 345.921021 1253.718750 407.226715
frame00228 0.455604 301.922821 347.449677 507.661743 444.616516
frame00228 0.244178 755.418152 351.447601 890.030884 399.005798
frame00228 0.483523 886.447021 347.824158 1051.840942 405.191742
frame00228 0.277087 1162.704102 345.436676 1253.401855 408.024597
frame00229 0.432184 293.076233 346.458221 507.928101 447.713043
frame00229 0.238167 755.290039 352.062042 889.618225 399.033813
frame00229 0.499245 887.900696 347.624207 1053.981934 405.507294
frame00229 0.277082 1165.619873 344.975952 1256.060791 408.563171
frame00230 0.464826 288.170135 346.684021 503.392487 445.516205
frame00230 0.249259 751.019226 352.653748 883.782288 398.080688
frame00230 0.508406 886.859863 347.701782 1052.798950 406.175507
frame00230 0.271961 1163.212158 344.172577 1255.817993 409.561432
frame00230 0.209542 256.308441 342.239258 560.266663 486.106171
frame00231 0.412222 282.641113 346.520447 502.368439 449.037323
frame00231 0.263958 750.932739 353.073242 886.087952 398.656647
frame00231 0.505134 886.985474 346.591003 1054.723145 406.775421
frame00231 0.278508 1164.679810 343.575653 1257.972900 410.222229
frame00231 0.241550 241.395447 339.999084 557.231506 488.952850
frame00232 0.364179 285.752899 347.904236 497.629395 447.320496
frame00232 0.274131 749.727844 353.352081 881.361938 398.280304
frame00232 0.512735 888.181641 346.378937 1053.641235 407.065247
frame00232 0.280838 1161.380005 343.700226 1257.192505 410.065308
frame00232 0.250356 233.883957 340.548981 554.251831 490.553619
frame00233 0.298696 287.995911 346.950195 498.134613 446.694061
frame00233 0.264396 752.861206 354.049103 886.340332 398.417816
frame00233 0.529760 885.269714 345.742188 1052.635010 407.342102
frame00233 0.275550 1164.247559 342.937836 1259.368896 410.574310
frame00233 0.233881 226.638626 341.102692 552.371887 492.704163
frame00234 0.238254 297.247620 346.897766 499.602509 443.390015
frame00234 0.262236 757.559753 354.560455 888.554749 397.607330
frame00234 0.522620 886.365356 345.584625 1050.916870 406.732697
frame00234 0.280433 1164.533447 343.842041 1259.160400 410.229309
frame00234 0.271322 217.556885 348.710297 469.940979 477.882904
frame00235 0.207056 303.232788 345.355774 498.145752 438.022888
frame00235 0.283159 757.270752 354.788879 888.568359 397.290588
frame00235 0.524248 885.872681 344.387817 1051.125244 405.794373
frame00235 0.278976 1163.450195 342.843567 1258.807617 409.219421
frame00235 0.306569 212.246841 346.070618 472.076263 476.228821
frame00236 0.296006 757.795044 355.442047 879.482483 395.627625
frame00236 0.535799 887.388855 344.623444 1047.770142 404.592468
frame00236 0.271534 1160.465698 343.181580 1256.734131 407.108429
frame00236 0.358978 203.578918 345.254364 471.354401 478.111511
frame00237 0.299827 760.158813 355.173065 882.550171 394.390717
frame00237 0.521874 887.760986 344.094879 1046.687866 402.700378
frame00237 0.281097 1162.452271 343.476746 1258.904663 406.090179
frame00237 0.380285 196.725708 346.054840 465.937195 478.060028
frame00238 0.289347 762.147827 355.089081 880.972168 393.385101
frame00238 0.525195 889.508545 344.765045 1043.821411 401.058472
frame00238 0.267814 1158.948364 344.388550 1255.762695 404.413483
frame00238 0.416566 191.388321 346.591980 454.953552 478.743073
frame00239 0.286507 760.399170 354.118530 873.081665 391.944244
frame00239 0.537805 891.342651 344.308868 1042.799683 400.553040
frame00239 0.271325 1157.416870 344.176422 1255.357178 403.410492
frame00239 0.433864 184.839310 348.248505 442.506165 480.336090
frame00240 0.297305 763.635376 354.483673 875.512817 391.612976
frame00240 0.520670 894.594971 344.353577 1042.445312 399.252533
frame00240 0.271301 1160.008057 345.201965 1255.939941 402.543640
frame00240 0.442916 181.667709 349.146393 433.841797 480.787262
frame00241 0.292741 758.036133 353.141388 868.011719 391.427368
frame00241 0.526115 894.427185 344.214752 1041.028442 398.770355
frame00241 0.281815 1154.055176 345.007263 1254.907837 401.936279
frame00241 0.466626 176.756775 348.235626 430.320618 481.487061
frame00242 0.270704 768.797546 354.022919 876.408447 390.329315
frame00242 0.523472 894.590088 344.444031 1040.531738 398.639313
frame00242 0.266673 1156.430542 345.062744 1252.984253 401.226227
frame00242 0.482746 172.555618 348.070251 428.740173 483.140656
frame00243 0.268996 764.909912 353.065948 873.919739 390.014343
frame00243 0.515774 896.302856 344.285095 1040.610474 398.181580
frame00243 0.278456 1155.906494 345.732880 1254.844849 401.862213
frame00243 0.508198 165.942108 347.230652 427.511292 484.977539
frame00244 0.297756 764.594116 353.991028 871.368896 390.580994
frame00244 0.511540 895.743164 344.429749 1041.036133 397.857391
frame00244 0.264922 1154.297363 345.580017 1252.892090 401.091003
frame00244 0.522545 157.599854 345.227478 427.385315 487.031433
frame00245 0.310921 758.818726 353.949310 871.466919 391.876953
frame00245 0.516068 894.781616 344.615845 1042.544434 397.884857
frame00245 0.265040 1156.918457 345.679077 1255.561523 401.480072
frame00245 0.514352 149.484467 345.762512 423.902832 487.213898
frame00246 0.259609 769.724731 353.127472 878.721191 390.696106
frame00246 0.512679 894.424133 345.344208 1042.696411 397.573639
frame00246 0.284563 1153.078857 347.041595 1254.768188 400.744995
frame00246 0.574132 138.169220 346.159424 423.029907 490.979767
frame00247 0.260985 768.411377 352.881500 875.763672 390.067902
frame00247 0.512816 894.447693 345.150177 1042.493530 397.076447
frame00247 0.288616 1150.753784 346.807495 1253.752319 400.267395
frame00247 0.559682 131.649933 346.656677 419.371094 490.395020
frame00248 0.268778 767.856384 352.738556 879.871765 391.309753
frame00248 0.501212 892.214233 345.625061 1043.041382 397.858978
frame00248 0.268353 1151.943848 347.276703 1253.129150 400.452179
frame00248 0.603301 117.537933 344.431396 414.139648 494.279999
frame00249 0.274691 768.744568 352.249390 879.647278 391.394379
frame00249 0.500885 893.320679 344.534607 1045.194458 397.645935
frame00249 0.280400 1152.585938 347.245209 1255.822998 400.742462
frame00249 0.635446 106.484261 343.107025 405.911713 495.758789
frame00250 0.250775 768.218994 351.373108 880.644409 392.511505
frame00250 0.509329 893.755859 344.865540 1045.265625 398.227325
frame00250 0.272686 1153.061768 347.611786 1255.633545 400.932983
frame00250 0.648175 98.087372 341.152863 395.205750 499.183472
frame00251 0.280991 767.412720 352.021362 875.172729 393.037079
frame00251 0.503388 897.158508 345.258911 1045.135986 398.322815
frame00251 0.263375 1151.427246 347.961517 1253.804810 401.030029
frame00251 0.647784 91.681145 338.352875 387.062256 500.244141
frame00252 0.279493 769.038208 351.550751 877.673828 394.138611
frame00252 0.501848 896.124207 345.134155 1046.625488 399.609436
frame00252 0.261216 1152.347046 347.985504 1255.180298 402.101593
frame00252 0.693169 81.312172 335.295410 380.163727 507.182922
frame00253 0.266798 771.472839 351.397095 878.778320 394.019257
frame00253 0.501823 897.237610 344.850403 1047.509521 399.855652
frame00253 0.266909 1154.272705 348.033112 1257.723999 403.254517
frame00253 0.701845 74.013229 331.320404 376.801514 509.068115
frame00254 0.248510 771.099243 350.999115 876.875610 394.131592
frame00254 0.504717 897.115112 345.047729 1045.926758 400.948334
frame00254 0.275470 1152.225098 348.246124 1258.607910 405.322205
frame00254 0.708187 62.258663 326.419037 374.845123 513.352295
frame00255 0.263802 769.898193 351.084412 871.242676 394.322662
frame00255 0.489466 900.191406 345.407501 1045.456055 401.434418
frame00255 0.270800 1148.768188 348.818237 1256.456177 404.763123
frame00255 0.756037 48.457966 325.986816 374.644104 516.369751
frame00256 0.268696 764.492188 350.027466 872.077942 395.303497
frame00256 0.496640 899.088257 345.188141 1048.722900 404.758331
frame00256 0.247327 1153.205688 348.243469 1257.468262 406.295319
frame00256 0.745457 25.600872 327.157776 369.068237 516.536743
frame00257 0.247090 765.561035 348.519775 880.954102 395.927643
frame00257 0.498817 893.046875 344.108795 1050.314209 406.672577
frame00257 0.266134 1154.402100 346.592621 1259.699585 407.971924
frame00257 0.657799 12.393246 329.676331 357.280426 519.475952
frame00258 0.271793 757.270264 347.415955 879.670349 398.701324
frame00258 0.485655 887.732483 343.657715 1053.556274 408.203491
frame00258 0.275704 1152.385498 343.962494 1258.405518 409.953857
frame00258 0.480440 16.360350 336.072449 334.718781 525.112671
frame00259 0.263682 754.256042 347.249207 880.069824 398.620422
frame00259 0.495056 882.743774 343.211182 1056.938965 410.026672
frame00259 0.275767 1151.302734 342.134827 1258.246338 410.424896
frame00259 0.583620 0.000000 326.478241 363.890503 544.182678
frame00260 0.259047 754.979370 347.027863 884.779358 398.884277
frame00260 0.491004 879.556824 342.769714 1055.402710 409.832825
frame00260 0.280767 1153.477539 341.422852 1259.136230 410.451416
frame00260 0.593551 0.000000 326.440491 356.986847 542.559265
frame00261 0.267562 757.608154 346.680389 886.893616 399.253815
frame00261 0.479032 880.497803 342.258270 1058.196777 409.553314
frame00261 0.277954 1154.014648 339.371552 1256.815063 410.269318
frame00261 0.644131 0.000000 327.645203 353.642822 554.476379
frame00262 0.247436 755.431030 346.975739 882.300293 399.717072
frame00262 0.484767 882.158325 343.069672 1055.597534 409.296570
frame00262 0.268216 1155.070679 338.604462 1256.157593 410.914948
frame00262 0.685379 0.000000 325.545105 344.411926 565.850464
frame00263 0.252884 753.252014 347.957794 880.622498 398.358154
frame00263 0.489476 880.347534 343.245178 1054.474609 408.247314
frame00263 0.268084 1154.725342 339.543823 1255.331787 408.521423
frame00263 0.671505 0.000000 329.545624 334.801025 556.583435
frame00264 0.237509 752.712036 348.273071 880.578674 398.140961
frame00264 0.486395 880.565674 343.554596 1055.487061 408.570740
frame00264 0.264389 1159.046753 339.156372 1256.940430 408.677917
frame00264 0.724952 0.000000 333.284668 332.452698 558.138428
frame00265 0.265952 751.609497 348.439545 884.830322 399.406921
frame00265 0.464114 877.801575 342.899261 1056.777710 408.135559
frame00265 0.286694 1157.458252 339.637848 1256.959717 408.606598
frame00265 0.744532 0.000000 334.427856 326.843323 556.897583
frame00266 0.262082 752.675781 348.664612 887.737122 399.529053
frame00266 0.457094 877.664185 342.799652 1057.593506 408.453003
frame00266 0.293708 1154.761597 340.440491 1255.810059 407.517944
frame00266 0.770335 0.000000 330.761810 315.892975 555.139343
frame00267 0.250059 755.597046 349.370117 887.298462 398.497375
frame00267 0.474845 878.252441 343.515930 1056.085327 408.035706
frame00267 0.272590 1158.433472 340.066223 1254.907959 406.740601
frame00267 0.744235 0.000000 334.932556 304.215332 558.625000
frame00268 0.258447 756.397095 350.340485 888.389771 397.904846
frame00268 0.467736 877.713928 343.511200 1055.197144 407.316101
frame00268 0.282009 1160.085205 340.696564 1257.311768 405.978424
frame00268 0.702698 0.000000 334.554321 290.459717 561.351196
frame00269 0.266514 759.767151 350.760040 889.734619 397.878571
frame00269 0.466674 878.988159 343.655487 1057.522949 405.793457
frame00269 0.272573 1160.064209 340.634094 1257.640137 405.439362
frame00269 0.685711 0.000000 330.343170 267.194061 579.294067
frame00270 0.254149 758.713745 350.575409 888.731140 397.445404
frame00270 0.477254 879.282837 344.558014 1053.621704 405.499786
frame00270 0.286159 1158.073486 342.123260 1255.628296 403.579834
frame00270 0.644362 0.000000 345.096313 264.176147 553.787598
frame00271 0.248189 758.874878 351.614532 886.362366 396.507019
frame00271 0.485269 879.588623 344.897583 1053.894287 406.708710
frame00271 0.269143 1159.766113 342.682617 1255.962036 404.418640
frame00271 0.640373 0.000000 338.703552 256.263245 551.098145
frame00272 0.255574 758.590393 351.923401 889.393433 396.860291
frame00272 0.481848 879.443359 345.151733 1053.492676 405.841583
frame00272 0.266026 1158.256714 343.143768 1254.611328 402.842590
frame00272 0.595553 0.000000 338.252594 234.414948 552.053833
frame00273 0.252323 755.416260 352.689972 878.441772 396.821350
frame00273 0.489368 881.143860 345.421265 1055.181152 406.447266
frame00273 0.259810 1158.323120 343.107788 1255.676514 403.889221
frame00273 0.621711 0.000000 336.582092 221.421387 561.771362
frame00274 0.272210 756.778198 352.144318 887.329773 397.716095
frame00274 0.466479 879.119202 344.662231 1056.382202 406.786407
frame00274 0.268430 1156.435547 343.377899 1255.095703 403.991180
frame00274 0.615730 0.000000 332.825287 197.694077 564.243591
frame00275 0.220249 757.899109 352.331665 883.892883 396.131195
frame00275 0.487041 880.485474 345.860352 1055.388916 407.395111
frame00275 0.250348 1156.390259 344.555786 1254.803589 403.272308
frame00275 0.582362 0.000000 337.400665 170.809036 560.091370
frame00276 0.228269 760.424744 352.796631 882.956482 396.785797
frame00276 0.483103 882.970276 345.892151 1057.803345 407.352997
frame00276 0.249024 1157.341431 344.961304 1254.933350 402.707855
frame00276 0.533018 0.000000 344.777893 145.763458 555.767883
frame00277 0.259733 762.703003 353.033630 883.752686 396.396759
frame00277 0.482361 882.329712 344.993622 1060.593750 406.240265
frame00277 0.257488 1156.655273 343.609070 1257.692383 402.904602
frame00277 0.454705 0.000000 356.217712 127.389992 555.118103
frame00278 0.264371 765.970825 353.724274 880.324646 394.981201
frame00278 0.473216 887.148499 346.799927 1056.116455 403.716064
frame00278 0.255934 1153.335815 345.004028 1255.479004 400.359467
frame00278 0.351617 0.000000 381.655884 116.317612 542.157837
frame00279 0.253601 766.236877 353.234833 879.207275 393.979462
frame00279 0.493525 887.599731 347.344299 1053.175903 401.667023
frame00279 0.269660 1153.445923 346.012909 1255.943237 399.188202
frame00279 0.234870 0.000000 395.531158 114.588364 527.097473
frame00280 0.272138 762.751160 353.714752 876.768921 393.964203
frame00280 0.521570 890.912476 347.794250 1051.187012 399.647766
frame00280 0.289455 1154.296387 346.998291 1258.721313 398.502533
frame00281 0.279334 762.979004 353.318207 877.872620 393.705933
frame00281 0.511843 891.842346 347.721405 1049.823242 398.112762
frame00281 0.296752 1160.165894 346.825470 1258.828369 398.078491
frame00282 0.264296 765.295410 353.393341 878.141968 393.319824
frame00282 0.519262 892.587646 347.815552 1048.282837 397.930542
frame00282 0.290079 1159.981445 346.847168 1257.687866 397.886993
frame00283 0.250718 763.373047 353.146484 870.225281 392.345825
frame00283 0.536409 894.400635 348.179871 1048.252930 398.266022
frame00283 0.288267 1157.239502 346.774231 1256.915161 397.652344
