frame00000 0.234182 624.892639 354.864227 737.609192 396.907440
frame00000 0.299499 730.760864 356.516937 808.900513 387.000519
frame00000 0.330612 961.190552 354.009369 1069.848511 384.662506
frame00000 0.326813 1124.729614 358.187439 1233.587646 392.388214
frame00001 0.245933 619.449524 356.065704 733.200623 396.354004
frame00001 0.291454 728.238403 356.459839 808.172302 386.740387
frame00001 0.315227 964.043518 354.208405 1071.048462 384.684143
frame00001 0.327797 1123.032349 359.444244 1234.122803 391.220490
frame00002 0.239786 620.486206 355.910614 732.179626 396.329803
frame00002 0.306195 726.689514 356.213898 805.466553 386.644714
frame00002 0.354114 960.135498 353.783112 1069.513672 385.131836
frame00002 0.322702 1122.961548 358.699585 1234.404297 391.188629
frame00003 0.248023 618.430420 355.854279 733.670898 396.357483
frame00003 0.301450 726.121155 356.023468 808.766235 387.079071
frame00003 0.306572 963.336060 353.687927 1072.255127 384.878876
frame00003 0.333699 1122.404907 359.191071 1235.059204 391.528687
frame00004 0.256902 620.940491 355.827820 734.754700 396.801483
frame00004 0.289534 728.759644 356.152557 807.736816 386.733856
frame00004 0.341277 960.055420 354.049133 1069.315186 384.796387
frame00004 0.331723 1121.078857 358.621033 1234.545654 391.528229
frame00005 0.245714 623.380005 354.880554 738.633362 397.050201
frame00005 0.301986 726.571167 355.889343 808.685608 387.305054
frame00005 0.333955 962.583130 353.678162 1073.033936 384.826538
frame00005 0.320512 1123.259521 358.019928 1232.592651 391.732330
frame00006 0.242857 622.878113 354.261841 739.191406 397.569122
frame00006 0.299283 726.930054 355.889313 809.573242 387.731628
frame00006 0.330850 964.387695 353.501709 1073.553711 384.062683
frame00006 0.321810 1126.290894 357.833496 1232.572632 391.636475
frame00007 0.258388 623.589417 355.761627 737.134766 396.795654
frame00007 0.290949 726.732849 355.938354 806.957642 386.993958
frame00007 0.335315 958.594727 353.665253 1068.716187 385.228302
frame00007 0.326568 1123.758301 358.086517 1236.112793 392.151581
frame00008 0.257681 620.963562 356.137299 733.254944 396.736053
frame00008 0.281390 727.815857 355.941254 806.277466 386.497894
frame00008 0.352724 958.493103 354.119019 1067.985596 385.134430
frame00008 0.328774 1123.142334 358.849945 1235.916992 391.549561
frame00009 0.261318 621.320129 355.771515 736.011108 396.793762
frame00009 0.278151 727.670349 355.955627 806.740784 386.567291
frame00009 0.344354 959.664673 354.409729 1068.756470 385.003540
frame00009 0.331081 1120.538330 359.279358 1235.146729 391.747131
frame00010 0.248726 622.187073 356.053040 733.374512 396.219299
frame00010 0.297552 728.690735 356.103058 806.612915 386.171265
frame00010 0.340425 960.704468 353.966003 1070.193359 385.007202
frame00010 0.328599 1121.111450 358.825317 1234.223022 391.977509
frame00011 0.250794 623.951660 355.963043 738.206543 396.922485
frame00011 0.295049 725.481262 355.803955 806.534912 387.230530
frame00011 0.320141 963.018677 353.820404 1070.619385 384.929993
frame00011 0.336506 1120.892212 359.343750 1234.642578 392.002228
frame00012 0.245555 620.947021 355.849548 732.715393 396.455627
frame00012 0.295999 728.180847 355.914703 807.201050 386.629456
frame00012 0.347348 958.517456 353.682098 1070.015747 385.379456
frame00012 0.329377 1120.576294 358.611633 1234.767578 391.783661
frame00013 0.241955 623.238159 355.851807 735.072144 396.739471
frame00013 0.298928 728.114929 356.096832 806.244995 386.840790
frame00013 0.327868 961.074585 353.860870 1069.049316 385.036224
frame00013 0.335294 1120.945923 358.871857 1234.139282 392.182739
frame00014 0.238361 623.610901 356.574188 734.463867 396.504272
frame00014 0.303359 726.414795 356.106476 805.933838 387.028778
frame00014 0.342385 957.454773 353.688477 1069.883789 386.204926
frame00014 0.329366 1121.638916 359.194427 1237.392456 392.454865
frame00015 0.245836 624.703003 355.759491 739.346252 397.012726
frame00015 0.302000 723.111328 355.648071 804.890991 387.245636
frame00015 0.355671 959.886536 353.716125 1070.876709 385.688477
frame00015 0.327898 1122.182739 358.763092 1236.535156 391.941895
frame00016 0.233375 622.068420 356.089355 732.541199 396.351776
frame00016 0.298996 728.770020 356.305054 806.782715 386.739166
frame00016 0.342822 959.114502 354.041718 1068.533691 385.516174
frame00016 0.327650 1122.870972 359.299896 1235.184692 391.515015
frame00017 0.237205 619.202759 356.443817 730.253906 396.072784
frame00017 0.298948 728.829590 356.191986 805.934082 386.200195
frame00017 0.339358 959.988159 354.081451 1069.575317 385.743896
frame00017 0.326401 1119.528931 359.688293 1234.016479 391.399170
frame00018 0.240525 621.839600 356.973328 732.438843 396.336151
frame00018 0.301027 725.071289 355.962555 804.527710 386.794495
frame00018 0.341531 961.312744 353.921509 1071.502441 385.909485
frame00018 0.322597 1121.015503 359.700745 1234.720337 391.401978
frame00019 0.247189 621.557434 356.053711 735.075317 396.822510
frame00019 0.297407 724.422485 355.679871 805.737183 386.921234
frame00019 0.341323 960.737976 353.563141 1071.286255 385.341858
frame00019 0.327510 1123.766602 358.814667 1236.392944 391.648956
frame00020 0.253188 620.351990 356.400879 732.930664 396.434540
frame00020 0.300275 723.641479 355.339386 804.865601 386.568207
frame00020 0.354030 958.917480 353.361359 1071.834839 386.129150
frame00020 0.320172 1121.239746 358.754242 1236.031006 391.502960
frame00021 0.251973 621.474060 357.228363 730.171448 395.906677
frame00021 0.297125 728.182922 356.467041 805.677429 386.574890
frame00021 0.336510 956.850037 354.009735 1066.908936 386.096558
frame00021 0.328486 1120.770752 359.282745 1236.423462 392.245636
frame00022 0.242336 620.935181 357.013397 730.402832 395.973572
frame00022 0.302469 727.071899 355.777496 805.450684 386.332245
frame00022 0.346244 958.672546 353.834167 1070.371948 386.206268
frame00022 0.327685 1120.048706 359.657776 1235.778198 391.706573
frame00023 0.258486 618.960693 357.478302 727.081299 395.682739
frame00023 0.291131 723.804260 355.376678 802.882446 386.476654
frame00023 0.354913 955.144043 353.290771 1068.953735 386.691895
frame00023 0.326063 1119.780151 359.266937 1237.973389 391.892273
frame00024 0.239498 619.705322 357.467102 727.878052 395.834686
frame00024 0.307416 725.569702 356.055450 804.788879 386.735626
frame00024 0.339568 958.482544 353.491852 1070.709229 386.652435
frame00024 0.320013 1121.167725 359.463531 1236.543823 391.475494
frame00025 0.242377 617.629028 356.632660 728.824524 396.120514
frame00025 0.304851 725.555908 355.711029 807.146729 387.080109
frame00025 0.325966 959.988037 353.275696 1071.201294 385.723297
frame00025 0.336797 1121.161133 359.260864 1236.144165 392.026550
frame00026 0.257266 619.324768 357.322723 728.845093 395.722351
frame00026 0.289298 725.633850 355.486816 804.333801 386.271790
frame00026 0.340506 954.505310 353.692474 1064.899658 385.836151
frame00026 0.332331 1120.427490 359.707031 1237.308960 392.079224
frame00027 0.264348 621.475525 356.853241 732.683105 396.270721
frame00027 0.285411 725.494873 355.450409 805.371399 386.269897
frame00027 0.356011 959.044556 353.925018 1072.097412 386.195984
frame00027 0.325290 1119.828613 359.112305 1236.092407 391.660065
frame00028 0.245433 624.402954 355.642029 737.655945 397.052948
frame00028 0.285356 728.137878 355.778687 807.003113 386.606110
frame00028 0.350570 959.635925 354.147430 1070.181885 385.372192
frame00028 0.330579 1122.750000 358.832672 1235.286133 392.018280
frame00029 0.250408 621.058716 357.003998 731.903748 396.682587
frame00029 0.292687 724.340698 355.482910 804.687622 386.632477
frame00029 0.363428 957.543823 353.664368 1071.990356 386.736298
frame00029 0.324345 1119.920166 358.807709 1235.888184 391.858032
frame00030 0.258700 621.949646 357.604584 730.270081 396.109283
frame00030 0.285826 727.375549 355.724762 804.000610 386.067627
frame00030 0.352849 954.637939 353.835968 1067.619751 386.591797
frame00030 0.333110 1117.552368 359.255493 1237.309692 392.607849
frame00031 0.241470 622.550415 356.813049 734.114929 396.896332
frame00031 0.303524 725.102051 355.650024 804.343140 386.601685
frame00031 0.349091 958.749939 353.770203 1071.319946 386.450623
frame00031 0.328838 1119.866577 359.378143 1236.211060 392.089081
frame00032 0.251877 622.446533 356.435364 735.150452 396.889160
frame00032 0.291982 722.609924 355.074646 804.417175 387.041931
frame00032 0.364583 958.060242 353.414886 1072.609497 386.647858
frame00032 0.326148 1121.316650 358.874237 1237.567871 391.795044
frame00033 0.250272 622.518982 356.799988 733.415833 396.536499
frame00033 0.291506 723.660828 354.909454 803.669373 386.401276
frame00033 0.363791 955.670532 353.531342 1071.834473 387.362610
frame00033 0.321752 1119.569336 359.007019 1237.169067 392.051483
frame00034 0.240100 616.960083 357.715363 723.805786 395.926758
frame00034 0.287618 727.116943 355.514648 803.277832 385.964569
frame00034 0.348805 956.824951 353.787903 1069.408447 386.910919
frame00034 0.326754 1119.840820 360.215393 1236.789551 391.708984
frame00035 0.236269 621.262207 358.771942 724.558411 395.771301
frame00035 0.295235 723.518005 355.534698 800.567688 386.600952
frame00035 0.358041 955.483765 353.787109 1070.501221 387.756744
frame00035 0.324039 1119.951294 360.175995 1237.761963 392.151611
frame00036 0.241686 618.914185 358.339386 723.782959 395.652130
frame00036 0.301017 722.744995 355.078094 801.395935 386.329803
frame00036 0.358130 956.879944 353.113708 1072.220947 387.311615
frame00036 0.324691 1120.418945 359.578949 1237.534058 391.675812
frame00037 0.238115 619.409058 358.111115 726.466797 396.242706
frame00037 0.299652 724.124451 355.382660 802.739990 386.602020
frame00037 0.355191 956.861328 353.813660 1071.958740 387.842499
frame00037 0.323272 1119.428467 360.256500 1237.549316 391.733185
frame00038 0.250075 621.936523 358.175873 728.124268 396.048126
frame00038 0.277348 724.621704 355.029297 801.958740 386.283447
frame00038 0.364375 953.277832 353.824280 1068.108032 387.371094
frame00038 0.330135 1117.240967 360.034149 1237.563354 392.456696
frame00039 0.248702 622.616638 359.015198 728.015686 396.098663
frame00039 0.281212 723.450317 355.448273 801.196289 386.391083
frame00039 0.349228 954.383484 354.001526 1067.507080 387.379211
frame00039 0.323580 1119.841797 360.266113 1237.765137 392.461731
frame00040 0.253543 628.916870 358.099823 739.029053 396.824249
frame00040 0.299286 721.380981 355.114014 803.024353 387.251984
frame00040 0.349244 956.909302 353.893219 1072.242676 387.692657
frame00040 0.330862 1116.657715 359.967529 1238.618896 392.781219
frame00041 0.232428 625.568176 357.531067 735.012878 397.189056
frame00041 0.305920 724.309387 355.475098 804.478760 387.046356
frame00041 0.356259 957.156433 353.868866 1073.056763 387.664612
frame00041 0.333326 1118.942749 359.667572 1237.505859 392.773590
frame00042 0.244915 625.327576 357.885101 732.353577 396.164795
frame00042 0.298096 728.261658 356.001709 805.036682 386.378723
frame00042 0.335957 957.211426 354.143768 1067.780884 386.530090
frame00042 0.334284 1118.372192 360.014374 1236.083984 392.605835
frame00043 0.229991 624.919128 358.641571 729.000244 396.033997
frame00043 0.304345 726.178345 355.951294 803.073181 386.581604
frame00043 0.350246 954.611511 354.081329 1067.901123 387.543030
frame00043 0.328875 1120.850342 360.424225 1238.118164 392.683350
frame00044 0.229882 628.115356 357.230286 735.801086 396.479645
frame00044 0.312631 723.488892 355.436188 802.079468 386.842896
frame00044 0.351000 957.696838 353.919312 1070.772217 387.476135
frame00044 0.335119 1119.300659 359.976898 1237.768677 393.053986
frame00045 0.215976 628.949402 357.032227 736.155273 396.799744
frame00045 0.315078 724.814575 355.933990 802.790649 387.322174
frame00045 0.354538 957.999817 354.153931 1071.341187 387.772308
frame00045 0.332989 1119.272217 359.943298 1236.707275 393.018463
frame00046 0.329435 729.054077 356.491882 805.131714 387.285278
frame00046 0.344130 957.297668 354.304932 1070.480469 387.499939
frame00046 0.341684 1118.972900 360.280701 1236.203003 393.051392
frame00047 0.230295 631.523071 356.415314 741.082458 397.169495
frame00047 0.303422 727.369263 355.973663 805.092468 387.116882
frame00047 0.359703 957.569031 354.244354 1070.239990 386.758575
frame00047 0.331795 1119.528320 359.224152 1235.792358 392.948517
frame00048 0.218053 630.403198 355.954010 740.435425 397.398376
frame00048 0.326775 725.841675 355.769592 806.489380 387.870239
frame00048 0.362216 957.868591 353.390961 1073.765137 387.228943
frame00048 0.329752 1120.217041 358.356232 1236.033447 392.848389
frame00049 0.208735 629.767578 357.259583 735.262146 396.649963
frame00049 0.324915 727.171570 356.472809 803.942505 387.519470
frame00049 0.344829 958.014648 353.995972 1070.045898 387.567688
frame00049 0.331823 1120.232788 359.741791 1235.903442 392.900848
frame00050 0.234157 630.748779 357.091095 739.298584 397.283142
frame00050 0.304289 729.648926 356.592682 806.230469 387.179016
frame00050 0.345361 960.369141 354.464264 1070.313477 386.637115
frame00050 0.328401 1118.736694 359.296478 1233.864380 392.658020
frame00051 0.236707 630.283508 357.271637 737.027283 396.713379
frame00051 0.308246 727.062073 355.949066 803.956421 386.826294
frame00051 0.351428 956.462463 353.938354 1068.202026 386.974579
frame00051 0.327476 1120.326416 359.242493 1236.461670 392.816711
frame00052 0.215154 627.234375 357.271393 733.338501 396.718872
frame00052 0.322868 726.089844 355.842712 802.675232 387.011871
frame00052 0.350465 955.781860 353.906677 1069.004883 387.761993
frame00052 0.333360 1119.170410 360.002533 1236.933350 392.785400
frame00053 0.223567 629.069946 356.265686 738.607483 397.150604
frame00053 0.312293 729.028564 355.777588 806.909851 387.161865
frame00053 0.362359 956.507507 353.941711 1069.886963 387.010223
frame00053 0.329638 1119.400879 359.362762 1235.205688 392.471649
frame00054 0.228888 629.735840 356.587006 738.873413 397.228638
frame00054 0.305612 727.043213 355.948486 805.139709 387.230438
frame00054 0.359588 955.503418 354.155670 1068.614746 387.024872
frame00054 0.333311 1120.328857 359.376221 1236.619995 392.832092
frame00055 0.212151 631.173889 355.811127 741.292725 397.668762
frame00055 0.316073 727.135315 356.211548 804.697998 387.403900
frame00055 0.364405 958.284363 354.351776 1070.458130 386.938446
frame00055 0.333102 1122.283691 359.272369 1236.360962 393.030426
frame00056 0.212514 632.072510 355.253540 741.518555 397.412689
frame00056 0.321940 728.291626 356.179230 805.250549 387.537781
frame00056 0.356579 957.822021 354.069397 1070.163208 386.802124
frame00056 0.340408 1119.936401 358.959778 1235.292358 393.482666
frame00057 0.209171 634.543518 355.835632 743.669067 397.585815
frame00057 0.326027 727.864929 356.302704 804.069580 387.659149
frame00057 0.349387 953.755371 354.397491 1064.107056 387.109283
frame00057 0.342041 1119.281250 359.518524 1235.809082 394.075867
frame00058 0.227133 632.179443 355.804199 743.463745 397.717743
frame00058 0.308578 727.058228 356.049774 806.449463 387.840179
frame00058 0.360239 956.434387 354.053833 1069.256104 386.767639
frame00058 0.326643 1121.771973 358.842529 1236.260742 392.855591
frame00059 0.232583 628.920349 356.574402 738.304810 397.423035
frame00059 0.311011 725.942322 355.435913 804.689087 387.146057
frame00059 0.375276 956.687683 353.521851 1071.642822 387.302643
frame00059 0.326717 1119.585205 358.666138 1235.828369 392.397705
frame00060 0.241228 631.147766 356.915344 741.981506 397.094391
frame00060 0.312929 721.980042 354.938934 803.412415 387.188812
frame00060 0.354678 954.682922 353.810699 1068.443481 387.663605
frame00060 0.327067 1120.009521 359.286560 1237.358276 393.237152
frame00061 0.238476 630.702637 356.964844 741.672363 397.091553
frame00061 0.307255 724.908203 355.501068 804.255920 387.032776
frame00061 0.345660 958.521729 354.588043 1069.917725 387.540497
frame00061 0.335407 1118.795288 360.125732 1237.038452 393.383759
frame00062 0.227857 631.350647 357.053467 739.913330 396.706818
frame00062 0.316509 722.975952 355.119995 801.641357 387.205078
frame00062 0.355369 954.880310 353.869843 1068.574707 387.813995
frame00062 0.331150 1117.406372 359.883087 1236.997437 393.122620
frame00063 0.213774 631.083008 356.988922 739.424683 396.821808
frame00063 0.325077 722.437439 355.306244 801.936951 387.552338
frame00063 0.363127 957.110840 353.967529 1072.296387 388.395935
frame00063 0.325606 1119.014526 360.234009 1237.376831 392.872589
frame00064 0.225185 633.765869 355.305939 748.810730 398.175476
frame00064 0.322953 723.522888 355.275085 804.639648 388.163116
frame00064 0.366373 955.633179 354.405701 1069.458862 387.753143
frame00064 0.331748 1117.080322 359.618744 1235.598022 393.100677
frame00065 0.228826 633.859192 355.762177 745.643250 397.203827
frame00065 0.311856 725.934448 355.518951 804.332153 387.320496
frame00065 0.362200 955.864929 354.637390 1067.980591 387.378021
frame00065 0.334921 1117.951172 359.939026 1236.194824 393.480286
frame00066 0.232111 634.541077 356.337891 744.450012 396.702118
frame00066 0.318953 721.969543 354.929474 802.362732 387.177185
frame00066 0.379046 953.413086 353.741638 1070.492676 388.509613
frame00066 0.330336 1118.435547 358.795746 1239.160034 393.967224
frame00067 0.228231 631.885010 356.109344 745.158386 396.785522
frame00067 0.316521 718.206848 354.043640 802.572693 387.674438
frame00067 0.360853 956.985596 353.759094 1073.788940 388.625854
frame00067 0.329998 1119.049683 360.071075 1239.004028 393.434326
frame00068 0.213652 433.702148 351.632812 525.050049 390.705414
frame00068 0.212675 632.580566 356.628937 742.115356 396.305176
frame00068 0.324331 720.585449 354.358795 802.033386 387.292053
frame00068 0.366117 954.180603 353.809479 1073.268433 389.339630
frame00068 0.333731 1116.664185 360.289368 1238.583130 393.738800
frame00069 0.250909 436.777924 352.866028 528.647400 391.626495
frame00069 0.228990 632.661804 356.842194 743.319458 395.245636
frame00069 0.312116 720.503906 354.103333 803.191895 386.808868
frame00069 0.341776 956.444763 354.515228 1071.334595 388.646118
frame00069 0.335313 1116.390381 361.303223 1237.324463 393.332550
frame00070 0.248173 634.639221 356.853546 748.234619 397.079773
frame00070 0.303962 722.529236 354.600525 806.262878 387.549988
frame00070 0.356581 956.864746 354.308014 1073.233154 388.531372
frame00070 0.327654 1118.138916 359.766205 1238.625000 393.559235
frame00071 0.206925 430.824951 351.515198 521.655884 390.229309
frame00071 0.228310 635.913757 357.490082 744.619690 396.488312
frame00071 0.317661 721.383789 354.910187 801.609619 387.268799
frame00071 0.355487 954.624268 354.179810 1070.309692 388.732635
frame00071 0.332746 1116.941650 360.118439 1237.839111 393.993164
frame00072 0.220889 431.179382 351.105530 524.204041 390.459778
frame00072 0.234019 634.514893 356.582520 745.007812 395.823639
frame00072 0.312635 722.062988 354.448730 803.838379 387.034790
frame00072 0.353822 954.150513 354.223541 1069.657959 388.646179
frame00072 0.332023 1117.022583 360.322968 1237.659058 394.073059
frame00073 0.225694 631.791748 355.722717 742.396484 396.074280
frame00073 0.313420 724.478760 354.782318 804.881470 386.982880
frame00073 0.364772 954.835693 354.352570 1070.310181 388.449615
frame00073 0.333262 1117.826416 359.981903 1236.624390 393.599030
frame00074 0.211278 427.134155 350.812714 517.789917 388.650269
frame00074 0.207847 633.552490 356.089447 744.172607 396.138977
frame00074 0.321984 722.502502 354.913513 804.388672 387.623932
frame00074 0.354140 957.786743 354.063080 1073.624146 388.666260
frame00074 0.326113 1118.550781 360.391785 1236.852783 393.409210
frame00075 0.233456 426.412476 349.848755 520.660645 389.442627
frame00075 0.204622 633.838440 355.415466 744.767517 396.201141
frame00075 0.328851 720.800232 354.560638 801.987854 387.406860
frame00075 0.379568 954.463013 354.176849 1071.840820 389.099579
frame00075 0.333878 1117.192627 360.316833 1237.312500 393.774750
frame00076 0.337987 726.402222 355.263336 807.011169 387.595947
frame00076 0.358267 955.181213 353.932648 1072.249512 388.715271
frame00076 0.335309 1119.458008 360.026062 1236.848145 393.642242
frame00077 0.223196 427.383179 352.250488 518.679565 390.006012
frame00077 0.211287 632.054260 356.687653 742.516357 396.166229
frame00077 0.311178 723.062439 355.083374 804.399719 387.324463
frame00077 0.348740 958.955811 354.338470 1073.787231 388.349304
frame00077 0.326512 1118.898682 360.831451 1236.500732 393.208160
frame00078 0.201224 423.251953 350.173279 516.806763 389.024048
frame00078 0.229505 633.132202 355.866028 745.851807 396.737762
frame00078 0.299417 724.706787 354.785828 805.712219 387.089508
frame00078 0.368019 953.590759 354.705719 1069.487183 388.294098
frame00078 0.338296 1119.383423 360.326752 1238.640381 393.871887
frame00079 0.237494 426.249420 351.985077 521.225037 391.558441
frame00079 0.233187 635.081177 356.338470 749.091919 396.755707
frame00079 0.309368 719.002563 354.016968 804.240723 387.628601
frame00079 0.364739 957.655151 354.251160 1074.189697 388.793365
frame00079 0.326536 1117.340332 360.401031 1236.844727 393.548676
frame00080 0.256616 426.335754 351.699280 520.708130 390.456177
frame00080 0.235936 636.890625 355.754333 750.934753 396.011414
frame00080 0.308141 719.769531 353.639587 804.258789 387.301666
frame00080 0.372896 954.036499 354.339264 1070.973999 388.710052
frame00080 0.333638 1115.693115 360.327026 1236.976929 394.032898
frame00081 0.243053 425.918213 352.210297 518.375366 389.907410
frame00081 0.239372 634.036377 356.123413 746.408997 395.555573
frame00081 0.302025 721.080383 353.793335 805.322510 386.962555
frame00081 0.346386 956.400085 353.949738 1071.908936 388.084961
frame00081 0.342356 1116.935181 360.485718 1237.767578 394.269714
frame00082 0.222790 423.774963 350.982208 518.008118 389.664276
frame00082 0.226849 633.735840 355.666931 748.418579 396.538727
frame00082 0.309123 721.352783 354.191406 805.110229 387.329254
frame00082 0.362382 957.328369 354.258881 1074.423584 388.384430
frame00082 0.336191 1115.950928 360.452881 1236.828613 393.645844
frame00083 0.229512 423.114197 351.042847 518.567627 390.358643
frame00083 0.233226 636.550354 355.760498 751.261230 396.420654
frame00083 0.303556 719.445557 354.063080 803.548340 387.299133
frame00083 0.359080 956.942383 354.771332 1071.875732 388.348328
frame00083 0.340661 1118.068359 360.978210 1238.718384 394.109711
frame00084 0.215958 419.214539 350.375732 514.419617 389.157532
frame00084 0.248482 635.794739 355.940796 752.395386 397.365173
frame00084 0.303818 720.699402 354.355530 804.700378 387.697388
frame00084 0.360943 955.121155 354.551971 1069.165039 387.571381
frame00084 0.333512 1116.505615 360.026093 1235.974243 393.735077
frame00085 0.206840 419.001526 350.457336 511.137756 388.172211
frame00085 0.274645 637.835876 355.882782 757.347961 397.749451
frame00085 0.286393 716.394958 353.565491 803.821899 388.177155
frame00085 0.357142 956.283447 354.506439 1069.181519 387.142029
frame00085 0.338826 1118.449097 359.948425 1238.229492 393.867157
frame00086 0.248163 423.732574 352.564667 519.249695 391.826202
frame00086 0.258465 639.943298 356.568909 757.843262 397.138458
frame00086 0.303588 712.769287 353.560791 801.155701 388.141174
frame00086 0.346608 957.145630 354.923431 1070.479614 388.258759
frame00086 0.339543 1115.999756 361.165497 1237.872437 394.458008
frame00087 0.239002 420.432434 351.985504 518.385254 391.491364
frame00087 0.263765 635.120789 356.160126 755.095276 397.210449
frame00087 0.295028 717.237549 353.764099 804.986877 387.561035
frame00087 0.353743 959.544006 355.034515 1073.736938 387.644379
frame00087 0.324845 1117.665527 360.951172 1236.474121 393.218109
frame00088 0.218492 418.523102 350.784821 514.003052 388.821960
frame00088 0.268929 632.874512 355.990936 752.618347 397.172150
frame00088 0.295316 719.193176 354.014648 806.167969 387.516418
frame00088 0.347326 957.824646 354.326019 1071.555420 386.859436
frame00088 0.336398 1116.243164 359.917328 1236.493164 393.513245
frame00089 0.249407 419.692352 351.429474 519.697998 391.852539
frame00089 0.271874 636.994629 355.967560 756.614380 397.185059
frame00089 0.296813 715.432739 353.331635 802.953796 387.535553
frame00089 0.360664 956.601440 354.541046 1071.616821 387.652985
frame00089 0.330021 1115.398804 360.276794 1236.800415 393.724945
frame00090 0.220372 417.867615 350.638580 518.220093 391.472443
frame00090 0.264052 636.042114 356.168335 753.028809 396.738098
frame00090 0.303551 717.794434 354.339050 803.617004 387.359955
frame00090 0.347996 956.946106 354.720306 1071.140869 387.780731
frame00090 0.334681 1116.489502 360.127838 1237.545410 394.200836
frame00091 0.268955 417.005585 351.967224 518.885620 392.571838
frame00091 0.254702 634.754761 355.454834 754.802124 397.039215
frame00091 0.300786 715.990906 353.400726 804.297180 387.691986
frame00091 0.358140 956.609741 354.548645 1071.823364 387.917450
frame00091 0.330160 1115.989502 360.451599 1235.925171 393.539429
frame00092 0.271885 417.017090 351.963928 522.892334 393.962433
frame00092 0.260259 631.913696 354.556549 755.208496 396.772491
frame00092 0.287227 717.475464 353.164520 805.573120 387.310974
frame00092 0.351864 957.219910 354.935486 1070.538452 387.398193
frame00092 0.334772 1115.108032 361.107788 1235.179443 393.324493
frame00093 0.282375 416.326447 353.648834 522.546509 395.810059
frame00093 0.242545 634.041626 355.318268 753.677490 396.733704
frame00093 0.301105 718.020264 353.213806 804.993042 387.095978
frame00093 0.360254 954.850159 354.650238 1071.093140 388.343597
frame00093 0.331224 1117.098633 360.925598 1237.060913 393.982422
frame00094 0.334659 415.484192 353.999695 526.834778 397.781738
frame00094 0.218943 634.515320 354.768890 752.836975 395.606689
frame00094 0.315930 716.059814 353.072052 803.833252 386.794250
frame00094 0.358171 953.806396 354.936371 1072.135376 388.944824
frame00094 0.327556 1116.765625 361.399780 1236.595337 393.873718
frame00095 0.256965 411.993744 352.572632 516.185486 393.499878
frame00095 0.260077 630.560791 355.299774 750.673828 396.842224
frame00095 0.288625 719.407898 353.757111 805.678467 387.033142
frame00095 0.340083 957.021790 354.698486 1069.110229 386.989532
frame00095 0.330031 1118.739502 360.484375 1235.396484 393.306549
frame00096 0.263632 411.047516 352.300507 520.216431 395.155273
frame00096 0.248287 630.882507 355.073547 752.664490 397.273224
frame00096 0.302235 718.386230 353.634460 805.806580 387.252747
frame00096 0.357917 954.658691 354.474274 1071.309937 387.841187
frame00096 0.328787 1117.518555 360.121185 1236.637573 393.413788
frame00097 0.289079 400.559021 351.926117 516.987793 396.195435
frame00097 0.249059 629.309021 353.254700 757.497925 397.752075
frame00097 0.305399 718.035889 352.837555 806.449707 387.117981
frame00097 0.345940 954.774536 354.625183 1068.532959 386.638550
frame00097 0.336960 1116.068604 360.971039 1234.392822 393.684387
frame00098 0.295461 397.553864 352.707794 515.902832 397.686249
frame00098 0.233226 628.638306 353.951111 754.358398 398.216461
frame00098 0.301540 718.787598 353.753723 806.035828 387.208191
frame00098 0.366469 956.413269 355.171631 1072.402100 387.554688
frame00098 0.327394 1118.119873 360.648621 1234.636963 393.324799
frame00099 0.278228 397.916595 351.531036 514.799255 396.259827
frame00099 0.267568 626.942017 353.334137 756.232300 398.349335
frame00099 0.283419 719.000366 353.230408 808.961060 387.365448
frame00099 0.359104 954.472046 354.852142 1069.937500 386.880585
frame00099 0.323801 1119.085815 360.053802 1235.094604 393.154755
frame00100 0.281680 394.848083 351.454865 513.307373 396.951660
frame00100 0.258475 630.507141 353.158295 759.119629 398.607666
frame00100 0.289373 718.867676 353.258636 807.313232 387.412262
frame00100 0.366780 953.879028 354.915466 1070.316895 387.097534
frame00100 0.335330 1116.565918 360.226379 1235.652954 394.052673
frame00101 0.287786 391.382080 351.639008 510.397186 396.733856
frame00101 0.255881 627.800964 352.752045 757.760559 398.592865
frame00101 0.287758 719.466797 353.330322 808.390442 387.301483
frame00101 0.346245 954.702148 354.953033 1069.088623 386.448853
frame00101 0.335109 1116.759888 360.468079 1233.994019 393.836487
frame00102 0.285445 384.899261 351.159821 506.285065 397.336304
frame00102 0.247251 627.267944 352.224457 757.741028 399.071960
frame00102 0.287076 719.501648 353.342896 808.640442 387.539581
frame00102 0.357917 955.960754 354.768921 1072.035645 386.528687
frame00102 0.326406 1118.841675 359.924500 1233.999512 393.503418
frame00103 0.274399 383.050110 351.224091 504.037598 397.447235
frame00103 0.253308 626.145508 352.234924 755.370728 399.347992
frame00103 0.277138 724.893433 354.088440 810.992676 387.233276
frame00103 0.343473 955.891418 355.088287 1068.844482 385.982697
frame00103 0.338419 1117.866699 359.986237 1233.282227 393.982269
frame00104 0.288263 383.698853 352.013275 506.297424 398.674164
frame00104 0.282592 623.186096 351.840393 756.970581 399.443329
frame00104 0.246999 723.917480 353.282318 812.619080 387.105072
frame00104 0.353592 954.715271 355.344330 1068.346436 385.534058
frame00104 0.337993 1118.295776 360.308594 1233.774536 393.672455
frame00105 0.228494 381.869537 349.780518 496.764648 395.205658
frame00105 0.262589 626.928467 352.240784 754.283997 399.987457
frame00105 0.276535 726.469604 354.458160 812.160156 387.729584
frame00105 0.355917 955.245422 355.083160 1068.495850 385.824860
frame00105 0.327939 1120.706909 359.537384 1233.247192 393.475677
frame00106 0.297491 385.070435 353.425720 506.491333 400.827942
frame00106 0.272543 624.266968 352.329407 755.757141 399.412628
frame00106 0.255132 723.797363 353.387939 811.942810 387.502380
frame00106 0.356679 955.149231 355.080627 1066.968262 385.342804
frame00106 0.321292 1119.968872 360.358856 1231.245239 392.881470
frame00107 0.285085 380.005798 352.834229 504.887024 400.957947
frame00107 0.286246 625.742554 352.759186 756.919495 399.802612
frame00107 0.247354 725.284790 353.915680 812.041260 386.807098
frame00107 0.356483 955.296021 355.525116 1067.614014 385.659424
frame00107 0.324696 1117.400513 359.511536 1231.240479 393.323425
frame00108 0.313578 378.042114 354.076477 500.843781 402.065277
frame00108 0.276018 627.363831 352.234619 758.895203 399.627808
frame00108 0.250125 723.446655 353.388672 812.522278 387.688324
frame00108 0.331361 957.256836 355.013641 1067.775635 385.331207
frame00108 0.326047 1117.231567 360.268097 1229.661865 393.808075
frame00109 0.268122 374.999634 350.752380 497.274170 398.765045
frame00109 0.280851 623.275940 351.963684 752.245178 399.906708
frame00109 0.244397 729.588684 354.264832 813.719727 386.880768
frame00109 0.366867 954.890076 355.211182 1068.008545 384.798157
frame00109 0.321596 1118.151978 359.329956 1230.041870 392.840790
frame00110 0.292407 374.653870 351.943512 499.234619 401.828888
frame00110 0.276960 626.783752 351.514801 759.017334 400.660187
frame00110 0.250015 723.904297 353.422516 811.874512 387.977295
frame00110 0.362084 957.061401 354.969818 1067.953735 385.082458
frame00110 0.323628 1117.918701 359.568787 1229.443848 393.093567
frame00111 0.311888 372.493011 354.219635 496.438171 403.536591
frame00111 0.266139 624.159851 351.872467 754.090698 400.270416
frame00111 0.245335 728.186707 353.852295 814.592651 387.536713
frame00111 0.343788 957.676514 354.927612 1067.439941 385.203583
frame00111 0.323732 1118.515869 359.793640 1227.919922 393.507965
frame00112 0.330345 367.553406 353.221344 496.670898 404.746979
frame00112 0.283364 626.346497 351.218811 758.698120 400.464020
frame00112 0.240885 723.827209 353.110779 813.911743 387.584564
frame00112 0.356873 957.520813 355.012543 1068.536011 385.407898
frame00112 0.317797 1118.561279 359.318512 1228.371216 393.644257
frame00113 0.350442 363.387756 352.703461 494.908508 404.978790
frame00113 0.283974 623.273193 350.644104 755.363098 399.920441
frame00113 0.236415 725.649292 353.164886 815.061951 387.209106
frame00113 0.338712 960.139893 354.394836 1069.853760 384.430664
frame00113 0.312945 1119.604980 359.068115 1227.054321 393.154419
frame00114 0.326957 360.788116 352.064575 494.685364 405.646515
frame00114 0.288776 624.639954 351.057587 756.621338 400.709229
frame00114 0.245341 724.181641 353.295837 814.016235 387.584015
frame00114 0.345208 958.016846 354.063629 1069.908691 384.979767
frame00114 0.317788 1118.915527 358.193634 1229.147339 393.682068
frame00115 0.337159 360.286560 352.544800 494.682465 406.612152
frame00115 0.291134 621.692627 350.720093 752.555542 400.588440
frame00115 0.230508 727.769104 353.512390 814.654785 387.357758
frame00115 0.349942 956.118408 354.713928 1065.223267 384.721436
frame00115 0.321230 1119.419678 359.174622 1227.031372 393.588928
frame00116 0.341959 354.555359 351.427460 491.225891 406.737335
frame00116 0.277957 621.296753 350.093506 750.273376 400.400513
frame00116 0.245309 727.937866 353.441345 815.276733 387.006897
frame00116 0.349083 956.122986 354.033081 1067.360474 385.006805
frame00116 0.318599 1120.282837 358.236664 1227.754272 393.786346
frame00117 0.348472 350.755371 350.340881 484.864746 404.973999
frame00117 0.288007 620.524231 349.743774 750.932983 400.642303
frame00117 0.235633 728.841553 353.585266 817.421265 387.675323
frame00117 0.344123 959.853638 353.446686 1069.867432 383.829041
frame00117 0.309867 1120.346680 357.955444 1225.167847 393.084137
frame00118 0.373412 346.846252 352.332306 483.455750 407.886841
frame00118 0.300439 621.377380 350.259705 749.742432 400.811493
frame00118 0.234609 726.042542 353.286072 816.286560 387.613190
frame00118 0.346109 957.700317 353.324768 1068.555420 384.851685
frame00118 0.310036 1120.764038 357.272797 1226.443726 394.192749
frame00119 0.382263 340.270538 351.319061 478.293457 407.458191
frame00119 0.297409 617.336182 349.493286 744.508362 400.921295
frame00119 0.236393 729.709717 353.606598 819.015564 387.456665
frame00119 0.332949 959.053833 352.815033 1069.650391 384.656311
frame00119 0.312166 1120.809814 356.510376 1225.427734 394.506683
frame00120 0.356042 337.455078 350.465210 474.143372 406.595459
frame00120 0.304037 617.774475 349.714813 744.231812 400.954803
frame00120 0.230781 729.876648 353.805389 818.914856 387.578735
frame00120 0.351777 956.857666 352.733215 1068.485596 384.406891
frame00120 0.316264 1122.219727 356.634033 1226.984741 394.443542
frame00121 0.383311 333.669006 350.127655 473.500336 408.495972
frame00121 0.305690 612.707825 348.956604 740.055420 401.069031
frame00121 0.236554 727.467163 352.948547 819.633667 387.769196
frame00121 0.348087 956.951843 351.592346 1069.817749 384.600525
frame00121 0.306075 1124.914062 355.516327 1226.854248 394.481659
frame00122 0.388147 327.983887 350.861877 471.351196 410.868286
frame00122 0.285601 615.587280 349.234161 739.863220 400.715942
frame00122 0.247137 730.146973 353.833008 818.983887 387.784515
frame00122 0.330242 959.094727 352.244934 1070.120239 385.066772
frame00122 0.305396 1121.946777 356.443848 1223.864014 395.296082
frame00123 0.397656 325.479675 351.166504 473.402344 413.167877
frame00123 0.310551 609.819092 349.096069 734.462219 400.502655
frame00123 0.240729 729.810791 353.300781 820.202332 387.765747
frame00123 0.327716 955.918030 351.582306 1068.644287 385.361908
frame00123 0.312364 1122.327759 355.383270 1225.254883 395.919464
frame00124 0.417528 320.152618 351.647827 470.966003 413.992126
frame00124 0.307765 605.395325 349.202148 729.775146 400.575012
frame00124 0.235538 730.922302 353.673645 820.426086 387.494537
frame00124 0.319764 955.615540 351.682678 1067.544067 384.925842
frame00124 0.313090 1124.851318 355.506775 1226.147461 396.020874
frame00125 0.430581 313.736450 351.864258 471.595886 417.372955
frame00125 0.285192 609.329102 348.938965 733.418579 400.469543
frame00125 0.251886 728.099060 353.585480 818.961060 388.097443
frame00125 0.337272 957.200562 351.553802 1072.009155 385.995483
frame00125 0.308831 1124.628906 355.470276 1226.390137 396.214142
frame00126 0.404913 307.019501 350.781708 471.283325 419.921509
frame00126 0.287266 615.457642 349.256470 740.400269 401.249146
frame00126 0.266381 725.758972 353.971741 817.477417 388.509338
frame00126 0.345050 955.984192 352.112244 1070.685547 386.637115
frame00126 0.312351 1124.042725 355.072388 1228.639893 397.134735
frame00127 0.387420 305.807556 352.363007 465.524963 419.384155
frame00127 0.301634 616.017212 350.074249 737.921204 400.632294
frame00127 0.267045 726.081909 354.354614 818.632141 388.675659
frame00127 0.338993 956.144714 352.259186 1070.373657 387.024750
frame00127 0.311764 1123.409546 354.819977 1228.532837 397.774414
frame00128 0.355095 304.851318 351.185455 466.612183 420.073151
frame00128 0.296787 618.904541 349.749908 741.576416 400.697021
frame00128 0.277071 723.504333 354.166290 816.676025 388.831787
frame00128 0.349251 954.238525 351.785583 1069.628418 387.276642
frame00128 0.322406 1122.732422 354.531036 1231.420532 398.372833
frame00129 0.281497 281.443970 340.692719 418.240082 422.623779
frame00129 0.305651 624.150696 349.110443 752.022095 401.960175
frame00129 0.282700 721.193909 353.935211 816.935364 388.819214
frame00129 0.360583 957.012695 351.528992 1069.998047 385.944336
frame00129 0.325619 1123.043945 354.257690 1233.219482 397.633118
frame00130 0.386171 277.589966 344.294434 428.586182 430.207001
frame00130 0.276729 626.758301 349.514343 751.210327 401.927948
frame00130 0.304634 720.846313 353.900848 816.991638 389.196045
frame00130 0.372423 956.750610 350.557739 1071.166382 386.548798
frame00130 0.320078 1121.997803 353.889679 1233.397095 398.411072
frame00131 0.421218 273.267914 345.173035 429.585266 432.093414
frame00131 0.269621 626.830994 349.516968 750.113586 401.438629
frame00131 0.304458 720.057495 354.009613 815.475464 389.233673
frame00131 0.362763 958.429016 350.430511 1068.470947 385.875763
frame00131 0.316747 1123.610352 354.134369 1233.472290 397.940216
frame00132 0.420205 263.798584 343.469299 423.975067 432.576599
frame00132 0.266417 630.669922 349.204987 755.032410 401.632507
frame00132 0.308283 721.293396 354.161804 813.975464 388.814392
frame00132 0.368858 958.714539 350.881592 1066.729248 385.583801
frame00132 0.328349 1119.275635 354.842041 1233.477905 397.343933
frame00133 0.469097 255.906509 344.789124 420.855408 433.428375
frame00133 0.244203 626.473633 349.325684 748.083984 399.782532
frame00133 0.329498 720.023804 353.502441 812.412231 388.731567
frame00133 0.355033 960.960938 350.075439 1067.385620 384.391052
frame00133 0.314907 1119.828369 355.172424 1231.902832 395.732941
frame00134 0.463747 244.352722 342.724213 425.198822 439.795044
frame00134 0.264047 628.767578 349.416809 753.772461 400.755249
frame00134 0.320175 717.811157 353.464111 811.829529 388.887054
frame00134 0.378755 959.143555 350.122772 1068.175537 384.409058
frame00134 0.314656 1117.076294 354.777344 1233.705566 395.320404
frame00135 0.474402 243.593781 344.517700 420.546143 437.066040
frame00135 0.280427 623.425659 349.889465 747.439819 399.122559
frame00135 0.312680 719.459229 353.192322 812.983398 388.130676
frame00135 0.339093 963.117310 350.266937 1066.593140 382.924469
frame00135 0.311880 1116.768921 355.645844 1231.204956 394.410645
frame00136 0.464027 236.131897 345.516602 422.356201 443.093292
frame00136 0.280924 623.371948 349.473969 748.943848 399.699188
frame00136 0.309702 720.497742 352.948120 813.493530 388.044800
frame00136 0.355016 958.974609 350.347473 1064.166748 383.152740
frame00136 0.316933 1114.033203 355.884674 1232.073242 394.613800
frame00137 0.468059 230.781113 346.111572 422.378296 445.280914
frame00137 0.274261 623.646301 349.412659 748.688416 399.629517
frame00137 0.298104 719.692139 352.541290 812.430176 387.738922
frame00137 0.366405 958.803406 349.910461 1065.692261 383.254272
frame00137 0.307415 1116.004761 355.533478 1233.418213 394.392456
frame00138 0.454736 224.932327 345.485138 417.082153 446.836334
frame00138 0.265871 626.035034 348.672028 753.333740 400.179199
frame00138 0.304474 719.208069 352.312683 811.570435 388.292847
frame00138 0.360092 960.317139 350.137268 1064.109863 382.785614
frame00138 0.308809 1114.053467 356.009460 1231.837158 394.081818
frame00139 0.411256 214.879120 347.027252 410.016632 448.053070
frame00139 0.260105 624.114014 350.341980 744.727844 398.156860
frame00139 0.300204 724.119568 353.046997 809.506714 387.145203
frame00139 0.351623 958.008911 350.693542 1062.702515 383.000092
frame00139 0.316710 1111.950684 357.355743 1233.380371 394.065613
frame00140 0.409234 204.494629 346.720947 408.238403 449.251801
frame00140 0.247068 621.797974 349.319489 749.586914 399.514221
frame00140 0.308801 722.446960 352.554047 810.808044 387.780853
frame00140 0.342833 959.150269 350.234009 1063.921509 382.290741
frame00140 0.311610 1112.604980 357.480255 1232.770508 393.427521
frame00141 0.388099 189.438797 346.345795 394.212799 446.699738
frame00141 0.246359 625.930298 349.907654 756.714600 400.598419
frame00141 0.300209 721.735779 352.879547 809.429077 387.869232
frame00141 0.355925 960.678772 351.680206 1064.867920 381.753235
frame00141 0.301327 1111.687500 358.604156 1231.637207 393.004852
frame00142 0.241532 625.036926 350.374847 754.446411 400.296600
frame00142 0.297755 723.751465 353.207489 810.763916 387.730988
frame00142 0.372718 957.743164 351.896240 1066.355103 382.919678
frame00142 0.297732 1112.902222 359.058136 1232.465942 392.644806
frame00142 0.336053 151.859100 361.882874 394.230774 468.416260
frame00143 0.224564 625.032715 350.384827 751.839966 400.687103
frame00143 0.299162 728.867310 353.734955 812.201416 387.950500
frame00143 0.349785 958.974121 352.306824 1064.335449 382.608734
frame00143 0.305776 1112.612915 359.905273 1231.385254 392.546021
frame00143 0.385714 143.662704 361.908905 386.534668 471.351898
frame00144 0.253337 626.944214 351.416504 752.654053 401.223785
frame00144 0.277053 729.569336 353.619843 812.267700 387.543579
frame00144 0.349098 959.174438 352.588470 1061.364380 382.122040
frame00144 0.310224 1114.201782 359.637512 1232.856567 392.637970
frame00144 0.377592 134.059280 360.865051 375.053711 473.295593
frame00145 0.217016 633.516968 350.675476 755.794556 402.815918
frame00145 0.288520 731.477722 353.710693 812.068848 388.283539
frame00145 0.363064 962.995850 352.474060 1063.762451 383.059235
frame00145 0.299873 1117.001221 359.502472 1230.638062 392.438721
frame00145 0.418916 121.445732 358.033569 360.014374 477.793274
frame00146 0.207014 633.596924 350.819366 755.393188 404.000641
frame00146 0.279978 734.552734 353.738647 812.583740 388.561462
frame00146 0.340245 966.829590 352.923615 1062.842163 383.875427
frame00146 0.303402 1116.734009 360.041595 1228.912476 393.065552
frame00146 0.450898 111.292755 355.982971 346.606018 480.892181
frame00147 0.209343 635.920776 351.431458 753.956970 404.118774
frame00147 0.277410 735.232422 353.634399 811.872559 388.645782
frame00147 0.344830 965.001465 352.601196 1060.991943 384.931366
frame00147 0.305223 1117.196533 359.614807 1230.157227 393.925964
frame00147 0.520724 97.413971 352.466522 341.833130 484.860138
frame00148 0.210486 635.594910 351.895599 753.413086 404.527191
frame00148 0.273165 732.835449 353.157715 811.130432 389.010315
frame00148 0.344832 965.178223 352.154144 1062.629272 386.275604
frame00148 0.299438 1118.876831 359.875671 1231.402954 394.995361
frame00148 0.535101 76.822624 348.920593 338.737671 486.715240
frame00149 0.201044 637.990479 351.505676 755.494141 405.669128
frame00149 0.279230 730.119385 352.824310 810.676331 389.662964
frame00149 0.352298 962.020142 352.189270 1068.357910 389.483154
frame00149 0.303051 1119.869507 359.219360 1233.877197 396.902740
frame00149 0.543018 49.995491 350.338989 331.066040 494.867035
frame00150 0.229084 633.779602 347.290894 764.826050 407.327545
frame00150 0.277679 722.794800 351.686371 810.519714 390.596527
frame00150 0.359167 953.121643 351.332916 1072.893677 390.634460
frame00150 0.308914 1120.716064 355.970978 1232.766968 398.030243
frame00150 0.399631 22.963419 350.616974 342.156738 513.019287
frame00151 0.259089 625.593750 345.175385 763.989380 406.770050
frame00151 0.254120 722.201233 352.446564 812.161865 390.070435
frame00151 0.356670 944.454590 350.862427 1073.581055 391.665558
frame00151 0.323647 1122.874512 354.949005 1233.699097 398.007446
frame00151 0.558972 1.679058 347.808838 335.745789 517.299683
frame00152 0.235970 626.213074 344.098511 764.058228 405.531921
frame00152 0.273590 719.411316 352.934174 812.078979 390.520782
frame00152 0.325828 946.351929 350.442810 1073.870972 391.357330
frame00152 0.326708 1126.986328 355.192505 1234.059937 397.911591
frame00152 0.593240 0.000000 350.853760 315.059326 519.199402
frame00153 0.235970 626.213074 344.098511 764.058228 405.531921
frame00153 0.273590 719.411316 352.934174 812.078979 390.520782
frame00153 0.325828 946.351929 350.442810 1073.870972 391.357330
frame00153 0.326708 1126.986328 355.192505 1234.059937 397.911591
frame00153 0.593240 0.000000 350.853760 315.059326 519.199402
frame00154 0.244269 626.812500 343.749207 765.542114 406.219269
frame00154 0.276336 718.077698 352.715759 812.912720 390.736786
frame00154 0.346786 945.826965 349.897949 1077.588257 392.300476
frame00154 0.318137 1128.344971 354.389435 1235.530273 398.146088
frame00154 0.603165 0.000000 346.668823 314.621277 520.927856
frame00155 0.247380 627.261230 343.498016 766.045410 406.498260
frame00155 0.271687 718.597961 353.124023 812.655273 390.828918
frame00155 0.333073 944.306580 350.549255 1074.557739 392.276642
frame00155 0.319780 1128.322021 353.933929 1233.490967 398.355499
frame00155 0.646239 0.000000 348.769135 310.783875 529.982605
frame00156 0.245390 622.043396 344.322845 766.150452 406.362549
frame00156 0.274866 719.140564 353.782501 815.881897 390.602875
frame00156 0.334682 941.500977 350.804657 1075.273682 392.716217
frame00156 0.322298 1125.859619 354.413574 1234.293213 397.590485
frame00156 0.668340 0.000000 347.833252 299.381714 530.583191
frame00157 0.241330 624.744263 344.743103 772.103760 405.903809
frame00157 0.280251 715.535156 353.905090 815.189087 391.073975
frame00157 0.332714 941.412964 350.809845 1076.593506 393.275879
frame00157 0.312693 1126.911743 354.405914 1234.544067 397.194336
frame00157 0.679289 0.000000 348.743622 280.255615 533.050476
frame00158 0.242538 625.154419 343.985352 771.734131 406.716858
frame00158 0.274647 715.585327 353.881226 815.990601 391.638275
frame00158 0.335439 940.754333 350.255188 1075.988647 393.461487
frame00158 0.304531 1130.132324 352.941162 1234.404663 398.063263
frame00158 0.721823 0.000000 345.364716 276.368835 542.883118
frame00159 0.242817 624.738098 344.275940 770.810303 406.484924
frame00159 0.273323 717.742859 354.104126 816.782776 391.220825
frame00159 0.334302 941.148010 350.211090 1076.237427 393.140869
frame00159 0.306061 1128.130981 353.143066 1234.318726 397.576416
frame00159 0.683263 0.000000 343.869659 260.297455 549.052124
frame00160 0.236698 625.570129 345.791107 768.677063 405.246460
frame00160 0.276147 723.683594 355.839905 814.655457 389.780731
frame00160 0.328249 945.243652 351.230316 1073.159058 391.186462
frame00160 0.313335 1125.151245 354.930298 1233.385254 396.088928
frame00160 0.591009 0.000000 352.048676 232.071060 544.056274
frame00161 0.215153 624.276428 344.913879 771.845093 405.432159
frame00161 0.289276 722.107483 356.226624 816.468750 390.093353
frame00161 0.321693 947.790283 351.104156 1076.029419 392.251343
frame00161 0.305592 1127.154785 356.191833 1235.019531 396.345215
frame00161 0.555247 0.000000 350.323059 205.991791 538.448425
frame00162 0.231021 622.264648 344.355499 776.770142 406.104584
frame00162 0.272401 721.577881 356.184540 818.677856 390.117340
frame00162 0.335600 947.875977 350.853882 1077.557861 392.723450
frame00162 0.294065 1124.518799 355.932739 1235.298950 396.625061
frame00162 0.527364 0.000000 346.647827 175.241241 543.406006
frame00163 0.244569 621.024841 343.355469 782.156677 407.736267
frame00163 0.255227 721.809692 356.284088 818.919373 390.047211
frame00163 0.349865 944.739929 351.171082 1076.214355 393.793304
frame00163 0.303574 1119.742920 356.095856 1236.120117 397.803497
frame00163 0.455856 0.000000 351.830902 140.582977 533.087524
frame00164 0.237353 625.345703 347.382843 768.620239 403.438782
frame00164 0.270434 728.732971 357.618744 814.749695 388.177643
frame00164 0.338100 950.102051 351.889404 1072.980835 390.149445
frame00164 0.304659 1120.427490 356.850067 1234.459839 395.514130
frame00164 0.300872 0.000000 376.543610 127.791817 520.907227
frame00165 0.242938 628.808044 348.779907 767.131409 402.107635
frame00165 0.274300 728.531189 357.106964 813.602600 388.287476
frame00165 0.335757 955.717773 352.696167 1071.295654 387.835846
frame00165 0.317201 1120.240234 357.610870 1234.789795 394.262024
frame00166 0.261367 633.016418 352.010223 754.725708 400.079620
frame00166 0.282031 730.456055 356.396637 812.980469 388.175171
frame00166 0.362476 958.699585 353.523315 1071.864136 384.012115
frame00166 0.328522 1121.368164 356.038361 1234.883667 393.175842
frame00167 0.277243 632.365417 352.235626 753.934326 400.066315
frame00167 0.274137 729.131775 356.256134 813.428955 388.515015
frame00167 0.362197 958.949219 353.664398 1071.436646 384.111389
frame00167 0.330643 1121.760010 355.819153 1234.213257 393.521118
frame00168 0.274985 632.085815 352.844513 752.001709 399.920502
frame00168 0.266858 730.968750 356.556122 813.638916 388.654541
frame00168 0.361444 958.660400 353.748566 1070.578003 383.843811
frame00168 0.328521 1121.478271 356.154053 1232.990112 393.429993
frame00169 0.267088 629.688293 353.097687 748.904724 399.692230
frame00169 0.277378 731.460876 356.759033 813.970825 388.216827
frame00169 0.351210 961.229553 353.973450 1072.621582 384.114380
frame00169 0.324179 1122.016724 356.836914 1232.554321 393.069489
frame00170 0.263581 633.223999 352.824799 750.902161 399.820282
frame00170 0.281771 729.041626 356.856659 811.549988 388.353424
frame00170 0.366513 959.167175 353.914490 1070.559814 384.319855
frame00170 0.331455 1122.754150 355.621216 1234.275146 394.178436
frame00171 0.268579 633.476501 353.130768 751.472839 399.780762
frame00171 0.281878 726.522461 356.538147 812.382874 388.733337
frame00171 0.367588 960.241333 353.294922 1073.388428 384.331421
frame00171 0.325669 1123.593506 355.085876 1234.431885 394.472168
