frame00000 0.239938 551.427063 371.991882 650.115356 415.191071
frame00001 0.251612 556.270081 371.871643 650.165710 412.684814
frame00002 0.232245 544.897949 365.058350 656.567749 415.815857
frame00003 0.221338 542.088074 365.854340 661.287598 418.967926
frame00004 0.219494 547.299744 371.676453 667.910889 422.994781
frame00008 0.214302 544.974976 382.069397 640.532959 424.079895
frame00009 0.207945 549.217896 381.855072 638.208069 421.964783
frame00013 0.226774 542.347168 380.688843 633.683533 425.179108
frame00015 0.235009 544.246765 377.375916 636.840576 424.144348
frame00016 0.217486 537.380859 374.121796 639.824829 424.769897
frame00017 0.256292 541.854797 374.008972 639.229614 422.506683
frame00019 0.200613 533.590820 364.968231 664.816284 426.841064
frame00020 0.284145 545.729248 372.218872 645.040222 419.766754
frame00021 0.246022 547.691101 372.878632 652.669739 421.758698
frame00022 0.250397 546.839844 371.148285 651.281250 421.203461
frame00024 0.200495 534.449524 362.474915 664.928040 424.740723
frame00025 0.294249 547.648010 372.797089 633.370850 415.622162
frame00026 0.264584 546.793274 369.814697 651.199097 418.723267
frame00027 0.246546 541.694458 367.251526 650.579224 419.215332
frame00028 0.272654 541.161743 366.990997 654.671753 420.100891
frame00029 0.244172 537.696411 365.653107 660.853271 421.269592
frame00030 0.315147 546.059021 375.648895 628.221741 414.855499
frame00031 0.274722 544.913574 373.319672 629.880859 415.392426
frame00032 0.324358 548.516785 376.012604 619.759583 411.796875
frame00033 0.324884 548.372253 376.313232 619.771301 412.201874
frame00034 0.322790 542.505615 375.106812 621.442200 413.948181
frame00035 0.254674 532.582825 367.863464 638.118225 419.520325
frame00036 0.271470 535.320312 372.415009 626.287415 418.743347
frame00037 0.270194 539.519531 375.674652 626.445190 418.620544
frame00038 0.312571 542.438660 378.104095 615.858215 416.152588
frame00039 0.327687 547.466553 381.305420 617.812744 416.455139
frame00040 0.324245 550.006348 386.252594 613.976562 416.841797
frame00041 0.291644 554.875305 386.004120 629.434143 418.931274
frame00042 0.296994 553.393677 387.351227 618.588928 416.568787
frame00043 0.322928 552.132996 387.372467 612.748047 415.526581
frame00044 0.313131 551.980896 386.362549 614.213745 415.507385
frame00045 0.327872 551.313110 386.537231 609.990356 414.474762
frame00046 0.316028 544.768616 383.207001 608.885559 415.133942
frame00047 0.324643 547.765320 383.146729 614.765869 416.069489
frame00048 0.354249 545.399475 380.280640 602.646179 411.515015
frame00049 0.331978 549.572815 381.162750 608.897278 411.956665
frame00050 0.318009 541.562256 379.763367 603.749634 412.515320
frame00051 0.273152 542.002441 378.901367 612.838501 416.143829
frame00052 0.299411 542.048096 381.763885 603.948425 414.364685
frame00053 0.265101 537.868164 380.347198 610.065369 417.714539
frame00054 0.268455 533.371948 378.850616 601.288086 415.329590
frame00055 0.293116 538.414856 382.462463 597.056396 413.359772
frame00056 0.287849 537.553040 380.802948 598.370422 413.178894
frame00057 0.296631 536.157288 379.447632 593.322937 410.226776
frame00058 0.269460 536.598816 380.964630 594.583435 411.485321
frame00059 0.229419 509.531311 377.556885 553.197510 405.748230
frame00059 0.273006 535.138550 378.021454 591.305237 407.581024
frame00060 0.215171 509.981628 375.700714 555.108032 406.434875
frame00060 0.267270 537.199707 378.057404 596.915039 408.399506
frame00061 0.262046 515.071716 373.785767 559.552490 405.464508
frame00061 0.269371 537.757446 375.859711 595.359497 405.202728
frame00062 0.319200 513.953613 373.462585 560.147827 404.776459
frame00062 0.237786 535.075317 373.457794 592.884888 403.581512
frame00063 0.321532 511.883850 373.591675 559.705139 405.040131
frame00063 0.215285 534.615540 372.621948 595.236145 403.976685
frame00064 0.336853 511.345703 374.329559 559.306702 404.957123
frame00065 0.355253 512.283020 374.163361 561.218323 406.117523
frame00066 0.340623 510.786621 375.568298 559.182190 407.110931
frame00067 0.369245 508.976410 376.930389 558.912537 408.429138
frame00068 0.372088 505.971954 375.798859 559.615723 409.661621
frame00069 0.377392 504.961609 377.926270 557.574768 410.817017
frame00070 0.426947 504.846649 376.639221 555.878296 409.069061
frame00071 0.438123 502.375519 376.538879 555.559753 410.504669
frame00072 0.422039 499.819977 377.240479 550.875610 409.533478
frame00073 0.430524 495.669403 373.944916 555.283142 410.439087
frame00074 0.461539 494.931366 373.160431 553.691772 409.958618
frame00075 0.499667 492.194763 370.385162 555.011292 409.559845
frame00076 0.487681 486.661682 367.202209 555.506653 409.059692
frame00077 0.498321 486.245087 367.363922 554.278748 405.762512
frame00078 0.484403 483.455261 365.041016 551.669922 405.507263
frame00079 0.513741 480.995453 365.684998 552.250244 406.300507
frame00080 0.527491 473.508850 363.680084 551.960999 407.130920
frame00081 0.514612 468.036530 360.616394 557.072327 407.447083
frame00082 0.497193 469.795074 363.011963 551.034180 408.429871
frame00083 0.492395 469.448517 363.509583 549.299377 408.438416
frame00084 0.494138 463.675720 364.153748 550.557007 410.688629
frame00085 0.508040 460.471527 365.249390 544.838745 410.519440
frame00086 0.462954 453.476013 366.750458 539.866333 410.028076
frame00087 0.501506 446.082275 365.387939 548.245178 413.211334
frame00088 0.451649 449.649353 366.759521 547.327820 412.844757
frame00089 0.527919 437.013428 366.786835 538.736633 414.673065
frame00090 0.519631 432.705658 365.828430 540.685059 416.423370
frame00091 0.505124 421.747803 364.098572 539.591431 418.863373
frame00092 0.484977 413.131958 363.686462 528.548828 417.491241
frame00093 0.514142 402.497498 364.165009 527.195435 420.515106
frame00094 0.523018 395.123932 364.887848 520.165039 422.971191
frame00095 0.548871 374.470825 362.677277 523.332886 433.470764
frame00096 0.518436 366.632111 363.133881 517.743774 437.242096
frame00097 0.497230 369.332306 364.981018 514.553711 435.724457
frame00098 0.410613 360.163544 367.227203 509.040405 439.202759
frame00099 0.371859 344.452972 365.234894 502.763428 444.538086
frame00100 0.384572 323.219452 369.224701 499.994263 461.373901
frame00101 0.438448 312.620239 368.503632 486.083740 462.122009
frame00102 0.446245 297.250488 366.210266 482.405243 466.165771
frame00103 0.449084 283.154114 367.771851 483.343628 469.380615
frame00104 0.418675 267.050781 365.612732 479.802399 473.559845
frame00105 0.429208 247.792892 364.100433 475.368652 474.802185
frame00106 0.556250 223.386765 359.458405 448.925415 479.177979
frame00107 0.645749 202.883423 355.352356 430.781067 488.423645
frame00108 0.680729 184.061035 352.875885 424.776917 488.323059
frame00109 0.766257 143.429260 354.535034 423.869690 498.451385
frame00110 0.769629 123.687813 355.618530 407.935913 503.012939
frame00111 0.874985 87.447311 349.261932 390.191010 519.307312
frame00112 0.924524 50.494671 346.647827 384.223083 525.174194
frame00113 0.848729 5.838165 340.310791 374.998932 536.074280
frame00114 0.705071 0.000000 329.624878 370.657104 570.188354
frame00115 0.795858 0.000000 320.056061 350.642700 608.335327
frame00116 0.802856 0.000000 318.197205 327.491425 616.426453
frame00117 0.760032 0.000000 333.587036 284.607300 592.790649
frame00118 0.717506 0.000000 324.600281 261.757660 592.489380
frame00119 0.668532 0.000000 308.181305 187.896759 619.499573
frame00120 0.206278 0.000000 387.774689 98.680283 535.914612
frame00120 0.563211 0.000000 329.109070 115.210480 596.767761
