frame00000 0.273673 1015.010254 306.255768 1091.136963 325.027649
frame00001 0.214308 591.364197 311.094452 800.673584 376.513611
frame00001 0.246519 1015.848633 305.852844 1090.279663 325.016235
frame00002 0.285382 1014.469910 305.000488 1100.097778 325.855408
frame00003 0.237407 1014.515991 306.849457 1092.911377 326.159698
frame00004 0.219873 587.739746 309.346222 803.377686 376.791992
frame00004 0.223136 1010.917603 306.096252 1084.994019 324.563965
frame00005 0.202839 573.273743 303.356537 802.019043 381.412750
frame00006 0.221101 581.401367 304.310913 795.169556 376.083893
frame00007 0.219441 576.309265 302.839325 795.893677 378.648468
frame00007 0.206439 1019.081177 300.729034 1090.097412 321.836395
frame00010 0.238112 581.052307 307.801880 798.248352 377.652466
frame00010 0.236330 1009.890259 304.939819 1086.226074 324.672943
frame00011 0.229281 579.073608 308.434845 799.108765 378.804779
frame00011 0.225068 1021.492004 307.206573 1096.361206 326.034180
frame00012 0.232108 584.371277 311.626312 801.500549 377.903931
frame00012 0.265483 1024.961182 306.574890 1105.783325 324.491364
frame00013 0.255996 593.293213 313.534363 799.539429 375.426941
frame00013 0.270307 1022.964722 307.026733 1106.235596 325.821289
frame00014 0.243891 1021.459839 305.372620 1104.272705 326.778320
frame00015 0.242620 580.102051 308.304016 797.620544 373.916748
frame00015 0.228803 1019.842407 305.551788 1107.640869 326.375732
frame00016 0.225922 574.682007 308.544281 795.236084 377.355865
frame00016 0.224858 1025.359863 304.082001 1107.525635 327.084015
frame00017 0.225022 1024.565430 302.766418 1114.274292 326.495087
frame00018 0.238650 577.291992 307.961914 796.303589 374.890411
frame00018 0.217082 1028.463867 305.101257 1111.563232 325.675476
frame00019 0.244863 580.245483 308.934204 798.855469 374.012848
frame00019 0.265204 1031.723145 305.584595 1119.125488 325.047882
frame00020 0.238131 578.634033 308.334564 796.670837 374.399597
frame00020 0.311481 1023.599731 305.721680 1116.833374 327.337067
frame00021 0.239704 575.095764 308.049072 797.551941 375.612854
frame00021 0.257200 1027.905396 306.586761 1118.759521 327.665741
frame00022 0.250046 578.070251 308.629974 795.360657 373.981232
frame00022 0.249457 1027.592529 306.125580 1117.513184 327.714142
frame00023 0.339982 598.819946 314.980591 785.415283 365.784698
frame00023 0.218869 1022.096191 306.561005 1113.461426 327.985809
frame00024 0.306366 599.644287 311.935150 790.020142 366.299469
frame00024 0.218817 1018.569214 306.865021 1109.218994 328.684601
frame00025 0.286662 600.763184 312.247681 794.628845 365.644470
frame00025 0.261357 998.780457 308.374329 1094.646729 327.261078
frame00026 0.350703 611.678528 318.933075 786.805054 362.881378
frame00027 0.334271 604.013916 315.602997 791.380371 365.282349
frame00028 0.317792 597.966248 315.958954 791.209778 367.525238
frame00029 0.308429 598.845398 318.060577 791.844788 367.611298
frame00029 0.268968 997.725891 311.244141 1094.965088 329.033020
frame00030 0.300164 601.667725 315.122040 790.353455 369.417572
frame00030 0.219724 1010.343079 312.910889 1101.264282 329.717224
frame00031 0.257394 600.616760 317.496887 791.362000 372.078339
frame00032 0.308715 606.253479 321.347473 789.095398 369.036041
frame00032 0.273888 1005.326233 314.014252 1112.691528 333.430573
frame00033 0.268217 599.351868 319.841125 789.879761 370.147064
frame00033 0.232184 1014.856323 314.652802 1109.641479 331.731995
frame00034 0.310494 613.683594 322.017761 783.174744 368.512634
frame00034 0.257053 1000.135498 316.348907 1094.392578 333.501099
frame00035 0.305217 611.788452 322.273071 780.376465 368.373291
frame00036 0.314356 614.317688 321.896851 782.223877 367.966492
frame00037 0.305143 608.680298 320.719513 779.536072 368.746094
frame00037 0.207223 1013.931030 315.370209 1096.153442 333.829956
frame00038 0.255086 593.128418 316.001678 789.072021 374.347717
frame00038 0.228198 1006.146790 312.595154 1095.051392 332.227020
frame00039 0.258629 592.566650 315.718201 787.904541 373.820374
frame00039 0.216750 1011.565063 312.110931 1103.060913 333.405304
frame00040 0.286644 597.484985 315.390625 782.386719 371.359344
frame00040 0.321434 1006.824829 307.040405 1107.791626 332.253693
frame00041 0.269952 590.653198 315.068787 782.862427 373.049530
frame00041 0.312316 1006.633423 307.999268 1108.095215 333.429321
frame00042 0.261057 582.628967 311.683746 787.026917 375.338470
frame00042 0.303143 1019.200073 307.557098 1112.904785 329.381836
frame00043 0.287943 591.258789 311.020172 790.754456 371.277435
frame00043 0.298056 1022.357117 306.620514 1116.379883 328.320251
frame00044 0.290578 591.451843 311.355316 785.806213 370.102234
frame00044 0.246484 1020.494873 306.272278 1107.940674 326.829559
frame00045 0.269496 582.131226 311.441742 788.851440 372.262299
frame00045 0.250894 1010.564514 306.211639 1103.577637 326.854309
frame00046 0.258710 596.802002 310.396271 792.010742 366.649292
frame00046 0.227990 1002.373596 306.110168 1094.878052 326.761261
frame00047 0.270906 595.589050 309.938568 792.849182 368.137665
frame00047 0.250325 985.378479 306.905548 1084.713623 327.943939
frame00048 0.307704 603.497864 312.391724 785.105957 365.105804
frame00048 0.215993 991.745728 307.744415 1084.155273 328.561096
frame00049 0.257732 588.725647 307.311462 789.950562 370.189484
frame00049 0.236577 999.071716 304.869385 1088.920410 325.953400
frame00050 0.202002 1093.359253 289.405579 1192.723633 319.614044
frame00050 0.325129 608.640015 311.106842 787.482910 364.714325
frame00051 0.214339 1102.107910 291.509827 1203.550171 323.654999
frame00051 0.302994 606.579651 313.400085 792.454285 365.995392
frame00052 0.294673 602.666138 316.223724 787.551819 365.307770
frame00053 0.311531 612.261902 316.851929 780.256042 362.799896
frame00053 0.243292 979.790039 314.354950 1078.510132 332.301971
frame00054 0.281301 602.530457 316.522095 786.350037 366.477570
frame00054 0.280786 994.882446 311.251526 1089.463989 328.199615
frame00055 0.308740 611.175293 318.297455 782.882019 364.924194
frame00055 0.250878 996.609619 312.765717 1091.597778 330.028534
frame00056 0.307572 605.475708 316.313049 781.220154 365.688171
frame00056 0.313326 981.981079 312.042267 1082.668457 329.989868
frame00057 0.296916 598.384521 315.749054 787.197815 367.845917
frame00057 0.213717 1016.221558 311.707550 1112.838867 329.810150
frame00058 0.294829 592.499634 313.485535 785.916809 368.856750
frame00058 0.225604 1010.370239 309.444489 1110.073608 328.883209
frame00059 0.286647 593.408691 314.962311 784.452820 370.108551
frame00059 0.210678 1012.879333 310.471161 1104.232666 329.029175
frame00060 0.310235 599.802124 315.703308 782.529297 368.203003
frame00061 0.308952 595.536499 316.124176 781.498291 369.175995
frame00062 0.261694 588.341309 311.987854 786.503967 373.866882
frame00063 0.282390 594.381592 314.415771 781.867065 371.622864
frame00064 0.224223 1121.188843 291.838806 1212.609985 319.247772
frame00064 0.269778 589.063843 312.395294 785.833618 374.443604
frame00065 0.218536 1118.818115 292.611908 1207.277710 319.641327
frame00065 0.293310 593.691956 314.808197 781.393738 373.027771
frame00066 0.237392 1121.218384 290.220490 1210.607178 317.185577
frame00066 0.303459 595.147156 312.043884 785.512451 372.672913
frame00067 0.266092 1122.146729 287.076996 1216.237305 314.431580
frame00067 0.338475 602.531738 312.781525 787.176025 370.943420
frame00068 0.275637 1126.518555 285.892944 1223.228760 313.707031
frame00068 0.362207 601.262695 310.242462 789.546997 371.849274
frame00069 0.281293 1132.031738 284.828766 1225.280029 311.500610
frame00069 0.330112 605.137817 310.982941 788.623657 371.522888
frame00070 0.279146 1133.081299 283.687408 1225.427368 311.574188
frame00070 0.327569 611.766602 313.237915 787.772522 368.750000
frame00071 0.286630 1132.464844 283.214661 1226.849976 313.070099
frame00071 0.338943 607.103027 315.745422 783.293579 372.204224
frame00072 0.268805 1137.324707 283.377655 1229.505859 312.875732
frame00072 0.377231 610.473816 316.398438 786.568970 370.531891
frame00073 0.298882 1145.680176 281.587280 1241.183350 315.014069
frame00073 0.365341 605.359009 317.412781 785.817139 373.098633
frame00074 0.279342 1151.974609 282.801697 1241.555054 315.450195
frame00074 0.321427 606.659912 318.333527 784.371643 374.132355
frame00075 0.234615 1153.565552 278.683044 1243.762817 315.942993
frame00075 0.308708 610.042358 321.130341 780.673950 375.400330
frame00076 0.200524 1154.927856 279.289001 1240.876709 315.257935
frame00076 0.384694 616.211487 324.745697 772.583374 369.631714
frame00077 0.241176 1142.890747 288.470306 1226.732178 318.509460
frame00077 0.336023 604.671692 323.147919 775.290161 373.294006
frame00078 0.249732 1142.131836 286.509735 1229.555542 319.457092
frame00078 0.376655 610.978699 323.625244 776.620483 372.211212
frame00079 0.213373 1134.969360 289.756226 1215.980835 320.321533
frame00079 0.382445 607.514587 323.861450 773.615173 371.916260
frame00080 0.399111 603.437012 322.054138 776.229980 372.769470
frame00081 0.370424 603.622742 322.878387 773.609924 373.057892
frame00082 0.405732 607.773132 324.914856 771.445007 370.561249
frame00083 0.404227 603.421875 322.200897 774.522400 371.464661
frame00084 0.403152 598.213562 320.996979 772.896973 373.876770
frame00085 0.450568 607.257324 326.378632 765.967651 370.477875
frame00086 0.436228 609.205139 326.056793 767.762939 373.108185
frame00086 0.231279 1035.491699 311.934998 1108.385498 326.533997
frame00087 0.449831 604.819763 326.907196 760.444458 373.948120
frame00088 0.437188 609.515869 326.106323 760.791016 374.632416
frame00089 0.457270 605.606689 327.111511 757.606812 376.264099
frame00089 0.223232 1087.613647 305.552948 1195.297119 330.457642
frame00090 0.445440 598.605896 326.957672 759.809814 378.909912
frame00090 0.223770 1091.626709 306.877747 1193.503418 329.252380
frame00091 0.429684 596.977173 328.866089 749.321045 379.167877
frame00091 0.264103 1097.922363 307.453827 1202.044922 331.000336
frame00092 0.410433 591.625610 327.694702 751.326050 380.651886
frame00092 0.249457 1110.416504 305.303436 1214.170044 329.631012
frame00093 0.417279 587.459351 327.616211 748.782898 379.774475
frame00093 0.238148 1103.558105 306.080444 1204.999146 328.518707
frame00094 0.415390 587.458435 329.829529 743.740906 378.498871
frame00094 0.208141 1110.626465 308.327515 1206.216797 328.954834
frame00095 0.435746 588.454651 327.968140 748.312622 379.248474
frame00095 0.232454 959.243774 317.075958 1063.055176 340.569763
frame00095 0.244077 1108.964966 301.952087 1220.723389 330.547577
frame00096 0.435208 587.887085 326.073151 748.341614 377.073914
frame00096 0.319696 941.279846 314.346710 1058.986938 341.744232
frame00096 0.242691 1108.626343 298.315552 1227.589844 332.794678
frame00097 0.439272 578.767944 325.777374 746.588074 380.352173
frame00097 0.350684 940.373901 314.791931 1062.362549 341.469055
frame00097 0.238632 1108.401001 298.887726 1225.881958 333.065308
frame00098 0.455414 588.221924 329.284729 742.794861 374.996216
frame00098 0.308127 943.377380 315.096802 1061.262085 340.149017
frame00098 0.225823 1109.971436 299.372742 1229.002563 330.762756
frame00099 0.452637 581.636353 326.288422 743.156433 375.312286
frame00099 0.344983 930.870422 313.626434 1046.974854 343.591095
frame00099 0.216356 1102.548340 297.052521 1227.811157 332.627625
frame00100 0.217413 1137.178467 276.260376 1232.808594 321.993988
frame00100 0.475606 575.360474 324.035065 742.672058 379.380219
frame00100 0.314499 923.959412 312.047333 1045.457397 347.152466
frame00100 0.211417 1109.915039 294.062805 1229.025024 334.554840
frame00101 0.207165 1141.972656 279.540955 1234.190186 322.657349
frame00101 0.466788 573.484619 324.395233 744.239136 380.351105
frame00101 0.267444 933.732910 314.143433 1049.752686 345.420776
frame00102 0.231178 1150.328247 280.031433 1242.870361 325.436737
frame00102 0.452194 567.942261 323.824310 749.515503 382.008057
frame00102 0.262435 924.656311 313.948608 1040.165161 345.021790
frame00103 0.237840 1148.114258 278.972321 1245.009766 326.898071
frame00103 0.455311 569.192749 325.653168 746.403442 382.565613
frame00103 0.298943 914.759644 313.974548 1040.505127 346.814484
frame00104 0.225892 1146.595093 277.773590 1240.894897 325.212616
frame00104 0.479778 566.187134 325.931946 743.961487 384.414551
frame00104 0.286817 917.078857 313.891327 1040.103271 346.629761
frame00105 0.253154 1151.170166 279.539490 1243.616455 326.158569
frame00105 0.475254 564.245361 327.023987 739.043274 383.277313
frame00106 0.253017 1146.911377 278.235626 1241.666138 325.457794
frame00106 0.469771 561.752258 327.523651 736.701782 382.258209
frame00106 0.217128 923.259949 312.895660 1040.693726 344.465637
frame00107 0.267824 1152.142578 278.778412 1246.220581 326.357788
frame00107 0.468439 557.552795 328.249969 733.318481 383.090942
frame00107 0.213645 921.804321 311.150024 1043.954468 344.518250
frame00108 0.270593 1155.894653 277.499176 1242.877563 322.286102
frame00108 0.462660 553.392883 326.310089 730.068420 382.956329
frame00109 0.252114 1161.035034 280.229980 1241.413086 321.426941
frame00109 0.446862 552.562866 327.814972 721.886597 383.844055
frame00110 0.285857 1166.440674 274.996765 1250.644287 323.607452
frame00110 0.455861 551.092285 327.472900 718.116455 383.471741
frame00111 0.290029 1172.173340 276.145447 1253.610962 322.718842
frame00111 0.458480 545.378479 327.080048 717.213440 387.514862
frame00112 0.285819 1175.163208 276.606140 1255.074951 322.140137
frame00112 0.446065 539.150269 326.517303 711.735107 390.610626
frame00113 0.271940 1173.288818 277.732605 1254.317505 322.183289
frame00113 0.446548 537.274902 331.084167 705.474182 390.803986
frame00114 0.248329 1185.342285 276.552521 1262.323975 325.937561
frame00114 0.441050 543.939087 336.673096 696.214722 386.699860
frame00115 0.220035 1185.523193 276.809113 1266.753540 329.962769
frame00115 0.455549 540.690857 341.053894 689.595886 386.955139
frame00116 0.215390 1190.189941 278.500977 1268.284668 332.645233
frame00116 0.451338 535.425537 342.646912 686.587036 389.262482
frame00117 0.432034 529.534424 343.548279 682.289673 390.215454
frame00118 0.434088 523.426392 344.695801 673.477112 389.691833
frame00119 0.435304 513.979187 346.070007 672.317505 391.103668
frame00120 0.446350 502.104370 342.252502 673.248596 394.786102
frame00121 0.432644 497.926880 342.054840 664.168335 396.047699
frame00122 0.446229 488.438965 337.757690 665.825195 397.171295
frame00123 0.390742 484.506897 337.011536 664.965820 396.222534
frame00124 0.336755 435.520752 326.128235 626.393555 413.321075
frame00124 0.219268 1136.858887 311.973938 1215.568115 331.110443
frame00125 0.496332 420.208008 324.590668 622.148010 417.318085
frame00125 0.266498 1123.513428 312.924683 1203.918579 333.144409
frame00126 0.562910 405.186218 323.551941 615.968628 423.625854
frame00126 0.288254 1125.333374 312.903595 1205.033325 334.937897
frame00127 0.572178 387.514191 323.909668 612.323059 425.274750
frame00127 0.256622 1131.675049 311.799194 1215.254883 335.112671
frame00128 0.558215 370.675690 325.111206 600.285767 425.866394
frame00128 0.260240 1132.120239 312.116089 1219.538818 337.069122
frame00129 0.568696 367.200775 328.118896 596.465393 428.065765
frame00129 0.299367 1136.764648 311.929321 1229.003784 340.182648
frame00130 0.560549 348.590454 328.888275 601.225342 434.631104
frame00130 0.321714 1137.027466 314.558136 1235.092896 345.197327
frame00131 0.594678 319.633514 331.183197 590.646179 436.767731
frame00131 0.336836 1137.529907 315.904327 1236.931396 345.121429
frame00132 0.544269 305.792328 330.440033 585.605347 438.496582
frame00132 0.206266 951.280396 323.228149 1067.653687 355.303741
frame00132 0.354394 1134.922607 315.057068 1239.600708 347.865417
frame00133 0.469883 279.466888 328.270325 574.856079 448.811371
frame00133 0.261518 952.319885 321.517059 1070.762817 352.481506
frame00133 0.349201 1132.323242 313.219910 1238.268311 348.321198
frame00134 0.553571 255.840286 322.967529 562.384766 456.847687
frame00134 0.302618 948.781372 319.501038 1078.794800 354.515381
frame00134 0.369065 1124.057617 311.917633 1238.028564 352.293884
frame00135 0.339793 232.086243 324.068390 560.398926 466.903137
frame00135 0.250053 954.908508 318.273865 1085.530762 355.528076
frame00135 0.346445 1127.833374 311.415863 1238.257935 350.531708
frame00136 0.394019 948.320923 314.681458 1075.777466 352.192139
frame00136 0.337283 1124.263428 310.084167 1236.508057 349.104279
frame00136 0.300569 178.940201 327.651276 498.327271 494.499268
frame00137 0.362757 952.047485 315.411835 1060.715210 346.647156
frame00137 0.298515 1126.432983 311.436523 1226.181519 342.110748
frame00137 0.479225 147.750565 331.258423 477.050323 500.943909
frame00138 0.344967 945.459961 315.880219 1057.414185 345.777069
frame00138 0.256882 1131.591064 311.537354 1231.641968 339.207764
frame00138 0.524513 102.356476 339.709473 456.608337 507.531311
frame00139 0.371808 950.060547 317.934021 1047.076416 346.046539
frame00139 0.234817 1136.681030 312.908783 1228.219360 344.156769
frame00139 0.725076 32.744331 328.398376 429.776337 523.980713
frame00140 0.301555 951.292847 315.839294 1054.776611 347.431519
frame00140 0.248537 1137.906250 307.691376 1231.511475 342.727600
frame00140 0.570848 19.928379 322.654053 392.859253 543.947876
frame00141 0.370757 943.911743 313.354462 1061.800781 346.622589
frame00141 0.223289 1137.901855 301.295074 1229.391968 342.654663
frame00141 0.288996 24.461412 322.055298 295.191162 579.623047
frame00142 0.205441 1145.450562 293.967194 1238.354614 325.292999
frame00142 0.357272 942.595947 315.319214 1063.696289 347.649811
frame00142 0.230575 1139.588257 300.895264 1228.891357 341.283752
frame00142 0.359417 16.245575 320.515900 276.659485 576.634155
frame00143 0.241234 1139.932983 293.275940 1235.040527 322.752411
frame00143 0.387483 939.571472 310.646088 1068.210327 346.976044
frame00143 0.226619 1131.417480 296.411377 1224.830078 338.804260
frame00143 0.323748 13.985081 336.688965 227.759872 572.650696
frame00144 0.241511 1142.480225 294.939789 1233.749268 323.068207
frame00144 0.346479 946.517334 309.283173 1072.445312 345.342194
frame00144 0.209486 11.840038 346.536652 176.403503 566.095337
frame00145 0.242198 1144.938232 291.784637 1234.134399 324.019867
frame00145 0.305106 945.977173 307.516846 1079.545776 349.748260
frame00145 0.261751 3.633919 364.500977 127.084381 551.571533
frame00146 0.264760 1149.626587 297.694641 1231.119995 322.195312
frame00146 0.252103 957.970276 307.864105 1080.812988 340.944397
frame00147 0.254053 1146.936157 295.591644 1233.722290 324.239868
frame00147 0.350517 947.661438 305.589844 1085.536987 343.269684
frame00148 0.264168 1146.334106 296.151550 1234.192505 325.556610
frame00148 0.331132 950.901367 305.132355 1085.137939 342.748840
frame00149 0.284886 1148.175293 296.947357 1236.690063 325.349030
frame00149 0.299422 947.775818 305.498352 1083.999390 343.036987
frame00150 0.339342 948.595459 305.094147 1085.152832 341.751251
frame00150 0.237512 1133.892578 293.750427 1236.070923 334.570953
