frame00000 0.533807 616.897522 308.480652 753.951782 341.707428
frame00000 0.399059 1142.758301 290.991791 1284.638672 363.846252
frame00001 0.524301 617.268677 309.242828 753.261841 342.663971
frame00001 0.400690 1144.053711 291.220703 1284.583618 364.088470
frame00002 0.525191 617.157227 308.336060 752.747864 341.433563
frame00002 0.402826 1142.724121 291.258698 1283.651611 363.585327
frame00003 0.496351 614.689880 307.856537 752.812439 341.510620
frame00003 0.408384 1143.092163 292.113739 1284.901123 363.041962
frame00004 0.507890 615.100708 307.404755 754.666870 341.648621
frame00004 0.407898 1142.731812 291.307068 1284.486572 363.591705
frame00005 0.504647 614.790649 307.828949 753.579224 341.712372
frame00005 0.398544 1143.374268 291.054840 1282.557495 362.383698
frame00006 0.518863 616.224609 307.446991 754.132690 342.045563
frame00006 0.399068 1144.540527 290.102448 1284.103027 364.784851
frame00007 0.521975 614.525269 307.145355 754.299805 341.585907
frame00007 0.399095 1142.831543 292.032837 1283.393433 363.542419
frame00008 0.525696 619.555542 307.674194 754.573364 340.613281
frame00008 0.405195 1141.635254 290.848755 1285.121948 364.317200
frame00009 0.537630 618.856934 307.798737 754.828247 340.354675
frame00009 0.401887 1141.085449 291.047150 1284.428955 363.022583
frame00010 0.520612 616.878296 307.318848 753.567261 341.504028
frame00010 0.396935 1142.848022 290.553101 1282.769043 363.741516
frame00011 0.521831 615.655457 307.346069 754.761292 341.341064
frame00011 0.402773 1142.186768 290.982697 1283.846680 363.637665
frame00012 0.539351 613.103333 307.240723 754.900818 342.274902
frame00012 0.404082 1141.635864 290.307404 1284.422119 363.514252
frame00013 0.548031 613.546387 307.280548 753.674988 342.377167
frame00013 0.406094 1141.724976 290.201752 1285.860596 364.613617
frame00014 0.542151 612.741455 306.956268 753.840576 342.360229
frame00014 0.399777 1142.575439 289.857178 1283.472412 363.759003
frame00015 0.541781 610.015259 307.354065 753.380249 342.628723
frame00015 0.409911 1141.435669 290.893311 1285.462646 363.258179
frame00016 0.550346 612.906433 307.523926 756.177429 344.023956
frame00016 0.394852 1142.152222 290.840454 1285.153198 364.439545
frame00017 0.559851 612.433716 307.411621 753.657471 343.572723
frame00017 0.403457 1141.905273 290.315704 1284.950928 364.175232
frame00018 0.559427 611.921753 307.002625 753.861816 343.490692
frame00018 0.399211 1142.428101 289.468231 1283.912476 364.082092
frame00019 0.560027 609.216187 306.815430 754.916321 343.446899
frame00019 0.400443 1142.519653 289.355133 1283.408691 363.009064
frame00020 0.555369 608.313538 307.186340 754.301758 345.638092
frame00020 0.393600 1143.496582 289.541016 1283.238647 364.314758
frame00021 0.568637 606.927185 307.514435 752.931641 345.534058
frame00021 0.388090 1143.050049 289.799103 1281.957275 363.624573
frame00022 0.558850 603.675171 307.346283 753.271729 346.238739
frame00022 0.399118 1142.443481 289.653900 1283.571533 364.053986
frame00023 0.554118 604.525757 307.235748 752.873230 344.666016
frame00023 0.398778 1142.345459 291.025208 1282.865112 362.825287
frame00024 0.546159 602.782104 306.787384 751.612915 345.461517
frame00024 0.397088 1142.737061 290.533203 1282.725830 363.885803
frame00025 0.560111 597.860291 307.240356 749.281738 346.434326
frame00025 0.403038 1143.657715 289.628754 1284.968994 363.382629
frame00026 0.568139 597.820618 306.904846 749.947998 346.303131
frame00026 0.398750 1142.876465 289.178253 1283.327393 363.111755
frame00027 0.573738 599.536255 308.018433 747.497681 345.775421
frame00027 0.399601 1142.632568 290.104858 1283.359253 362.694092
frame00028 0.580332 599.315979 306.810028 749.485107 345.952148
frame00028 0.407263 1142.285767 288.827911 1284.916016 363.849152
frame00029 0.589109 598.654358 307.778168 746.158325 345.111328
frame00029 0.399505 1141.754639 289.900543 1283.052246 362.996918
frame00030 0.597582 599.834900 307.648438 746.438110 345.748199
frame00030 0.400970 1141.978271 288.670990 1283.884399 364.588165
frame00031 0.595435 600.784973 308.894806 745.005127 345.375824
frame00031 0.400103 1141.477417 289.789429 1284.533081 363.795959
frame00032 0.601719 597.393311 307.363403 744.334717 346.076782
frame00032 0.401519 1142.307373 287.577271 1283.737061 364.049530
frame00033 0.597667 594.245422 308.172791 744.055664 347.397247
frame00033 0.398618 1141.826416 289.423859 1283.217896 363.192261
frame00034 0.598529 592.617249 307.498474 742.806091 346.926056
frame00034 0.406065 1142.036987 288.743500 1284.140137 364.513397
frame00035 0.584035 587.110229 307.530548 741.361633 347.753448
frame00035 0.403232 1143.540283 288.835754 1283.177368 362.671051
frame00036 0.596325 588.255371 307.301880 743.262207 347.803986
frame00036 0.405415 1142.487915 288.751099 1283.712402 362.887848
frame00037 0.596027 584.454468 306.646729 741.971375 348.567627
frame00037 0.407839 1143.180420 288.006256 1283.805176 363.728699
frame00038 0.607801 584.014832 306.709106 741.982361 349.199524
frame00038 0.405063 1141.947021 288.180542 1282.281616 363.597382
frame00039 0.599100 580.316895 307.381744 739.174683 349.112885
frame00039 0.412208 1142.733032 288.762726 1283.532227 362.487335
frame00040 0.596384 580.864258 307.242279 739.214355 348.736877
frame00040 0.410825 1142.056763 288.407715 1283.876709 362.873474
frame00041 0.589991 576.792969 307.175995 736.319519 350.306122
frame00041 0.409868 1142.455322 289.113770 1282.120239 362.323822
frame00042 0.595209 574.934021 307.130066 735.302185 350.704254
frame00042 0.411682 1143.253296 287.249298 1284.111572 364.043488
frame00043 0.603763 575.178955 307.541901 736.051147 350.307068
frame00043 0.412393 1143.784668 287.212524 1284.140137 362.879272
frame00044 0.590392 572.822632 306.804535 733.938965 351.139587
frame00044 0.413768 1144.136230 287.403748 1283.808472 363.879578
frame00045 0.599094 573.515747 306.654755 732.667114 349.857117
frame00045 0.415006 1143.671997 286.346100 1283.808716 363.598419
frame00046 0.596683 571.687012 306.929169 733.513062 351.144562
frame00046 0.411059 1144.263428 286.926239 1283.140991 362.848114
frame00047 0.591001 571.590942 306.922089 733.332581 350.344696
frame00047 0.411023 1144.427979 286.819031 1283.699707 363.038849
frame00048 0.603159 566.491089 307.021301 732.943237 351.856842
frame00048 0.417532 1143.100830 287.175812 1283.237305 362.618835
frame00049 0.586326 567.375610 306.267639 733.290161 351.850281
frame00049 0.417030 1144.973022 286.780212 1283.596191 363.162872
frame00050 0.591160 564.410522 306.300446 733.370239 352.526642
frame00050 0.419728 1143.440063 287.011139 1283.001709 363.015564
frame00051 0.575049 560.355347 306.431519 731.466187 354.192261
frame00051 0.415235 1146.735962 286.902832 1283.201294 362.400970
frame00052 0.581924 562.298706 307.257233 730.999878 354.357300
frame00052 0.417291 1145.238770 287.809662 1282.102783 362.231506
frame00053 0.572394 556.229187 306.983704 729.299683 356.385620
frame00053 0.412540 1147.308350 287.246765 1282.108154 362.402344
frame00054 0.560458 558.515503 306.867828 726.874390 356.126923
frame00054 0.419109 1147.942261 286.287811 1282.072876 362.847137
frame00055 0.583228 555.909363 307.588684 727.546326 356.402924
frame00055 0.415014 1147.057007 287.414490 1281.599121 362.384369
frame00056 0.585683 555.997314 307.146515 726.342651 355.549622
frame00056 0.419395 1146.644043 286.330292 1282.930420 363.036346
frame00057 0.582910 560.211609 308.006165 723.150085 354.743744
frame00057 0.407784 1148.479248 285.970551 1281.391724 362.788452
frame00058 0.585876 555.791748 308.034729 721.345154 355.894745
frame00058 0.408838 1148.965576 286.194366 1281.595215 362.531281
frame00059 0.580702 553.625977 308.417816 716.960938 356.789276
frame00059 0.410030 1149.885498 286.452789 1281.124023 363.263184
frame00060 0.572096 551.301270 307.541534 715.413879 356.538513
frame00060 0.413618 1151.190674 285.591583 1281.284912 363.086548
frame00061 0.568585 550.697388 308.855011 710.188232 356.856171
frame00061 0.406370 1152.176147 286.517303 1280.027466 363.557373
frame00062 0.567926 548.438599 308.713776 709.863037 356.405121
frame00062 0.413247 1152.614380 285.768768 1280.707764 362.373016
frame00063 0.559949 546.595947 309.219452 704.756836 357.045868
frame00063 0.409219 1154.042236 286.143280 1280.249268 363.344788
frame00064 0.554615 544.916870 309.232544 700.701904 356.713135
frame00064 0.407577 1156.320679 286.434570 1280.076294 362.323059
frame00065 0.556825 540.766479 307.553101 698.270752 356.939972
frame00065 0.403231 1156.990845 285.418640 1279.309937 363.839294
frame00066 0.545336 541.068176 307.901093 700.420898 356.632233
frame00066 0.411638 1156.237549 285.979034 1280.356445 362.897247
frame00067 0.547741 537.125732 307.873810 697.210815 357.642456
frame00067 0.412543 1156.781128 285.807648 1281.220825 362.863647
frame00068 0.561531 538.790833 308.996185 692.652039 357.594452
frame00068 0.406890 1157.111328 285.986816 1279.613770 363.372192
frame00069 0.556979 534.061768 308.089050 691.476746 357.061401
frame00069 0.406639 1157.362915 285.990540 1278.981812 362.359497
frame00070 0.556396 531.696655 308.210449 688.898193 357.121033
frame00070 0.412010 1157.903564 285.480225 1280.984009 364.231079
frame00071 0.563881 529.183228 307.531677 688.143555 357.982483
frame00071 0.416896 1157.114624 285.678619 1280.590820 364.666992
frame00072 0.560351 527.318970 308.899292 684.484192 359.249176
frame00072 0.409727 1157.764038 286.562164 1279.971069 363.879242
frame00073 0.557237 525.088257 309.287659 684.197144 359.644867
frame00073 0.420899 1157.357056 286.223145 1281.881836 363.832092
frame00074 0.559171 523.467651 309.888733 680.066284 359.250793
frame00074 0.416726 1158.559326 285.842834 1281.364624 363.222137
frame00075 0.553087 522.560669 309.953278 681.304565 359.211700
frame00075 0.416588 1157.601318 286.209991 1281.227539 363.032745
frame00076 0.542976 520.511230 310.870270 674.926208 359.430695
frame00076 0.414365 1158.513306 286.972473 1280.620728 362.940338
frame00077 0.553553 516.109497 311.513733 671.552063 360.239563
frame00077 0.424370 1158.675659 286.975067 1282.923340 362.914368
frame00078 0.541588 511.424927 312.441589 667.613831 361.029358
frame00078 0.425003 1158.745239 287.799683 1282.015625 362.275116
frame00079 0.553244 504.649689 312.283173 664.179565 361.537567
frame00079 0.425521 1157.780273 287.042694 1282.970581 363.672058
frame00080 0.552851 503.814117 313.549347 661.341553 360.867950
frame00080 0.424249 1157.605469 288.155182 1282.243408 361.901245
frame00081 0.553185 499.589294 313.576508 657.361572 360.290405
frame00081 0.424859 1158.176147 287.176727 1283.335449 362.382141
frame00082 0.559557 497.855957 313.606659 655.095886 360.074249
frame00082 0.430023 1158.040039 286.481720 1284.092896 362.762451
frame00083 0.574137 492.416138 313.340668 653.563232 360.208557
frame00083 0.437036 1155.898560 286.694641 1287.271973 362.916656
frame00084 0.536185 487.091644 313.843933 651.701355 361.266388
frame00084 0.436616 1155.353394 287.506073 1285.250000 362.067139
frame00085 0.515535 483.690308 316.583557 642.439209 362.270508
frame00085 0.437269 1154.434326 289.279388 1285.934570 362.380646
frame00086 0.511896 478.005066 315.420563 645.811890 363.609131
frame00086 0.448640 1153.725830 288.515472 1288.754761 362.747742
frame00087 0.463442 469.617584 314.949310 642.377930 364.239655
frame00087 0.449508 1151.105347 290.044800 1288.694946 362.159851
frame00088 0.364278 465.570618 315.059357 639.235779 365.409943
frame00088 0.450935 1152.946289 291.512909 1288.938110 362.806702
frame00089 0.460602 451.869873 311.728119 608.572754 370.278046
frame00089 0.452547 1150.603882 294.504059 1286.516113 361.636414
frame00090 0.532993 446.980042 310.849518 611.704102 372.366699
frame00090 0.461911 1149.507568 294.357910 1287.985596 362.269714
frame00091 0.623788 440.067474 311.750916 605.977722 374.217987
frame00091 0.461872 1149.260132 296.056091 1286.280396 362.024841
frame00092 0.681818 436.986450 312.082214 603.486816 375.810303
frame00092 0.460626 1148.484619 296.995148 1284.223755 362.417206
frame00093 0.693716 433.183716 312.615875 601.332520 376.969666
frame00093 0.461404 1148.503174 297.411133 1284.235596 362.707184
frame00094 0.710497 428.975891 312.171539 600.926819 377.948242
frame00094 0.463366 1148.522217 297.359528 1283.941528 362.864258
frame00095 0.722335 420.084106 311.623169 598.664368 380.881836
frame00095 0.465303 1149.108032 299.120544 1282.697510 362.021484
frame00096 0.722039 412.788849 310.569336 595.543213 381.703735
frame00096 0.470744 1149.304321 298.336060 1283.443359 363.156006
frame00097 0.702727 406.919067 311.192688 584.733459 381.698090
frame00097 0.469456 1150.555664 299.894348 1281.438110 362.201630
frame00098 0.705171 399.551971 311.675446 578.189331 381.817078
frame00098 0.466700 1151.000488 300.569519 1279.546997 361.726196
frame00099 0.722374 395.825836 311.791168 571.879944 382.522217
frame00099 0.462021 1150.830933 301.110443 1278.119263 361.200134
frame00100 0.726883 390.420685 312.473389 566.149048 382.468506
frame00100 0.453353 1152.660889 301.911835 1275.316406 359.862000
frame00101 0.722464 384.810059 311.923706 561.008850 382.266541
frame00101 0.454361 1152.521973 301.692078 1274.883545 360.607239
frame00102 0.705662 379.316406 313.055634 558.140991 383.163300
frame00102 0.457364 1151.696899 301.371613 1275.061157 360.613220
frame00103 0.718409 365.333252 311.091949 556.045654 384.341064
frame00103 0.454175 1150.948730 300.997772 1273.800537 361.103088
frame00104 0.715354 354.388672 310.580994 549.721619 384.679840
frame00104 0.447325 1152.609131 300.637512 1271.948486 360.593445
frame00105 0.718843 342.851929 309.923523 544.517517 386.613434
frame00105 0.448725 1152.822510 299.299377 1272.116089 362.095642
frame00106 0.706985 332.811859 309.571198 536.585632 388.610291
frame00106 0.448260 1152.963501 298.080078 1272.587036 364.249725
frame00107 0.705598 323.694336 310.071777 528.250000 389.747589
frame00107 0.444639 1153.999268 297.747192 1273.930420 364.608856
frame00108 0.722778 316.481750 309.064240 524.277405 388.690704
frame00108 0.448121 1155.499756 296.645782 1276.021362 364.799255
frame00109 0.728821 309.076080 309.197144 515.306763 389.970276
frame00109 0.447859 1155.142456 296.884308 1276.184448 366.076996
frame00110 0.724729 299.410828 309.756317 510.485565 392.314056
frame00110 0.449378 1155.050537 296.020782 1277.744507 366.569641
frame00111 0.746893 286.308441 309.808624 501.485352 395.065094
frame00111 0.443989 1155.188477 295.086304 1278.182251 368.625397
frame00112 0.727772 262.576630 311.039642 495.494812 399.081512
frame00112 0.449156 1156.076660 294.751038 1281.671875 369.680573
frame00113 0.585250 248.017868 311.130707 483.048950 396.865906
frame00113 0.456648 1157.286865 294.905609 1285.833252 368.176453
frame00114 0.524081 228.863098 312.838135 495.972473 411.125275
frame00114 0.461366 1156.917969 293.935791 1287.392578 368.761292
frame00115 0.695139 208.611679 311.653259 498.501282 413.509369
frame00115 0.454636 1154.834717 291.950531 1289.504150 369.049896
frame00116 0.727219 191.653061 311.932617 474.628906 413.931061
frame00116 0.459033 1154.135986 290.900940 1289.680786 367.928345
frame00117 0.752908 186.462860 314.287506 467.036438 412.213135
frame00117 0.456387 1153.119019 291.421997 1288.693237 366.709778
frame00118 0.758004 176.908096 316.821014 461.868835 419.324554
frame00118 0.438565 1151.817627 291.440857 1286.442871 367.995544
frame00119 0.716461 153.085632 318.526215 445.006714 421.741150
frame00119 0.429551 1151.174316 293.841553 1282.419678 365.776276
frame00120 0.741427 133.096024 320.197906 434.406799 423.217468
frame00120 0.429645 1152.271484 293.617188 1280.499512 365.384155
frame00121 0.753636 120.439766 318.109863 404.886139 424.863586
frame00121 0.420890 1151.655762 293.664093 1276.352295 364.123566
frame00122 0.772720 113.030708 317.289459 387.375549 428.142487
frame00122 0.407675 1153.904907 293.651947 1272.538818 364.873840
frame00123 0.752063 104.096359 319.209778 367.621613 428.147552
frame00123 0.398070 1157.015747 294.031830 1268.537476 366.796753
frame00124 0.756749 81.335289 316.564514 372.119629 435.472290
frame00124 0.411653 1156.707886 293.016907 1271.783691 369.558136
frame00125 0.647908 47.529709 310.570343 363.358337 449.171143
frame00125 0.433454 1158.233032 288.359985 1276.937500 377.565430
frame00126 0.562408 38.678787 292.676666 329.252258 469.728363
frame00126 0.457302 1154.963257 286.858948 1283.513672 376.523132
frame00127 0.667453 24.097099 293.143677 303.129761 465.155884
frame00127 0.458437 1153.416992 288.390289 1282.960327 373.157043
frame00128 0.676598 19.208918 297.965576 298.205109 468.146210
frame00128 0.465509 1156.484375 288.758972 1285.229736 373.437408
frame00129 0.635964 20.662107 302.937714 284.599243 465.433960
frame00129 0.466739 1157.758057 290.793030 1284.706909 371.777344
frame00130 0.696927 8.186550 306.882080 266.906921 463.592285
frame00130 0.465176 1157.294678 292.700470 1284.639404 369.352753
frame00131 0.688702 2.520037 309.521484 241.387177 456.974030
frame00131 0.450166 1155.932373 295.395081 1282.294800 367.670776
frame00132 0.668731 0.000000 311.487549 223.022583 463.084961
frame00132 0.456563 1154.825317 295.034180 1282.958374 367.629364
frame00133 0.664709 0.000000 312.153717 214.146759 462.086975
frame00133 0.452821 1156.438232 295.322205 1285.856689 368.750183
frame00134 0.615818 0.000000 311.780945 177.101974 452.904205
frame00134 0.444157 1155.317017 297.640015 1284.966431 365.853058
frame00135 0.563426 0.000000 312.257294 155.108185 445.717834
frame00135 0.440807 1152.104736 298.989716 1284.884033 364.736572
frame00136 0.498430 0.000000 317.611572 138.418884 437.259644
frame00136 0.437163 1152.279541 299.474182 1285.281860 364.321838
frame00137 0.342870 9.389448 324.029633 129.844101 423.958618
frame00137 0.450392 1156.939941 298.457886 1286.899536 362.947540
frame00138 0.453480 1157.307373 297.549896 1288.688354 363.262756
frame00139 0.477770 1163.029419 290.610840 1285.767700 361.525116
frame00140 0.481828 1161.932373 290.852264 1284.814209 361.161926
