frame00000 0.430651 698.910889 329.017090 802.193665 363.183258
frame00000 0.267851 970.345215 317.217133 1095.750488 349.972870
frame00001 0.423504 698.007141 328.266724 802.846008 363.594666
frame00001 0.335325 959.797058 316.104675 1106.459717 354.579773
frame00002 0.426633 698.928223 328.640350 801.914795 363.660583
frame00002 0.334943 953.353333 316.869110 1102.846924 357.961975
frame00003 0.419042 701.765198 327.844482 802.528015 364.288544
frame00003 0.412476 951.340820 315.675842 1102.913696 357.083710
frame00004 0.412485 696.192627 329.661224 796.012451 365.027405
frame00004 0.291444 954.814331 317.793091 1090.429077 357.608063
frame00005 0.435713 699.473267 330.283325 795.170776 363.858734
frame00005 0.303521 960.566956 317.397888 1097.256348 357.585083
frame00006 0.394363 699.523254 326.411865 802.826294 365.584229
frame00006 0.380167 956.718750 316.006653 1105.806152 358.116241
frame00007 0.403752 697.842041 325.463562 803.372131 365.709534
frame00007 0.363750 950.946106 315.409729 1102.404297 358.986115
frame00008 0.410364 696.236572 325.621460 804.697571 367.046448
frame00008 0.454194 948.444519 314.852081 1109.487793 360.755432
frame00009 0.413859 697.082825 327.203064 800.374451 364.844421
frame00009 0.319097 951.688477 316.549469 1094.847656 358.864471
frame00010 0.419524 698.263062 326.056366 802.327271 364.332855
frame00010 0.272805 958.705811 315.929077 1098.845703 358.664551
frame00011 0.397103 701.543274 329.854980 802.800598 367.998444
frame00011 0.351905 966.426147 318.181854 1107.941406 357.058807
frame00012 0.408453 703.951660 329.896362 807.354065 369.752594
frame00012 0.438038 970.747070 318.379578 1126.741699 357.843689
frame00013 0.411001 705.783203 329.659668 805.452881 368.944458
frame00013 0.481295 970.542053 317.823364 1125.755981 357.852417
frame00014 0.440881 707.157532 326.670166 808.015808 366.816498
frame00014 0.504485 967.727966 314.630341 1123.737061 356.049866
frame00015 0.435452 706.097717 326.841309 808.523865 366.501617
frame00015 0.483098 972.098938 313.995300 1126.308472 355.855286
frame00016 0.444356 703.769409 327.204559 808.227051 367.374878
frame00016 0.469870 970.529785 313.536407 1133.405273 360.907318
frame00017 0.437008 707.983093 327.978851 809.682129 368.608978
frame00017 0.512671 972.764404 312.988831 1132.096069 356.525818
frame00018 0.443861 708.903564 327.840424 808.483521 367.180939
frame00018 0.464203 979.746765 312.896393 1125.350098 356.004730
frame00019 0.417703 709.684570 330.369049 807.874023 368.459717
frame00019 0.423301 984.023804 314.587616 1128.506592 354.472748
frame00020 0.414550 710.603027 329.886322 807.004883 369.427765
frame00020 0.448280 991.283020 313.793762 1137.066406 357.727448
frame00021 0.421606 714.518433 330.917297 806.754456 369.582916
frame00021 0.465126 990.879395 316.104614 1134.486572 357.374878
frame00022 0.416631 713.104492 330.691162 806.421570 371.967834
frame00022 0.454939 995.040283 314.659912 1134.673462 359.267914
frame00023 0.483881 713.640259 331.730164 806.539185 372.803894
frame00023 0.477263 989.562683 315.880920 1137.780762 361.049164
frame00024 0.459808 714.261169 331.318054 809.018066 373.513702
frame00024 0.490028 990.146606 315.395172 1141.006104 359.732635
frame00025 0.430352 715.930237 328.353210 811.634155 372.042267
frame00025 0.523172 994.449524 313.057220 1150.303711 361.066010
frame00026 0.462073 713.775269 330.276031 807.530762 372.732635
frame00026 0.501546 993.761292 313.698029 1148.068970 362.444702
frame00027 0.441165 715.778748 330.673401 807.633423 374.455292
frame00027 0.495144 1000.278198 313.862183 1140.472168 360.408997
frame00028 0.448636 716.915283 330.856812 808.502686 372.947052
frame00028 0.535742 1003.314331 314.094574 1146.178955 359.310089
frame00029 0.447096 713.914734 328.282990 810.494446 371.481689
frame00029 0.537416 1005.352844 313.235413 1147.010742 356.772125
frame00030 0.441838 714.369812 329.211212 811.701538 372.289124
frame00030 0.543545 1002.669678 313.040405 1144.711426 354.312866
frame00031 0.427704 709.731506 328.666595 810.895752 369.945618
frame00031 0.509431 1005.149414 313.853912 1145.406616 352.229675
frame00032 0.390553 707.102905 328.598419 812.972046 370.268433
frame00032 0.488541 1002.535645 314.740723 1147.997925 351.121521
frame00033 0.409152 706.467651 328.780426 813.935486 368.986816
frame00033 0.442086 1003.765625 315.150085 1150.340454 350.339935
frame00033 0.240245 1083.752686 307.003357 1218.869507 347.891083
frame00034 0.422994 708.724854 328.732666 814.036255 366.294189
frame00034 0.425298 1009.163086 315.074768 1153.068237 348.920471
frame00034 0.243143 1072.581055 307.564575 1211.411011 347.274902
frame00035 0.409347 707.239746 327.446014 812.640930 366.143555
frame00035 0.441512 1010.514160 313.482178 1153.970459 349.469055
frame00035 0.243346 1057.264404 306.761230 1203.007935 349.985931
frame00036 0.409593 708.033813 328.383392 813.582092 365.664917
frame00036 0.431432 1008.412842 313.529846 1158.354614 349.118134
frame00036 0.259890 1058.105713 306.389984 1207.731812 349.108765
frame00037 0.416612 707.642761 327.556732 810.831238 364.772308
frame00037 0.412532 1009.925171 312.681427 1159.069702 350.722290
frame00038 0.397865 703.864746 328.933014 809.157715 366.861206
frame00038 0.381566 1009.685425 313.367126 1156.709106 350.260712
frame00038 0.291718 1041.077759 305.157654 1205.174316 350.995819
frame00039 0.391955 701.359314 329.311371 808.858582 367.598175
frame00039 0.364486 1003.885132 315.426849 1151.145874 350.389160
frame00039 0.285777 1057.749634 306.251709 1214.355591 348.768372
frame00040 0.382833 702.816284 331.426758 804.956360 369.347046
frame00040 0.395136 994.891296 317.282349 1136.758911 350.111481
frame00040 0.262611 1069.422363 308.201599 1216.119873 348.689850
frame00041 0.365430 703.876831 331.146637 805.009033 368.892822
frame00041 0.391009 990.859924 317.391724 1133.056885 349.466949
frame00041 0.288598 1066.073730 308.606567 1218.493774 349.470856
frame00042 0.357547 704.135498 329.007812 810.308594 369.942505
frame00042 0.428683 987.990662 316.367126 1136.657593 349.739014
frame00042 0.272757 1079.244995 308.011902 1225.023804 349.028961
frame00043 0.324347 712.092529 326.273651 816.082520 367.186523
frame00043 0.449572 975.585327 318.002625 1124.972900 350.505493
frame00043 0.292493 1073.512207 310.906403 1220.853760 349.941315
frame00044 0.317224 713.017212 329.938904 810.147766 370.674805
frame00044 0.479003 969.007690 320.404144 1111.939941 352.476440
frame00044 0.267660 1084.046509 312.086060 1223.015625 351.607880
frame00045 0.331961 712.226868 328.920868 807.919189 368.812714
frame00045 0.458065 969.226685 319.761841 1111.540405 352.072540
frame00045 0.290293 1084.769043 310.969116 1225.659668 350.576599
frame00046 0.326517 715.103516 330.956726 805.359436 369.184174
frame00046 0.469406 967.041687 321.470703 1106.581787 352.259247
frame00046 0.292185 1078.646484 312.488220 1222.437988 351.653687
frame00047 0.322487 716.816528 332.568024 804.096985 369.210876
frame00047 0.450485 965.885620 321.751709 1100.451904 351.331207
frame00047 0.306410 1076.091675 312.594849 1221.490845 351.238007
frame00048 0.363289 713.781616 331.574127 801.804199 366.568054
frame00048 0.405415 964.422363 322.164215 1097.627930 351.906250
frame00048 0.297765 1084.994141 313.066010 1225.441772 350.654877
frame00049 0.348283 716.004395 333.689484 799.678589 368.640076
frame00049 0.397245 962.638245 324.345886 1092.282227 354.074432
frame00049 0.297724 1088.904785 314.861603 1226.832764 351.606262
frame00050 0.357436 711.073364 331.278961 802.322327 368.135406
frame00050 0.395901 963.619019 322.791504 1095.331299 353.616913
frame00050 0.290573 1098.906494 313.732025 1232.147705 351.412689
frame00051 0.347489 708.518982 331.176117 806.409607 367.564301
frame00051 0.395720 967.070984 322.045074 1103.279541 351.386169
frame00051 0.304652 1093.518188 313.095276 1232.175781 350.228149
frame00052 0.327960 709.464233 336.601990 803.222778 373.372437
frame00052 0.421077 964.605835 323.277039 1092.634399 351.009369
frame00052 0.310245 1094.281128 313.186371 1232.026489 350.491272
frame00053 0.354114 702.898071 335.779083 802.985962 372.704926
frame00053 0.393264 972.413696 321.848267 1106.381958 349.828400
frame00053 0.282335 1104.739746 311.291168 1236.834595 347.910278
frame00054 0.344459 708.787720 335.933716 798.799744 370.094147
frame00054 0.382501 963.976746 322.122437 1092.986572 350.759369
frame00054 0.292352 1101.378540 311.188049 1236.900757 349.342194
frame00055 0.354393 706.726196 337.961548 797.328003 370.104919
frame00055 0.352188 968.536255 321.966064 1093.844971 349.103912
frame00055 0.266554 1107.005615 311.403442 1237.282959 348.789917
frame00056 0.348731 707.694336 336.043823 800.611023 368.034088
frame00056 0.386421 967.403809 320.243073 1100.230591 349.053375
frame00056 0.267667 1112.066895 309.386993 1241.690918 348.830414
frame00057 0.205443 643.837280 328.415955 800.815125 380.486725
frame00057 0.323618 706.568115 333.451447 801.972351 366.992126
frame00057 0.377284 970.464600 318.593658 1107.201050 348.708527
frame00057 0.271913 1101.575806 307.709290 1238.362793 347.930878
frame00058 0.218037 638.386108 327.365143 804.407715 378.841522
frame00058 0.297707 702.357788 332.413177 806.069214 365.939789
frame00058 0.361036 973.279297 318.151031 1111.377441 346.482666
frame00058 0.257114 1111.011963 307.238708 1243.544189 345.253113
frame00059 0.202110 634.756287 326.762756 803.353394 378.395050
frame00059 0.286571 702.478943 332.377228 807.896118 365.274780
frame00059 0.345260 980.868408 318.411926 1118.328613 345.834259
frame00059 0.252400 1114.547974 307.430817 1243.812744 343.657684
frame00060 0.201799 636.230103 327.789032 801.634827 377.457245
frame00060 0.305290 702.535706 333.518768 804.518738 364.674927
frame00060 0.310050 991.829895 318.854126 1116.878418 344.715454
frame00060 0.254101 1111.934082 309.021240 1238.491089 343.528717
frame00061 0.334159 703.539978 333.821777 806.701294 365.179016
frame00061 0.350262 988.689819 319.131256 1120.217773 345.545135
frame00061 0.259247 1107.457153 309.397461 1235.981689 342.860992
frame00062 0.325106 702.957275 334.553314 804.832031 365.268463
frame00062 0.339616 994.326111 318.960815 1125.058472 345.523193
frame00062 0.272028 1103.336304 308.983948 1236.562622 343.010773
frame00063 0.326389 705.446899 333.474762 809.270752 367.342133
frame00063 0.383131 987.388977 318.484650 1121.755615 344.792175
frame00063 0.285543 1108.263916 308.448151 1238.387939 343.184326
frame00064 0.338447 704.988281 333.060669 806.840210 366.257355
frame00064 0.376381 987.489014 318.416077 1126.438232 346.138763
frame00064 0.307976 1098.627197 308.217712 1238.076904 344.460022
frame00065 0.294283 703.901428 337.819733 804.955994 371.285400
frame00065 0.368286 994.509033 319.708038 1126.441772 346.634216
frame00065 0.311617 1103.742554 309.241241 1239.759277 344.371613
frame00066 0.285640 703.883728 336.817566 808.067261 372.295715
frame00066 0.382688 994.549866 319.961151 1128.208618 347.636658
frame00066 0.302457 1102.379639 309.948639 1237.487915 344.892670
frame00067 0.280652 704.093140 336.137878 811.140747 370.935333
frame00067 0.378451 994.069580 321.036682 1123.140503 346.709412
frame00067 0.280360 1103.034546 311.613007 1231.052002 342.925629
frame00068 0.282238 704.512573 337.077057 809.969543 371.103485
frame00068 0.373443 996.165161 321.813934 1117.781982 345.644287
frame00068 0.253188 1108.600342 313.016418 1227.851196 341.753754
frame00069 0.280827 703.288574 338.237396 808.809814 370.280365
frame00069 0.344488 1000.437317 321.999939 1119.543335 346.521698
frame00069 0.259303 1104.349487 313.473297 1225.937744 343.493042
frame00070 0.279263 702.898682 336.839111 808.235596 369.185516
frame00070 0.328837 1002.251526 321.494263 1125.235962 347.852478
frame00070 0.265856 1092.559692 313.455566 1221.914307 344.872375
frame00071 0.298054 707.280579 333.856750 810.347168 366.783752
frame00071 0.332565 1002.313965 320.360474 1125.780273 346.401001
frame00071 0.278918 1080.226807 312.640350 1213.911987 344.680939
frame00072 0.267358 704.675049 331.808411 813.513245 366.343109
frame00072 0.325353 1003.310669 318.598267 1133.089355 345.541473
frame00072 0.305026 1078.955566 309.681793 1219.295166 342.630859
frame00073 0.228524 628.904785 323.232849 806.702332 381.231171
frame00073 0.250908 701.144897 330.474731 813.431274 365.633453
frame00073 0.305846 990.464478 316.694397 1126.685059 345.385437
frame00073 0.330411 1083.784424 305.854126 1232.438721 341.438721
frame00074 0.244915 628.083374 323.492554 802.241089 379.138214
frame00074 0.208166 704.218079 330.630035 814.787842 364.119965
frame00074 0.288663 991.777588 317.035767 1128.291260 345.375000
frame00074 0.347809 1076.370117 306.221741 1231.918823 341.925995
frame00075 0.249549 626.273865 323.169586 800.956360 381.056854
frame00075 0.202394 704.317383 330.301605 814.438721 365.971466
frame00075 0.282813 996.325806 316.513733 1129.282227 345.468292
frame00075 0.336995 1079.755615 305.732208 1229.492432 341.039551
frame00076 0.274850 637.333130 326.527069 799.292664 380.548767
frame00076 0.228278 706.076111 332.096863 809.186157 366.080719
frame00076 0.319889 985.428467 316.378113 1119.301025 346.329468
frame00076 0.310341 1079.840576 305.461243 1230.052368 344.190063
frame00077 0.275579 632.408569 327.038452 798.617065 380.166534
frame00077 0.309566 983.893555 316.104614 1125.894165 346.700256
frame00077 0.322354 1079.508301 303.983582 1236.820557 343.604187
frame00078 0.296260 638.379333 329.038330 798.383301 380.293335
frame00078 0.214934 704.503479 334.070892 810.228271 366.272064
frame00078 0.303605 980.737549 316.962616 1120.171631 346.568115
frame00078 0.325953 1079.819458 303.981201 1238.093750 343.755402
frame00079 0.298785 635.623169 328.137634 799.141541 380.470154
frame00079 0.200140 704.329346 333.043213 810.687134 366.229034
frame00079 0.306276 979.920105 316.830200 1122.980835 347.148895
frame00079 0.344155 1075.579224 304.228271 1240.681885 345.703918
frame00080 0.314792 641.128845 329.430084 795.682495 380.012268
frame00080 0.200666 704.319214 334.051239 808.170837 366.699371
frame00080 0.277798 979.350342 317.539398 1119.793457 348.164429
frame00080 0.327098 1075.495361 304.211975 1238.766602 345.808685
frame00081 0.327862 643.154297 330.282837 795.837708 379.531586
frame00081 0.201158 704.934937 334.451630 806.607300 366.689545
frame00081 0.282086 978.091187 317.941345 1116.322144 347.387848
frame00081 0.323023 1077.094482 304.643250 1238.990234 344.790405
frame00082 0.330927 635.621033 326.170013 795.440186 380.748871
frame00082 0.258365 981.899353 316.408752 1112.401001 345.942749
frame00082 0.321947 1077.616821 303.739441 1234.001343 342.903687
frame00083 0.322067 635.279175 325.045197 796.185242 381.410980
frame00083 0.270789 979.870483 315.939850 1114.143311 346.461029
frame00083 0.346759 1076.390625 303.520813 1237.058838 345.051849
frame00084 0.322143 634.621399 324.421021 801.209595 382.053680
frame00084 0.349249 972.899170 315.387726 1116.341309 347.462830
frame00084 0.335447 1076.330444 302.640442 1237.989380 346.040253
frame00085 0.328960 631.468567 323.796356 797.747437 381.450134
frame00085 0.338615 975.043945 315.330719 1120.536133 347.494415
frame00085 0.344431 1073.905151 302.909515 1238.797119 345.903229
frame00086 0.331350 630.790649 323.486694 796.232666 380.308655
frame00086 0.334324 975.083740 315.516266 1121.172119 346.946991
frame00086 0.357759 1075.179932 303.303131 1241.067139 346.266266
frame00087 0.320895 626.987427 321.554260 798.397522 380.632660
frame00087 0.334391 976.654114 314.911224 1124.485352 346.958252
frame00087 0.354309 1076.204346 302.736755 1240.938110 345.373993
frame00088 0.348789 629.651001 321.898102 797.643555 379.457214
frame00088 0.275754 974.738159 315.479614 1118.930420 348.749084
frame00088 0.364776 1078.664673 302.224854 1244.360352 344.976135
frame00089 0.336381 631.877563 324.552094 799.867432 382.468018
frame00089 0.329514 976.254028 316.029846 1119.310181 347.672607
frame00089 0.368482 1081.333984 302.439362 1244.131592 345.905731
frame00090 0.339129 634.267578 326.619324 799.525757 383.828674
frame00090 0.406764 975.492310 316.397156 1124.800293 347.254822
frame00090 0.350320 1079.872314 303.362793 1241.134399 345.792328
frame00091 0.351628 632.228943 326.885590 796.025024 382.718964
frame00091 0.344573 981.144043 316.980743 1127.704102 347.967194
frame00091 0.355524 1075.487305 303.943390 1240.830566 345.974915
frame00092 0.347889 635.136963 326.872925 796.000916 381.438049
frame00092 0.374097 983.047852 317.276550 1131.529419 348.384216
frame00092 0.349396 1073.680908 304.269653 1239.248291 347.237976
frame00093 0.377828 632.389954 326.153473 792.742920 380.713867
frame00093 0.339510 982.062378 317.362885 1127.365967 347.985626
frame00093 0.358794 1080.693726 304.666656 1242.714478 346.552551
frame00094 0.370902 634.799133 327.715912 792.783813 380.663055
frame00094 0.352100 983.272034 317.873383 1128.351318 348.429993
frame00094 0.351804 1080.813477 304.826874 1241.708496 346.270813
frame00095 0.367554 637.367310 329.233398 794.519958 383.033966
frame00095 0.338336 984.506714 319.583435 1131.623291 350.340027
frame00095 0.355752 1080.155640 306.022461 1240.498047 346.447174
frame00096 0.309797 628.225464 324.387665 800.697327 386.210297
frame00096 0.326737 986.243835 318.709106 1132.823364 350.278107
frame00096 0.365768 1084.502930 305.039490 1240.967651 346.338989
frame00097 0.366287 631.190857 328.816376 793.199097 387.720703
frame00097 0.352177 985.544922 319.224396 1129.698608 349.819183
frame00097 0.363079 1084.396240 305.228577 1241.479614 346.985138
frame00098 0.389011 633.872559 332.079041 788.599976 387.575562
frame00098 0.353770 987.560791 320.114807 1130.937012 350.236755
frame00098 0.339978 1084.387085 305.901855 1239.899292 347.398590
frame00099 0.378287 626.881592 330.446106 788.486206 388.175476
frame00099 0.366889 990.668945 320.105774 1131.631592 349.276947
frame00099 0.336875 1085.224121 307.603241 1236.774780 346.747070
frame00100 0.333492 620.128601 328.803406 789.836426 389.808777
frame00100 0.362418 988.210999 319.301117 1135.193970 350.342438
frame00100 0.356091 1092.493652 306.663269 1244.322754 347.006165
frame00101 0.372688 622.535522 331.968201 784.244385 390.676392
frame00101 0.369258 989.194458 319.359375 1137.457520 349.600677
frame00101 0.348809 1090.488403 305.891205 1243.556152 347.568787
frame00102 0.400741 634.804199 330.739960 782.559753 381.222931
frame00102 0.351184 982.323914 318.456696 1133.566772 350.566254
frame00102 0.352346 1091.766479 305.583435 1249.282104 347.650513
frame00103 0.386668 629.351440 328.471771 787.884521 380.432465
frame00103 0.373841 982.501953 317.040436 1140.348511 350.425903
frame00103 0.339011 1090.751465 304.738647 1248.536255 346.811462
frame00104 0.418146 633.693970 332.579529 782.127991 382.922424
frame00104 0.356666 980.789734 317.346069 1138.219482 351.531830
frame00104 0.348354 1095.803101 301.454865 1255.085205 348.044312
frame00105 0.388528 622.015076 327.066895 786.076050 382.472504
frame00105 0.374294 980.175842 315.405670 1144.070190 350.787445
frame00105 0.347790 1100.790039 300.387512 1256.414795 347.233551
frame00106 0.382760 619.754089 325.613708 786.257324 381.238403
frame00106 0.352837 981.550903 315.184967 1143.106201 350.832764
frame00106 0.341819 1104.338135 301.028076 1256.746582 346.825745
frame00107 0.422153 625.139648 328.876251 781.478149 380.640472
frame00107 0.397392 977.063538 314.781555 1145.225952 350.730530
frame00107 0.316147 1108.405762 300.371307 1256.482056 347.853790
frame00108 0.408926 624.341553 328.566620 781.314575 382.286163
frame00108 0.394353 976.186584 314.954712 1144.125122 350.991974
frame00108 0.308428 1108.675049 299.247314 1256.264526 347.806458
frame00109 0.384474 623.809509 329.720276 782.200806 383.439575
frame00109 0.367579 977.096436 316.120605 1145.653076 352.041901
frame00109 0.329923 1110.955688 300.834839 1260.226562 348.327850
frame00110 0.404551 629.236206 330.594940 783.215881 380.556824
frame00110 0.423300 978.499756 314.976318 1151.039551 352.373291
frame00110 0.331881 1111.230713 300.538696 1262.894165 350.191833
frame00111 0.432118 628.301331 333.933258 772.186218 381.041351
frame00111 0.338274 985.971008 316.811615 1143.936035 351.787598
frame00111 0.334367 1109.756348 301.845154 1260.879883 348.332489
frame00112 0.426735 623.581299 333.043854 772.577637 382.340363
frame00112 0.318162 985.499268 316.155396 1145.598389 351.962799
frame00112 0.350107 1107.021729 300.951752 1264.392578 348.689148
frame00113 0.404670 625.861694 332.673279 777.242920 382.185913
frame00113 0.359029 982.049255 316.207886 1148.381958 354.143890
frame00113 0.338020 1111.233154 301.353363 1264.850220 348.442841
frame00114 0.409554 624.669495 335.993866 772.719849 384.991608
frame00114 0.311384 983.995911 317.345673 1144.870728 354.993958
frame00114 0.335502 1112.253296 302.289062 1264.222168 350.018097
frame00115 0.404811 625.790771 336.075378 769.826416 382.334961
frame00115 0.335838 984.212769 317.306335 1147.859863 354.903473
frame00115 0.336406 1112.099854 302.742615 1266.128906 350.750824
frame00116 0.407717 624.963562 337.671448 769.142151 384.402039
frame00116 0.357711 983.592407 317.339935 1151.532227 355.848785
frame00116 0.322135 1110.246460 302.556213 1265.919678 353.040344
frame00117 0.400931 615.492615 339.122040 765.057129 389.140625
frame00117 0.374261 985.577148 316.866516 1151.489014 355.990967
frame00117 0.315061 1111.902222 301.353149 1265.754517 352.862823
frame00118 0.396648 617.611389 339.880402 764.162292 389.013336
frame00118 0.368640 986.276855 317.870697 1152.885010 358.088287
frame00118 0.315483 1103.883179 302.791565 1264.235962 354.589203
frame00119 0.412791 618.961853 340.097198 767.414612 389.784668
frame00119 0.414901 988.359131 317.782257 1151.784180 357.222534
frame00119 0.308635 1110.693115 302.440338 1265.215210 353.919037
frame00120 0.401948 621.266663 340.640625 769.076233 389.214020
frame00120 0.468650 987.583496 318.416504 1153.462524 358.832581
frame00120 0.278138 1117.491699 303.031586 1263.751099 354.725189
frame00121 0.405966 621.513733 341.496552 765.084595 389.593658
frame00121 0.432123 989.312256 318.397064 1149.185791 359.074066
frame00121 0.281878 1117.517456 303.193665 1264.504272 355.832825
frame00122 0.443174 621.628723 342.212280 763.608093 390.185547
frame00122 0.454357 988.941772 319.401581 1149.840210 360.249329
frame00122 0.255395 1110.610229 303.496857 1263.333862 355.715363
frame00123 0.409254 616.288269 339.301514 761.344116 388.858765
frame00123 0.393520 991.114868 318.326660 1147.778809 359.383270
frame00123 0.272938 1114.499146 302.306580 1266.673218 354.327576
frame00124 0.422537 606.346497 338.951813 759.708923 391.487152
frame00124 0.443961 988.977783 315.473175 1151.644409 357.753540
frame00124 0.266347 1117.475586 298.602692 1267.823730 353.710327
frame00125 0.420301 605.565063 339.207306 755.621948 387.090515
frame00125 0.440234 990.050171 315.130585 1152.904297 355.429810
frame00125 0.246121 1114.418945 298.302979 1264.730469 352.066620
frame00126 0.442644 607.851318 336.206970 756.625305 382.525146
frame00126 0.412499 992.276611 313.365143 1148.893921 352.426422
frame00126 0.252289 1116.581055 297.185730 1263.928711 350.639618
frame00127 0.456324 602.698792 334.843292 752.991211 382.743988
frame00127 0.376155 986.484924 311.736389 1146.917969 353.247406
frame00127 0.258681 1125.831787 293.451843 1267.132324 350.348358
frame00128 0.483608 604.662537 334.551178 750.550171 379.816803
frame00128 0.329197 988.809509 311.271332 1141.643188 351.315247
frame00128 0.253937 1130.781128 292.550598 1266.936279 347.914124
frame00129 0.471450 603.457581 333.864868 744.430420 376.898773
frame00129 0.264045 981.605896 308.954437 1139.208496 352.090454
frame00129 0.241359 1133.070801 289.050323 1269.588745 348.291168
frame00130 0.464849 601.243835 331.651917 746.574036 375.366455
frame00130 0.213189 981.904968 309.630615 1132.608765 351.930969
frame00130 0.233563 1138.176147 290.694153 1267.356934 346.277679
frame00131 0.457117 591.687683 327.181152 752.893433 376.569183
frame00131 0.327363 988.474182 307.326385 1144.314087 348.994629
frame00131 0.215762 1124.073120 291.954407 1255.869263 345.111603
frame00132 0.494604 600.963074 327.563019 754.488586 372.059387
frame00132 0.333484 986.074463 307.073578 1141.791870 349.150146
frame00133 0.467566 596.579346 326.734222 754.304871 372.571198
frame00133 0.378695 991.219482 306.432037 1148.606079 346.694397
frame00134 0.473440 598.492676 326.025421 754.184631 370.546478
frame00134 0.340527 992.508423 307.447449 1144.955444 345.920624
frame00135 0.459446 592.692627 322.610291 756.499573 370.827240
frame00135 0.307102 993.120728 306.853027 1140.302734 346.330505
frame00136 0.477794 589.888428 322.930725 753.572266 370.535126
frame00136 0.367201 990.652588 304.508026 1148.989502 345.412476
frame00137 0.472211 594.153198 321.572449 754.512878 366.529968
frame00137 0.336221 991.218750 303.539185 1147.026855 345.556946
frame00138 0.475200 588.652283 321.640320 752.299744 369.555359
frame00138 0.312024 991.190308 302.805359 1142.251099 343.976746
frame00139 0.476580 587.091370 320.570068 751.170532 368.006165
frame00139 0.265725 996.843750 302.736969 1135.541382 341.210022
frame00140 0.469876 583.944397 321.495758 746.585815 370.194061
frame00140 0.205603 995.451599 303.322449 1126.164062 341.185486
frame00141 0.461741 584.085022 320.088867 745.606628 368.386719
frame00142 0.477059 587.954041 321.166901 743.195679 367.043060
frame00143 0.477378 581.089539 321.729095 737.505859 372.418915
frame00144 0.480378 584.647949 321.691833 741.413879 372.008698
frame00145 0.491737 591.550964 322.225311 740.524963 369.282074
frame00146 0.481979 589.868164 322.009155 741.663818 370.837708
frame00147 0.466736 583.559326 325.001068 738.921570 379.371460
frame00147 0.211894 1082.671631 299.525146 1214.586304 342.619324
frame00148 0.463768 577.729980 326.956818 735.143127 384.604126
frame00148 0.265429 1083.238403 301.331055 1215.442871 341.069519
frame00149 0.460792 588.837524 327.624176 734.788879 382.651062
frame00149 0.249329 1084.962402 302.463470 1222.389648 347.437714
frame00150 0.463974 572.886414 328.241211 733.992859 392.272583
frame00150 0.269071 1065.668457 299.783539 1206.237427 347.869965
frame00151 0.471374 597.463135 331.983734 727.241577 382.557648
frame00151 0.214517 1071.509521 302.084961 1211.641602 351.821503
frame00152 0.487875 589.827393 332.205109 726.063110 387.802032
frame00152 0.206734 1069.045166 303.390533 1210.104736 359.312103
frame00153 0.476899 579.474609 335.225952 720.443420 392.823334
frame00153 0.270560 1047.885132 300.049774 1204.247559 359.468292
frame00154 0.457270 576.186768 333.567078 729.698730 393.481781
frame00154 0.272624 1031.493530 298.779358 1195.361328 357.562653
frame00155 0.469233 578.838562 334.561005 725.985657 390.840637
frame00155 0.329941 1038.619263 303.007050 1198.097290 354.027313
frame00156 0.460498 586.532104 330.956818 726.261475 385.522583
frame00156 0.268735 1042.580566 302.330841 1196.723145 357.301758
frame00157 0.454931 580.582153 330.979858 725.797607 386.338165
frame00157 0.349260 1030.645142 298.994110 1204.181030 355.490082
frame00158 0.464663 565.445496 328.565979 726.138977 388.834045
frame00158 0.373895 1037.859619 297.327576 1205.886719 350.648468
frame00159 0.504319 569.143799 329.044067 711.210205 382.502960
frame00159 0.291293 1053.801147 295.315674 1216.515625 357.204498
frame00160 0.521194 574.438721 322.890411 709.139465 374.830383
frame00160 0.219161 1069.986084 292.239624 1221.069092 357.036041
frame00161 0.526483 566.488403 323.816071 699.773010 374.698975
frame00162 0.253032 1076.521240 263.089142 1217.823608 326.970276
frame00162 0.535949 560.677856 317.775177 701.532471 372.055054
frame00163 0.280341 733.658508 266.369995 818.685852 308.710083
frame00163 0.216123 1079.665894 259.443298 1217.184082 324.542664
frame00163 0.509933 558.350342 313.164307 698.719788 368.635651
frame00164 0.269209 731.638794 264.813416 820.674438 308.125519
frame00164 0.288277 1070.309326 263.412170 1212.827515 326.738434
frame00164 0.495939 550.518372 312.715820 698.870850 372.306519
frame00165 0.247041 732.398987 263.235138 827.350586 308.245331
frame00165 0.303582 1071.015381 261.606506 1217.098755 327.562592
frame00165 0.518179 550.066162 315.615356 694.710754 374.832214
frame00166 0.221209 735.055054 263.300903 830.785522 308.263336
frame00166 0.297310 1081.821045 262.980988 1221.065674 326.772247
frame00166 0.538803 551.285706 317.952911 693.087219 376.330261
frame00167 0.210276 735.137085 263.711609 832.773804 309.849030
frame00167 0.295593 1092.242676 261.426758 1230.489258 327.290100
frame00167 0.531206 553.194458 320.774872 691.605774 379.350586
frame00168 0.309342 1095.246338 261.648041 1235.966064 330.585663
frame00168 0.537148 545.098999 325.507660 689.173035 387.287292
frame00169 0.324038 1102.470215 266.208405 1232.878296 325.632812
frame00169 0.520183 545.976685 325.489838 690.368652 388.504852
frame00170 0.300827 1106.627563 269.145538 1235.521729 328.677002
frame00170 0.514672 542.702209 325.419861 691.527832 387.919434
frame00171 0.205392 730.225342 268.266357 832.111084 311.154572
frame00171 0.293837 1111.704834 269.405945 1236.607910 328.559906
frame00171 0.488630 540.637756 324.823944 691.565002 386.479919
frame00172 0.246629 731.507568 271.541443 827.425049 313.132446
frame00172 0.252914 1108.634033 266.747314 1235.776855 328.596741
frame00172 0.481615 537.201538 325.486359 680.500244 384.877167
frame00173 0.236988 734.051636 269.556793 830.115234 312.507751
frame00173 0.286463 1105.213745 264.507507 1234.537964 325.332092
frame00173 0.474878 525.312012 325.759369 675.102234 389.801910
frame00174 0.241566 735.442627 269.827301 828.172729 313.032623
frame00174 0.242957 1102.699463 261.190125 1234.304688 327.355469
frame00174 0.479467 526.357666 328.121918 663.299072 388.125336
frame00175 0.264555 731.535522 269.647827 826.081421 312.485657
frame00175 0.302590 1098.358398 263.833038 1235.346802 328.805511
frame00175 0.484345 518.209717 326.243103 665.052246 390.379211
frame00176 0.249653 731.875366 269.274292 825.811218 311.607513
frame00176 0.338413 1096.090210 263.083130 1235.971802 329.461761
frame00176 0.446949 514.007874 327.872101 658.567993 390.755280
frame00177 0.258589 729.583008 271.289856 821.571777 313.794708
frame00177 0.315400 1100.563232 263.638092 1230.128906 326.655731
frame00177 0.283200 444.478516 314.268982 641.380554 430.362030
frame00177 0.364057 510.287598 323.724579 660.305786 389.522583
frame00178 0.249780 725.736694 272.377899 819.235107 315.557037
frame00178 0.305379 1096.964111 266.098724 1225.803711 328.772888
frame00178 0.381538 434.203339 313.272736 645.288757 434.995941
frame00178 0.273652 513.168701 319.096222 669.010010 387.351105
frame00179 0.221414 723.911011 272.134766 823.448364 316.209961
frame00179 0.245951 1094.445190 268.429474 1223.218384 333.534668
frame00179 0.450252 420.201874 312.324585 647.657715 440.153625
frame00180 0.217306 716.943665 274.470032 820.538818 321.023102
frame00180 0.230446 1097.915283 266.746216 1225.243164 334.561493
frame00180 0.530610 411.278748 316.417572 632.736206 440.105347
frame00181 0.221629 710.187500 275.746246 818.425171 323.248718
frame00181 0.219751 1101.319702 269.841949 1223.865479 334.449310
frame00181 0.523638 397.681274 316.621979 631.206543 445.551697
frame00182 0.255030 702.984131 278.586914 810.192993 326.668823
frame00182 0.254800 1100.070190 266.688171 1227.719482 336.006042
frame00182 0.528237 393.901733 318.239319 620.037170 444.774231
frame00183 0.203742 698.564941 276.188812 818.130005 326.521454
frame00183 0.250549 1101.644775 265.988220 1229.257080 336.700226
frame00183 0.547873 376.971771 318.905334 611.950806 447.627258
frame00184 0.269987 1106.272339 266.337097 1232.250854 337.165314
frame00184 0.527898 373.549133 326.228149 601.300537 451.144043
frame00185 0.274721 1102.402710 263.815338 1238.536865 340.579773
frame00185 0.517962 356.980957 324.362915 603.038086 455.232239
frame00186 0.307770 1114.146118 270.341919 1241.671387 335.679260
frame00186 0.452666 330.763306 320.451508 599.066833 457.842865
frame00187 0.301516 1116.247803 267.533295 1249.203125 337.927338
frame00187 0.475901 316.122314 318.602386 589.480469 457.292694
frame00188 0.290704 1119.609863 266.943390 1253.171143 337.993927
frame00188 0.383389 297.517731 315.778809 578.078979 463.650940
frame00189 0.292666 1122.379517 265.869171 1254.527222 338.500824
frame00189 0.348971 292.892700 320.570068 556.124512 464.913330
frame00190 0.295059 1128.427856 266.926147 1257.678467 339.718414
frame00190 0.372612 247.514404 326.416901 578.744751 509.616852
frame00191 0.289796 1130.821289 268.016632 1260.530762 342.236877
frame00191 0.397552 202.818619 328.179413 574.528503 513.698059
frame00192 0.262494 1134.249023 269.576263 1263.058594 343.863068
frame00192 0.394140 188.752823 318.881561 518.908936 519.178040
frame00193 0.261003 1138.134644 271.177948 1260.363892 341.284943
frame00193 0.531265 160.806732 323.035156 492.269531 526.138000
frame00194 0.256805 1139.938721 272.138458 1258.036743 339.935455
frame00194 0.570303 138.047516 320.750916 479.299988 533.266052
frame00195 0.257144 1138.774292 271.287628 1259.608276 342.958221
frame00195 0.639659 93.014465 326.773315 466.204773 547.235718
frame00196 0.272971 1139.780029 270.335236 1262.801514 347.275543
frame00196 0.702841 44.577274 321.019562 448.744965 557.788940
frame00197 0.227245 702.582886 284.050323 821.439331 329.547668
frame00197 0.275378 1135.482056 272.972260 1266.756104 348.402924
frame00197 0.614076 9.478817 320.694855 412.034973 566.353394
frame00198 0.313879 1139.633911 270.827118 1271.648682 343.022186
frame00198 0.423402 10.673714 317.662262 331.704529 589.013306
frame00199 0.255323 697.278503 286.424347 809.952332 330.199677
frame00199 0.320436 1140.922729 274.262726 1272.322266 342.065704
frame00199 0.448416 7.976170 316.932709 286.795715 605.555054
frame00200 0.232121 703.418030 282.096161 805.545288 326.862091
frame00200 0.300121 1141.222412 266.722717 1270.147339 340.179504
frame00200 0.462018 1.102142 312.769897 259.179932 586.873901
frame00201 0.238831 696.815430 285.002228 812.002930 329.849304
frame00201 0.325608 1143.702026 273.574646 1272.563843 341.689301
frame00201 0.429886 0.000000 311.091370 219.678345 593.262634
frame00202 0.232178 704.681458 280.433899 811.539246 324.245331
frame00202 0.309773 1147.609375 269.789124 1272.748657 341.519379
frame00202 0.425259 0.000000 307.096832 183.757660 608.873779
frame00203 0.232663 696.981567 282.233246 810.564514 323.774506
frame00203 0.284298 1151.936157 269.811218 1276.482422 344.589539
frame00203 0.322178 0.000000 345.108490 129.283157 590.430542
frame00204 0.204024 709.798218 277.486267 809.767517 318.054871
frame00204 0.272251 1148.291992 265.926666 1276.863647 340.606750
frame00205 0.216830 702.265320 279.826569 809.371460 321.864258
frame00205 0.301506 1152.553711 271.756195 1278.794556 341.829529
frame00206 0.203078 698.160950 280.230621 815.438171 323.406738
frame00206 0.305567 1156.573486 273.423584 1282.368774 342.927124
frame00207 0.308400 1156.850708 272.557739 1283.269287 345.344116
frame00208 0.291831 1159.054810 271.278595 1280.773315 341.903656
frame00209 0.201404 703.529541 279.056519 814.571838 322.248627
frame00209 0.305180 1158.179688 271.660675 1282.489136 343.933624
