frame00000 0.337046 728.647461 322.932220 796.929199 352.256256
frame00001 0.380142 729.370117 323.600220 796.348267 352.557526
frame00002 0.365892 726.852173 324.704987 793.203979 353.182190
frame00003 0.428258 728.418091 325.918488 793.830078 354.496521
frame00004 0.437957 724.785645 329.235382 791.576416 359.333282
frame00005 0.347185 721.390503 328.407013 793.914307 360.248444
frame00006 0.341143 723.410400 327.895264 795.756287 360.383240
frame00007 0.269324 722.762512 328.385132 801.147705 362.796967
frame00008 0.333540 721.675781 329.372559 794.861816 361.134888
frame00009 0.260319 718.066467 327.944672 801.354736 363.736176
frame00010 0.297654 717.129211 329.955353 795.656433 363.013306
frame00011 0.368928 717.744202 330.549377 788.474670 361.753235
frame00012 0.429865 717.844788 329.595215 787.863098 360.891602
frame00013 0.379320 717.170349 332.535736 786.114563 363.588287
frame00014 0.336560 712.406311 332.069855 786.981323 366.055389
frame00015 0.398154 716.381104 336.446503 780.258301 365.392395
frame00016 0.376600 716.174988 338.176270 780.636963 368.960602
frame00017 0.331773 716.603943 337.299652 785.284973 370.367096
frame00018 0.302972 714.858032 339.619812 782.509521 371.544617
frame00019 0.328562 713.913635 338.993378 781.869446 371.715668
frame00020 0.247862 712.980225 338.613861 784.379761 373.437958
frame00021 0.217642 712.969482 339.234558 787.341309 375.960419
frame00022 0.254194 715.218384 337.288696 790.691528 373.929626
frame00023 0.215048 673.198608 337.629486 761.265198 376.281616
frame00023 0.236946 708.870605 336.436005 786.446289 373.863800
frame00025 0.220941 710.459656 333.223907 793.635010 371.778015
frame00026 0.235417 716.388611 331.731140 797.192322 368.998016
frame00027 0.264481 716.301514 333.466583 793.902039 369.434937
frame00029 0.245198 717.761902 331.138275 796.297363 368.775879
frame00030 0.243368 717.471008 330.684113 797.473633 367.080170
frame00031 0.207196 718.168213 327.316986 807.056885 368.750427
frame00033 0.239919 714.587341 326.559875 801.556152 368.383179
frame00035 0.200765 716.347168 327.266785 805.910767 368.731567
frame00039 0.248972 661.319641 329.491577 762.255310 374.754517
frame00041 0.231132 658.071289 329.965820 758.714600 375.728424
frame00042 0.210463 647.141846 325.673920 762.525940 381.304993
frame00043 0.267746 668.216064 332.785095 757.437012 373.506317
frame00045 0.244131 653.496094 327.743591 760.845337 378.455780
frame00046 0.313723 668.813171 331.408173 759.790955 370.726959
frame00047 0.318322 671.436829 333.853455 758.326782 371.540680
frame00048 0.376074 674.009277 334.241943 753.183472 368.855591
frame00049 0.322781 666.380005 332.432739 762.327759 374.490326
frame00050 0.331092 670.857788 333.411041 760.367065 373.023438
frame00051 0.371143 668.106934 332.918640 756.488586 372.505646
frame00052 0.316063 660.965576 332.086914 760.100403 381.131683
frame00053 0.345793 671.368958 337.222626 760.929504 378.310120
frame00054 0.372050 665.099976 340.323456 755.781128 386.529144
frame00055 0.304941 660.079956 338.152313 762.773560 389.945557
frame00056 0.350517 666.358643 343.714844 757.899048 391.253693
frame00057 0.353903 669.364136 350.388428 751.425049 395.212128
frame00058 0.288206 670.414917 354.029541 752.257385 399.496796
frame00059 0.303816 666.863708 354.275208 751.485107 402.224823
frame00060 0.308365 666.323792 357.592651 749.392151 402.648529
frame00061 0.284423 676.000916 361.448517 750.120178 399.926666
frame00062 0.303372 671.636963 361.056030 747.165039 400.451630
frame00063 0.326740 664.141907 356.782562 746.083008 401.341034
frame00064 0.345925 669.818237 358.709229 740.620850 395.761627
frame00065 0.370956 670.854980 358.109894 738.984863 393.058685
frame00066 0.412324 668.193054 353.741516 741.533081 390.414673
frame00067 0.450008 656.308350 349.168518 739.962830 391.196655
frame00068 0.414957 665.303101 345.008179 743.165527 379.035065
frame00069 0.473507 657.074463 339.013153 735.672913 371.700012
frame00070 0.473780 647.693604 328.735687 741.534119 362.722321
frame00071 0.534916 640.144714 325.843170 733.615784 357.710846
frame00072 0.594957 629.820068 320.428711 733.750305 354.638275
frame00073 0.596169 626.781982 321.018341 735.484741 357.149872
frame00074 0.579975 627.967651 322.076935 733.211548 357.091034
frame00075 0.585007 628.663391 325.575775 731.167236 358.585358
frame00076 0.588342 626.507874 326.899261 725.175781 358.304016
frame00077 0.574156 622.645874 330.102600 733.340332 364.815826
frame00078 0.552952 625.321167 336.535187 727.212158 373.560272
frame00079 0.561453 618.686462 334.988220 728.429504 375.395630
frame00080 0.525000 620.675354 340.390228 720.261963 378.743195
frame00081 0.529768 621.672607 340.052765 723.625183 375.193848
frame00082 0.523301 608.206665 334.946075 721.919067 377.140076
frame00083 0.534982 609.433838 332.263489 722.739502 369.691528
frame00084 0.587597 603.883118 328.244720 723.868469 365.218292
frame00085 0.602144 605.796204 324.909210 726.356079 358.994751
frame00086 0.622361 604.808289 319.722473 728.002258 353.415100
frame00087 0.652595 585.385559 317.690369 727.482605 357.624023
frame00088 0.666111 582.616821 317.848480 725.308777 359.028046
frame00089 0.654673 580.257202 320.450714 720.102173 359.161377
frame00090 0.651208 579.913879 323.426392 710.456177 361.431183
frame00091 0.619257 576.354004 325.378082 701.755249 365.112671
frame00091 0.300745 723.400879 316.696045 842.272217 360.312164
frame00092 0.594950 570.446350 332.584229 690.414368 375.922150
frame00093 0.593899 566.662476 335.484894 683.414429 380.887756
frame00094 0.610060 554.527344 334.779205 677.746033 391.041840
frame00095 0.517374 554.621338 337.164246 676.085083 392.498596
frame00095 0.382871 724.633789 322.775543 829.590942 373.939117
frame00096 0.532926 547.157288 339.181946 667.590027 392.593872
frame00096 0.377343 728.075928 324.005005 834.406494 373.886841
frame00097 0.565888 538.283203 340.940979 656.883606 394.885101
frame00097 0.304422 727.604675 323.689941 836.772461 377.079102
frame00098 0.553368 534.295410 341.635895 650.883850 394.065643
frame00098 0.339818 726.987305 323.560669 833.778992 375.411591
frame00099 0.524160 530.461548 339.499390 653.300171 393.594788
frame00099 0.451470 726.134338 321.857269 828.643799 370.528595
frame00100 0.512324 520.735352 341.238220 641.391479 396.201355
frame00100 0.370224 728.894348 322.472137 823.212158 372.096069
frame00101 0.238373 460.870209 327.349091 622.632385 413.205627
frame00101 0.468247 508.473328 341.677979 635.035217 397.677368
frame00101 0.347904 735.896118 323.346680 830.689087 372.433441
frame00102 0.414427 447.404327 328.460938 631.208801 421.561554
frame00102 0.310016 509.198303 339.553558 647.948669 399.256927
frame00102 0.395142 735.297729 324.769135 824.982788 370.293732
frame00103 0.578503 429.940643 328.858246 629.904114 431.867920
frame00103 0.326452 731.348877 323.382965 821.708069 369.543304
frame00104 0.638155 410.293579 327.610413 614.923767 437.593781
frame00104 0.353032 722.232910 319.852753 822.354980 368.945801
frame00105 0.584625 389.181549 329.409302 597.094482 442.493195
frame00105 0.511546 716.083740 320.588837 821.772400 367.982513
frame00106 0.607167 360.806610 326.293854 592.257629 446.049652
frame00106 0.605017 718.087769 320.369019 822.652588 365.082794
frame00107 0.622144 333.276245 325.089905 585.830322 450.939301
frame00107 0.559468 712.467590 320.950439 819.294678 365.161896
frame00108 0.522765 303.832672 324.600861 568.355591 460.081665
frame00108 0.580245 716.004761 321.783661 823.739502 367.049347
frame00109 0.509218 275.010559 322.625916 547.794250 467.004517
frame00109 0.554897 723.292847 323.800446 827.867310 366.255859
frame00110 0.416028 228.564728 325.172516 534.503662 485.858093
frame00110 0.502899 729.372070 324.623993 848.856079 369.614594
frame00111 0.458432 727.141113 328.225403 842.354126 370.003296
frame00111 0.589417 153.556885 293.342438 526.575806 533.337219
frame00112 0.491664 738.084351 329.567169 843.211731 365.757477
frame00112 0.691567 111.103577 298.198425 479.445740 548.230347
frame00113 0.565418 734.812683 328.255524 847.845825 369.797241
frame00113 0.913746 35.897160 289.151306 456.499023 581.693909
frame00114 0.422302 735.165710 326.355896 850.334473 374.023590
frame00114 0.774811 0.000000 276.644562 403.342834 635.369568
frame00115 0.467848 719.892517 326.346741 843.697266 373.059814
frame00115 0.615140 0.000000 265.988464 387.938965 676.281860
frame00116 0.424009 718.437195 327.957642 842.997131 372.510712
frame00116 0.559648 0.000000 274.438782 338.862732 624.447205
frame00117 0.466892 719.486633 325.873749 857.243103 375.000061
frame00117 0.655340 0.000000 299.555328 257.170044 625.407166
frame00118 0.526529 726.776123 329.930603 846.906128 371.883606
frame00118 0.302790 0.000000 359.152130 122.662209 596.798767
frame00119 0.474671 732.180786 331.871033 834.332886 367.659058
frame00120 0.457221 735.225342 336.876526 829.152527 368.507202
