frame00000 0.476663 630.160706 303.153870 768.691101 335.973969
frame00000 0.413810 1136.966919 295.867615 1284.743652 363.467133
frame00001 0.497535 625.676392 304.003601 764.977417 336.396851
frame00001 0.397454 1136.221680 296.893005 1281.496826 361.958496
frame00002 0.519298 628.292297 304.317139 765.832153 336.851715
frame00002 0.396242 1134.183594 296.615479 1281.303955 362.315338
frame00003 0.531138 629.142212 304.872559 764.592834 336.666565
frame00003 0.394730 1133.958252 296.685303 1281.905518 362.533081
frame00004 0.547228 631.360291 305.550629 763.413574 336.552551
frame00004 0.394383 1133.536133 295.442261 1283.246582 363.015106
frame00005 0.534674 633.654114 305.723907 760.046448 335.453552
frame00005 0.390809 1134.647949 295.081451 1282.402466 362.668182
frame00006 0.538185 629.942383 305.638336 759.351868 335.643127
frame00006 0.399168 1133.739258 295.402069 1283.103638 362.963684
frame00007 0.540663 629.968506 305.794006 757.877563 335.385590
frame00007 0.393253 1134.740723 295.656738 1281.744263 362.527405
frame00008 0.536567 633.018005 306.471252 757.538330 335.352173
frame00008 0.387041 1133.523071 295.216675 1281.788818 362.541992
frame00009 0.535053 628.940979 305.984833 757.667786 335.835754
frame00009 0.390176 1134.090576 295.700684 1281.694336 362.492401
frame00010 0.527518 630.049500 306.554382 757.745728 335.874115
frame00010 0.387549 1136.092285 295.155334 1281.360474 361.728333
frame00011 0.516527 628.615540 306.829742 757.460266 336.746826
frame00011 0.395169 1136.661621 294.952545 1282.767090 362.120178
frame00012 0.527319 627.062134 307.380524 757.705933 337.448883
frame00012 0.390048 1136.122437 295.605713 1282.027466 362.222321
frame00013 0.514419 624.101013 307.248047 755.180969 337.850861
frame00013 0.391974 1136.154541 296.229614 1280.791504 361.942352
frame00014 0.494961 619.761353 306.195221 757.349854 339.098236
frame00014 0.389070 1138.837646 294.819580 1280.260986 361.526031
frame00015 0.508965 620.415955 306.123322 755.586060 338.075287
frame00015 0.398962 1137.237671 295.385529 1282.265015 361.445618
frame00016 0.496345 615.152832 305.179138 756.347168 338.640015
frame00016 0.395613 1138.089111 295.604919 1280.225098 360.438538
frame00017 0.507918 619.685913 306.009888 755.636902 338.285553
frame00017 0.390312 1137.870239 295.565887 1279.787476 361.456879
frame00018 0.519857 621.478638 306.149200 755.273071 337.676331
frame00018 0.387518 1136.915771 295.187561 1280.022949 362.005219
frame00019 0.527171 621.353394 306.066895 754.813293 337.286743
frame00019 0.392645 1135.875732 295.370148 1280.405518 362.283142
frame00020 0.529615 620.105103 305.710846 755.391541 337.463562
frame00020 0.395790 1135.717529 295.488556 1280.549072 362.767639
frame00021 0.557289 620.334045 306.282684 756.185364 337.715332
frame00021 0.396352 1134.989990 294.550720 1280.121460 362.592468
frame00022 0.534418 551.751465 307.868530 721.441956 356.053619
frame00022 0.412118 1142.473877 291.744873 1277.060181 358.804413
frame00023 0.539509 546.550354 308.347900 716.765381 355.899902
frame00023 0.414794 1144.170654 291.380127 1277.234985 358.612457
frame00024 0.553755 614.343201 306.239594 755.660950 340.034485
frame00024 0.390532 1136.162598 294.756073 1279.168579 361.968323
frame00025 0.558294 613.860962 305.860565 755.992920 340.176971
frame00025 0.385047 1136.576050 293.661255 1277.724487 361.770721
frame00026 0.565023 613.722839 306.610107 753.395508 339.965881
frame00026 0.386747 1135.874146 294.196899 1278.269165 362.183197
frame00027 0.581968 611.244568 306.784851 753.847717 341.264313
frame00027 0.393216 1134.988281 293.709900 1280.042236 362.499298
frame00028 0.582423 610.221497 306.879608 753.141968 341.780060
frame00028 0.390043 1134.820801 294.094360 1278.832764 362.382874
frame00029 0.587784 608.732056 307.301208 752.248901 342.008759
frame00029 0.402443 1133.247803 294.047668 1280.162109 362.436646
frame00030 0.581476 604.952087 307.397705 752.580444 342.988220
frame00030 0.402756 1134.577148 293.705292 1280.299805 361.945557
frame00031 0.591307 605.412354 307.347198 752.391418 342.866272
frame00031 0.395537 1134.745361 293.913544 1279.454224 361.986847
frame00032 0.590091 602.045593 307.371826 751.117065 344.684082
frame00032 0.397497 1136.343262 293.143036 1279.969604 362.671478
frame00033 0.596714 600.270142 307.087860 750.004578 344.817230
frame00033 0.397744 1135.914795 293.398254 1279.525146 362.102203
frame00034 0.593419 600.843628 307.908844 747.058838 344.101624
frame00034 0.403796 1135.270752 293.521271 1280.552368 362.686462
frame00035 0.598706 598.813538 307.668396 747.698120 344.764008
frame00035 0.398979 1134.974609 294.432251 1278.780518 361.703644
frame00036 0.600619 597.955383 307.956940 745.626465 344.539673
frame00036 0.410630 1134.501709 292.602112 1281.258057 361.788055
frame00037 0.594776 593.870483 307.577454 744.973206 345.417633
frame00037 0.403052 1135.168213 293.311188 1279.693237 361.552032
frame00038 0.592221 586.384949 306.542297 742.221741 346.551788
frame00038 0.407842 1134.388672 292.140137 1280.708008 362.508789
frame00039 0.600750 586.785645 307.575867 741.375793 346.852448
frame00039 0.407087 1135.032837 292.524109 1279.375488 361.924377
frame00040 0.585196 581.151428 306.518646 739.627380 348.023438
frame00040 0.409925 1136.038818 291.767181 1280.330078 361.913300
frame00041 0.595535 579.393860 306.608948 738.420471 348.081146
frame00041 0.409155 1137.024902 290.837280 1280.246460 362.096100
frame00042 0.588476 577.545593 306.355377 735.868774 348.873199
frame00042 0.403743 1139.769165 290.158508 1279.037598 361.597992
frame00043 0.582298 575.035767 306.591217 735.187622 350.320923
frame00043 0.404778 1138.747803 290.891846 1278.817505 361.383453
frame00044 0.595106 571.141846 306.389435 736.287781 350.850372
frame00044 0.406529 1137.996216 290.920105 1278.512207 360.483795
frame00045 0.583152 568.331360 305.712677 735.783936 351.234039
frame00045 0.409767 1138.655273 290.277069 1279.355469 360.588531
frame00046 0.572004 566.571655 305.839600 734.241821 351.910065
frame00046 0.407633 1139.203003 290.362427 1277.806274 360.011414
frame00047 0.569261 562.907104 305.243530 736.600952 352.545258
frame00047 0.401189 1138.591431 290.646240 1277.593018 359.484589
frame00048 0.561220 560.811584 305.837799 733.750488 353.742340
frame00048 0.407248 1139.293457 290.877441 1277.840454 360.591034
frame00049 0.570904 560.517883 307.068542 732.168884 353.728394
frame00049 0.413589 1138.140381 290.977356 1278.199097 360.177032
frame00050 0.567380 561.116211 307.245422 730.737366 353.539185
frame00050 0.409546 1140.959229 290.640106 1276.727783 358.758240
frame00051 0.560331 560.616028 308.003693 731.200684 354.936676
frame00051 0.408788 1140.677124 291.369415 1278.489746 359.382050
frame00052 0.563169 556.729370 308.256989 728.702026 355.967896
frame00052 0.409160 1138.859497 292.402832 1276.969727 358.835205
frame00053 0.557783 557.392517 308.211639 722.229858 355.109467
frame00053 0.411434 1142.119995 290.289917 1277.492188 359.581970
frame00054 0.705262 294.927002 308.598633 515.025879 391.319092
frame00054 0.434347 1149.484009 299.656372 1272.219727 363.302460
frame00055 0.725790 265.900330 308.292938 508.932953 398.272858
frame00055 0.425692 1149.677246 298.569275 1272.365234 364.900940
frame00056 0.535939 544.264404 308.032532 712.765198 355.650757
frame00056 0.415338 1146.430176 290.937592 1277.562988 359.259552
frame00057 0.537822 537.609741 308.110260 711.400513 356.645172
frame00057 0.422366 1144.932007 291.083282 1278.943848 358.845490
frame00058 0.546145 534.707764 308.614471 707.743469 357.353851
frame00058 0.419174 1145.557861 291.756866 1277.439575 358.498749
frame00059 0.549086 532.233337 308.663422 704.321594 357.086517
frame00059 0.417403 1145.195801 292.514191 1277.559326 358.478333
frame00060 0.538564 527.480469 308.792328 701.830750 357.157166
frame00060 0.427191 1145.677734 291.278168 1280.316040 359.305237
frame00061 0.541320 519.413391 307.588226 698.849365 358.516510
frame00061 0.420781 1147.789429 291.861115 1278.947021 358.016754
frame00062 0.540646 517.067383 308.839386 694.716125 359.514679
frame00062 0.422587 1148.463257 292.193878 1279.161255 358.057831
frame00063 0.531081 514.095886 308.941864 690.733337 358.548523
frame00063 0.423959 1147.017700 292.693665 1279.469116 358.092682
frame00064 0.534126 508.615723 308.839386 683.574341 358.787933
frame00064 0.427939 1148.068604 292.065704 1280.565063 359.089691
frame00065 0.512250 503.283752 310.888794 673.155518 359.276398
frame00065 0.424720 1148.692871 293.406586 1279.490479 358.584869
frame00066 0.520021 494.895630 309.580658 673.530762 359.673645
frame00066 0.436148 1147.479980 292.892151 1282.500000 358.964386
frame00067 0.506163 487.916412 308.047333 668.917542 359.626373
frame00067 0.433358 1146.319702 293.681549 1282.203125 359.752991
frame00068 0.516615 482.109039 307.059631 662.251099 358.634735
frame00068 0.434280 1144.305420 292.663788 1284.245605 361.117340
frame00069 0.504396 476.521576 309.228333 656.228760 362.101257
frame00069 0.439531 1144.934082 294.007355 1284.151001 360.319122
frame00070 0.466511 469.984283 309.940216 653.917358 361.847168
frame00070 0.435516 1145.234253 293.704681 1283.826172 360.023773
frame00071 0.399519 463.041534 310.416443 649.605103 365.123657
frame00071 0.447071 1144.891724 295.096283 1285.267334 360.971954
frame00072 0.410997 445.491577 309.183777 616.562134 373.010315
frame00072 0.449586 1144.097656 298.010345 1282.866089 360.088928
frame00073 0.564599 432.945251 308.033539 617.908325 376.447510
frame00073 0.449969 1143.065308 300.497559 1280.380249 359.302856
frame00074 0.663839 427.022766 308.012665 608.072632 377.137085
frame00074 0.450109 1144.185669 301.016602 1278.401367 359.771729
frame00075 0.692658 420.155884 308.308014 606.018921 378.810699
frame00075 0.452670 1145.042603 301.532166 1278.164551 359.987610
frame00076 0.696412 413.131561 307.314392 603.526367 380.325104
frame00076 0.449270 1144.196045 302.094482 1276.292480 358.491913
frame00077 0.677440 404.624268 308.007812 594.903076 380.235260
frame00077 0.445324 1145.400024 302.688721 1275.895874 358.111542
frame00078 0.680717 394.702911 307.808472 585.500244 381.305786
frame00078 0.449565 1146.260864 303.535461 1273.688232 358.175232
frame00079 0.701972 386.656647 308.386444 575.275024 381.671204
frame00079 0.442641 1146.120850 304.590149 1270.788818 357.109253
frame00080 0.716309 379.819763 308.659424 567.265076 381.775421
frame00080 0.436750 1147.235229 304.807343 1268.229004 357.429291
frame00081 0.703891 369.382294 309.257019 560.842468 382.457031
frame00081 0.441533 1146.894165 304.649780 1268.607910 357.460907
frame00082 0.702855 351.779327 308.751648 553.009888 382.727051
frame00082 0.434933 1146.635498 303.972504 1267.485840 357.750305
frame00083 0.696133 337.081177 307.794891 544.200623 385.486389
frame00083 0.436081 1148.006348 302.821014 1266.130127 359.059082
frame00084 0.694110 321.015320 307.386719 531.950562 386.877838
frame00084 0.438485 1149.703735 301.603302 1267.717163 360.578705
frame00085 0.698987 306.785645 306.428833 524.149902 388.884460
frame00085 0.437281 1150.687012 299.564911 1271.201416 362.267822
frame00086 0.460027 1153.636841 293.823395 1281.661255 358.521515
frame00087 0.459906 1153.312866 295.609009 1280.740723 358.357147
frame00088 0.613500 242.862473 311.706390 493.295532 400.852875
frame00088 0.437677 1151.555542 298.113770 1278.614136 365.924683
frame00089 0.567163 211.743286 311.284058 503.790924 411.418854
frame00089 0.447423 1151.776611 295.112549 1284.444092 367.138580
frame00090 0.717641 191.727112 311.630035 494.399139 413.313293
frame00090 0.442475 1148.575195 293.634735 1285.035156 365.941284
frame00091 0.759128 172.938049 313.986725 472.829102 416.129120
frame00091 0.433636 1145.335693 294.391174 1282.185669 364.773773
frame00092 0.766627 146.069870 317.044250 462.779785 423.129272
frame00092 0.418054 1142.414551 295.450684 1278.747681 363.669952
frame00093 0.755540 117.148117 319.519897 439.643799 422.688629
frame00093 0.409754 1143.226440 297.181549 1277.605591 362.449005
frame00094 0.767568 108.237198 317.120392 400.313110 426.987976
frame00094 0.395722 1146.099365 297.438660 1271.254272 362.051147
frame00095 0.763305 85.137627 315.950409 383.565857 428.838013
frame00095 0.388741 1148.166382 297.956421 1268.202393 362.630096
frame00096 0.737100 46.887188 309.920807 381.843018 444.437317
frame00096 0.405275 1150.731689 295.677704 1269.884399 368.913086
frame00097 0.546216 37.028122 291.101318 325.212646 467.015594
frame00097 0.441933 1148.536499 291.825500 1278.871094 375.374969
frame00098 0.673200 23.235550 294.880859 302.191650 470.338684
frame00098 0.439391 1147.954224 292.317932 1277.325928 371.970795
frame00099 0.657684 16.719637 300.531403 292.682312 470.173859
frame00099 0.437220 1150.663818 292.992645 1278.685669 370.933716
frame00100 0.679409 9.798775 307.570679 271.540894 463.962341
frame00100 0.442813 1151.413818 296.908356 1278.914062 367.623138
frame00101 0.668919 5.648718 310.022583 246.741974 457.793854
frame00101 0.435070 1149.809814 299.837494 1275.659424 364.907196
frame00102 0.672870 0.000000 309.840881 223.073120 466.424377
frame00102 0.444780 1149.419556 297.930969 1279.349976 366.974121
frame00103 0.609145 0.000000 310.616516 180.490662 454.035767
frame00103 0.428988 1147.337158 301.703674 1279.335449 364.429901
frame00104 0.501093 0.000000 315.531708 148.940002 430.607422
frame00104 0.414585 1147.540527 302.639557 1277.258423 360.732910
frame00105 0.356422 14.927335 318.306427 134.814819 411.694275
frame00105 0.421050 1149.862549 301.334625 1277.339966 359.310699
frame00106 0.444357 1151.870728 297.194946 1279.845215 358.304810
frame00107 0.452696 1153.514893 295.251099 1277.566650 359.562408
frame00108 0.453731 1153.859131 294.746582 1278.765381 359.457520
frame00109 0.458795 1153.359985 295.327423 1278.174072 358.513275
frame00110 0.451451 1153.689209 295.644958 1277.581055 358.525848
