frame00000 0.372155 74.652382 365.235809 183.395996 406.735718
frame00001 0.412845 59.065514 365.030182 176.650253 406.340088
frame00002 0.385945 49.926743 361.434479 163.368973 407.496216
frame00002 0.213334 599.023804 328.987518 740.035339 374.252533
frame00003 0.458068 30.094437 357.447449 153.932251 411.757751
frame00003 0.225793 605.288696 328.148712 748.408203 376.029144
frame00004 0.480510 21.762352 356.653931 147.905212 412.610382
frame00005 0.361050 37.179710 364.337372 137.035583 405.624146
frame00006 0.310482 50.598907 363.544861 140.563644 402.267792
frame00006 0.282495 166.403931 359.583710 276.905640 390.287933
frame00007 0.277722 64.477249 363.620972 151.156189 400.648254
frame00007 0.349902 162.579651 362.093842 264.301605 387.921326
frame00008 0.319463 69.619370 364.027039 159.510925 399.365692
frame00008 0.322723 157.864151 361.263947 261.832306 388.242157
frame00009 0.332543 71.511398 367.945465 159.324615 399.428864
frame00009 0.239281 165.484848 364.232819 259.376892 389.172394
frame00010 0.363975 85.052910 371.043579 170.583466 399.380585
frame00011 0.381586 87.249542 371.873505 172.345901 400.729523
frame00012 0.479233 105.144730 358.780396 208.691284 402.899689
frame00013 0.459263 96.313698 357.909607 201.469299 401.384857
frame00014 0.455023 91.056351 362.125885 192.578369 402.504517
frame00014 0.204768 614.512573 332.322296 736.558228 376.277435
frame00015 0.485820 88.701057 362.563690 192.767014 405.177673
frame00016 0.461624 82.650391 362.424591 183.722610 406.206055
frame00017 0.476486 79.462265 363.519348 181.539688 405.847290
frame00018 0.508501 74.212227 366.509399 177.765976 409.066132
frame00019 0.501103 68.031235 364.616180 179.147369 409.747925
frame00020 0.498774 63.583069 366.054932 173.378769 409.030182
frame00021 0.457540 53.924374 365.452209 167.215591 411.343231
frame00021 0.274993 623.432068 342.173645 732.255920 379.682617
frame00022 0.429525 54.539680 367.397736 164.882034 413.572266
frame00022 0.262673 636.329468 343.919159 735.579529 375.974304
frame00023 0.410759 49.943233 370.635071 158.845886 415.235016
frame00023 0.214013 629.308411 344.962830 735.618958 378.148071
frame00024 0.375131 46.274368 367.149994 153.389572 414.669983
frame00024 0.218153 241.287079 360.594971 357.390930 401.006989
frame00024 0.327251 625.687012 345.148010 731.579529 375.152222
frame00025 0.349026 38.945576 365.485168 143.108795 413.220337
frame00025 0.256384 221.104355 360.163086 347.157837 399.472321
frame00025 0.397534 621.817871 342.838226 730.589355 372.024078
frame00026 0.261778 40.062290 370.390930 126.495171 408.127319
frame00026 0.205091 210.800476 364.517609 322.138611 396.203369
frame00026 0.351135 625.709595 344.580414 734.084412 372.387543
frame00027 0.257684 38.328571 370.061249 123.004990 409.842560
frame00027 0.234491 217.574432 363.974640 328.987061 396.443451
frame00027 0.357157 620.752319 344.472229 732.464294 374.205109
frame00028 0.210720 213.623672 362.645142 314.973969 394.128601
frame00028 0.364141 626.829346 343.322449 728.183899 372.738617
frame00029 0.411586 620.427795 341.731689 723.100342 371.573029
frame00030 0.203295 22.841064 363.818359 100.325104 409.824127
frame00030 0.446917 620.152466 340.449524 721.794922 370.077026
frame00031 0.442385 615.604492 339.293427 721.410583 371.295563
frame00032 0.201973 16.903811 358.011475 96.021950 410.756500
frame00032 0.466684 609.285950 337.787018 720.336243 371.255371
frame00033 0.457765 613.774170 339.672882 717.708435 372.247406
frame00034 0.494020 615.337891 342.908142 702.648682 369.869965
frame00035 0.465683 609.968323 344.248291 693.097839 371.467438
frame00036 0.458568 600.950562 341.316528 703.815979 375.531158
frame00037 0.473995 601.832764 343.444153 699.438721 377.448944
frame00038 0.439246 601.868469 345.872925 690.979370 380.177307
frame00039 0.452270 597.515015 346.910431 683.727356 380.737152
frame00040 0.497034 592.733887 347.509735 680.694885 381.707520
frame00041 0.486430 587.721008 348.431641 675.983887 384.507935
frame00042 0.475329 584.890198 350.034790 668.828247 384.588684
frame00043 0.465491 581.049316 350.888336 670.446899 388.745758
frame00044 0.472014 571.736938 350.602966 669.961914 393.216095
frame00045 0.509188 568.436890 352.470642 658.378296 392.765320
frame00046 0.510697 567.783630 356.174408 649.342957 394.153503
frame00047 0.555220 552.290894 352.835175 648.733032 399.537689
frame00048 0.584004 535.705994 350.907745 641.255981 402.199127
frame00049 0.582553 526.289917 353.516266 631.507324 405.576691
frame00050 0.599479 516.188416 351.635895 630.411743 408.770660
frame00051 0.536843 502.435913 349.452179 621.709595 408.307068
frame00052 0.401524 487.383392 345.067444 625.197876 411.814087
frame00053 0.651163 466.328674 346.293427 596.767944 419.626831
frame00054 0.744529 438.720581 341.764038 597.062561 428.240387
frame00055 0.731876 423.766937 342.641205 593.058716 433.618347
frame00056 0.714957 397.528015 339.783691 582.834412 441.303192
frame00057 0.658819 352.037079 334.385345 581.052185 457.303131
frame00058 0.470876 329.935333 338.958466 558.860901 462.742554
frame00059 0.551986 274.270203 330.503632 554.550903 503.072083
frame00060 0.582500 214.994019 335.281799 533.892700 510.590515
frame00061 0.755711 176.747818 326.905182 494.991913 522.844971
frame00062 0.807179 124.669357 329.187164 454.956421 534.789673
frame00063 1.021524 39.678383 321.912903 435.170898 574.327454
frame00064 0.679977 0.000000 311.073853 389.606079 631.383911
frame00065 0.759713 0.000000 305.864960 374.498749 643.542786
frame00066 0.687534 0.000000 321.554749 309.736084 593.252686
frame00067 0.676415 0.000000 319.749908 202.069122 631.815247
