frame00000 0.268265 641.714172 310.577179 754.596069 334.193939
frame00000 0.287052 758.792114 311.775085 865.782471 341.099945
frame00000 0.362069 1146.057983 298.239410 1272.650269 364.208008
frame00001 0.235394 638.331726 311.237549 754.506104 335.920105
frame00001 0.310714 758.832642 311.777313 866.889099 341.488861
frame00001 0.359610 1147.983765 297.912964 1272.663696 364.704132
frame00002 0.210661 637.613220 311.564087 752.382812 336.346893
frame00002 0.324251 762.294189 312.165802 866.784790 340.975525
frame00002 0.362169 1150.897217 297.632904 1273.818359 364.716278
frame00003 0.220653 637.083008 311.832947 752.778442 336.857788
frame00003 0.355304 762.326599 312.257355 868.000549 341.294586
frame00003 0.354463 1150.773804 297.163452 1272.228882 364.532623
frame00004 0.218348 636.470276 311.688965 752.468384 336.896027
frame00004 0.348922 763.461609 312.374359 869.001160 341.328430
frame00004 0.356339 1151.169067 297.677826 1272.149536 364.081116
frame00005 0.201883 635.964294 311.979736 753.191589 337.139221
frame00005 0.358588 762.212891 312.447998 866.436401 340.704010
frame00005 0.355158 1151.953247 296.930267 1272.611938 363.890442
frame00006 0.360926 759.751953 311.557709 865.557495 340.699982
frame00006 0.360014 1152.678345 295.871613 1274.719482 365.091309
frame00007 0.202863 636.141968 311.164490 756.082458 337.552582
frame00007 0.375408 758.387695 311.106659 866.207031 340.737183
frame00007 0.353492 1152.587158 296.691742 1272.848267 364.723145
frame00008 0.212396 637.139038 311.592957 754.496399 337.366272
frame00008 0.373077 757.441345 311.637604 866.776794 341.961853
frame00008 0.357369 1151.218750 296.867096 1272.586792 364.593262
frame00009 0.377960 757.335205 311.685425 865.628540 341.502411
frame00009 0.359320 1151.480591 296.747040 1272.345947 364.049530
frame00010 0.211744 638.723755 311.317444 756.957275 337.565308
frame00010 0.403190 754.970459 311.224701 866.008362 341.923615
frame00010 0.359462 1152.165039 295.823242 1273.901245 365.389130
frame00011 0.217877 635.338013 311.227570 757.486572 338.247467
frame00011 0.392966 756.563232 311.462585 867.004272 341.731659
frame00011 0.358953 1151.826294 296.689636 1271.890015 363.360657
frame00012 0.256104 641.280518 311.339203 761.328430 337.451019
frame00012 0.375295 748.458801 311.081726 861.121765 342.295258
frame00012 0.368578 1150.430298 295.595245 1275.463623 364.584503
frame00013 0.270044 637.397400 310.877777 762.424255 338.085052
frame00013 0.344434 745.407166 310.590363 860.405640 342.773987
frame00013 0.370744 1149.648682 295.399811 1275.376465 363.704315
frame00014 0.249455 638.773926 311.493042 762.918213 338.007904
frame00014 0.370108 742.466064 311.227448 858.356567 343.104370
frame00014 0.364403 1151.490234 295.599915 1275.746582 363.019470
frame00015 0.263807 638.248962 311.614807 761.021606 338.312531
frame00015 0.363794 743.208069 311.169281 858.823792 343.794281
frame00015 0.369558 1151.229980 295.219421 1276.085938 363.990753
frame00016 0.280106 640.275757 311.375122 761.756470 337.463684
frame00016 0.373989 744.382812 311.458038 859.143372 343.137390
frame00016 0.364066 1149.421509 296.193542 1274.429932 363.880005
frame00017 0.315043 639.624268 311.756470 762.322327 337.590820
frame00017 0.358021 744.545227 311.816193 859.416870 343.301971
frame00017 0.363294 1147.299561 295.729523 1273.762939 362.803070
frame00018 0.330619 640.401001 311.895477 760.951050 337.522644
frame00018 0.346909 743.400818 312.055725 858.770508 344.005951
frame00018 0.359930 1151.171143 294.609009 1277.368042 364.034973
frame00019 0.345526 639.796021 312.042267 760.971802 337.279297
frame00019 0.340062 741.675476 311.769196 860.004944 344.609131
frame00019 0.356524 1148.650513 293.760284 1276.644287 364.484650
frame00020 0.317544 640.064087 312.053741 761.855774 337.915985
frame00020 0.353297 741.806396 311.763855 857.683655 344.078583
frame00020 0.357092 1150.291870 293.375275 1276.954346 364.541901
frame00021 0.323931 637.619995 311.918243 761.413574 338.311279
frame00021 0.358274 738.650757 311.538849 857.712158 344.826721
frame00021 0.355731 1151.709229 293.824188 1277.197021 364.554779
frame00022 0.316241 638.068970 312.203369 761.863281 337.964813
frame00022 0.350579 738.049927 311.463623 855.962402 344.053223
frame00022 0.347655 1151.610718 294.070953 1276.638916 364.120728
frame00023 0.306411 639.205444 312.543304 760.943298 337.302673
frame00023 0.343555 737.954224 311.604004 851.007812 342.841614
frame00023 0.357083 1152.282715 293.531586 1278.222778 364.508331
frame00024 0.264141 637.874023 312.263611 760.633057 337.880554
frame00024 0.378085 738.730469 311.409943 852.787354 342.783722
frame00024 0.352678 1154.019653 294.389465 1277.092163 365.017334
frame00025 0.266007 637.923096 312.409515 763.017700 338.682037
frame00025 0.361747 733.512634 311.271118 849.819397 343.815521
frame00025 0.357256 1153.213623 295.096497 1277.190674 364.825439
frame00026 0.268222 637.189941 311.975647 762.457581 337.956421
frame00026 0.355178 735.516296 311.127838 849.759583 342.794739
frame00026 0.361874 1151.633789 295.391785 1276.469971 364.228241
frame00027 0.291471 635.604248 312.517578 760.547485 338.297424
frame00027 0.337527 730.601257 311.283417 848.478638 344.488953
frame00027 0.362643 1151.606689 295.011566 1277.758667 363.917969
frame00028 0.265222 635.607056 312.957275 759.425720 338.669708
frame00028 0.349014 732.255127 311.702240 847.576416 344.235626
frame00028 0.362102 1153.817505 295.435028 1277.979858 364.050903
frame00029 0.319873 634.341064 313.149200 760.147461 339.136627
frame00029 0.317725 731.477722 311.671906 848.848022 344.716888
frame00029 0.375092 1151.765381 294.255676 1279.829224 364.244965
frame00030 0.282967 631.968811 312.905243 758.250244 338.893829
frame00030 0.344628 734.053284 311.373962 847.963806 343.242035
frame00030 0.370972 1154.797119 294.578033 1279.276855 363.400696
frame00031 0.237745 630.403748 312.542542 760.816040 340.578400
frame00031 0.364663 729.636292 310.461609 848.247314 344.475555
frame00031 0.365075 1156.189819 294.294800 1278.680298 364.003906
frame00032 0.241339 629.754822 312.145233 761.700073 340.838562
frame00032 0.349814 730.928894 309.948120 847.629333 343.907715
frame00032 0.373985 1153.671387 293.701355 1277.962769 364.941772
frame00033 0.273163 631.674316 311.632477 761.407776 339.360687
frame00033 0.339801 735.129272 310.147461 848.882935 342.625305
frame00033 0.376706 1152.758423 293.634430 1278.771118 364.492889
frame00034 0.236555 627.837585 311.758942 757.182983 339.998962
frame00034 0.351240 738.311157 310.034668 849.276611 342.223022
frame00034 0.364401 1155.233765 293.626434 1277.108032 364.747711
frame00035 0.268742 630.810791 311.883148 760.370850 340.171814
frame00035 0.320032 734.663574 310.219543 850.645874 344.205139
frame00035 0.363770 1154.529053 293.990875 1277.503540 365.128113
frame00036 0.321552 633.924316 312.036774 761.074890 339.216400
frame00036 0.303393 740.494446 310.889862 850.454041 342.365356
frame00036 0.360272 1151.838867 292.781555 1277.729736 365.674469
frame00037 0.346465 632.152771 311.433868 763.322998 339.563812
frame00037 0.286120 733.945923 310.324188 853.571045 344.957214
frame00037 0.356370 1152.601196 292.631866 1278.885986 365.913574
frame00038 0.336933 630.021729 311.123535 763.117798 340.080170
frame00038 0.281871 732.171265 309.899963 852.105957 345.159668
frame00038 0.356429 1152.866577 292.894012 1278.047119 364.980927
frame00039 0.355136 630.528259 311.313629 763.218384 339.574036
frame00039 0.276966 728.205322 310.183624 849.808411 345.326874
frame00039 0.360604 1153.668091 292.430389 1280.964111 365.013153
frame00040 0.376443 630.804077 311.327881 763.534424 339.301361
frame00040 0.259919 724.007080 310.416504 847.024414 345.974060
frame00040 0.355051 1155.404053 292.803314 1281.417236 364.289551
frame00041 0.386337 630.110107 311.548584 763.700317 339.964233
frame00041 0.245344 720.879639 310.526367 848.105469 347.783569
frame00041 0.364316 1154.358521 292.843079 1282.590942 364.784332
frame00042 0.370912 628.117859 311.349243 765.338623 340.842957
frame00042 0.249157 719.521484 309.653992 848.064270 347.934662
frame00042 0.370163 1153.696045 291.749756 1282.667114 364.615875
frame00043 0.407025 628.717834 311.191528 765.929443 340.725250
frame00043 0.210984 714.255066 309.704498 843.739136 348.664459
frame00043 0.372053 1153.307861 291.303955 1284.581909 364.824799
frame00044 0.397281 625.165527 311.628601 762.706177 341.285187
frame00044 0.377387 1152.094482 292.822357 1283.180176 363.893524
frame00045 0.396293 623.837463 311.282745 764.133179 341.247711
frame00045 0.389172 1151.732666 292.971588 1284.391479 363.377350
frame00046 0.471566 619.334045 310.797546 760.839172 341.958160
frame00046 0.386068 1151.054199 291.279663 1286.509399 363.832520
frame00047 0.447205 617.911499 310.498291 762.922485 341.669281
frame00047 0.390075 1153.375366 292.363342 1285.997314 363.663330
frame00048 0.463983 617.079407 309.871887 762.872864 342.365356
frame00048 0.388433 1153.655273 289.284088 1286.267822 364.601135
frame00049 0.452644 616.915833 310.013702 761.363281 341.396484
frame00049 0.390333 1154.282593 290.307037 1287.238037 363.881439
frame00050 0.454261 615.059875 309.512451 761.745850 342.179565
frame00050 0.390521 1153.844360 289.234741 1286.013184 363.103638
frame00051 0.472758 614.423462 309.653595 761.665039 342.718384
frame00051 0.391212 1154.804932 289.853546 1286.173340 363.442383
frame00052 0.471234 611.620483 310.589752 758.305359 342.556152
frame00052 0.378495 1157.292480 291.127167 1286.250732 362.442139
frame00053 0.464842 611.848450 309.008362 759.225464 342.389771
frame00053 0.394879 1157.404175 289.402496 1288.392578 363.268738
frame00054 0.473671 612.256348 308.572083 759.714417 343.051086
frame00054 0.384755 1155.327637 287.355652 1283.730957 365.054871
frame00055 0.464061 615.245972 307.988220 761.668396 342.659332
frame00055 0.393709 1154.068115 285.937500 1285.318481 366.329895
frame00056 0.492242 608.090515 309.366302 757.487183 342.983795
frame00056 0.396409 1157.659912 288.922485 1289.337280 363.774323
frame00057 0.489874 604.973999 310.389465 755.653809 343.940430
frame00057 0.402604 1158.583496 289.687439 1290.238770 363.662354
frame00058 0.458361 607.177368 309.646576 759.345459 343.579407
frame00058 0.397909 1160.028198 289.655792 1289.439209 364.062378
frame00059 0.455320 603.994629 310.800507 753.159180 343.943176
frame00059 0.391057 1161.360596 289.980133 1287.891602 363.790100
frame00060 0.482574 601.345337 310.497375 751.292419 344.835754
frame00060 0.392289 1160.531738 289.015808 1287.668579 363.843506
frame00061 0.479944 601.828186 310.140137 752.763977 345.161560
frame00061 0.391635 1159.149414 287.041931 1286.458618 365.125977
frame00062 0.506813 600.308472 311.316803 749.204346 346.140503
frame00062 0.388622 1159.720947 288.082367 1287.202881 364.320374
frame00063 0.530571 598.908752 310.907318 749.855713 345.390900
frame00063 0.382309 1156.474854 287.428040 1286.246582 364.933319
frame00064 0.496734 595.282043 311.531464 748.233398 345.103729
frame00064 0.384784 1160.310059 290.169098 1286.562988 362.008606
frame00065 0.525070 594.182129 312.726746 739.846069 345.940277
frame00065 0.377025 1162.378662 289.343414 1288.225586 363.438324
frame00066 0.529124 587.262756 310.910950 741.753174 346.768951
frame00066 0.385239 1161.494995 288.488342 1288.409912 363.535370
frame00067 0.528872 585.857666 310.335846 742.191895 347.562134
frame00067 0.399249 1160.409912 287.957275 1289.022949 364.022766
frame00068 0.548312 583.446350 309.454254 742.857788 347.428436
frame00068 0.392812 1159.140503 287.110596 1288.224854 364.822571
frame00069 0.524235 583.474365 309.668335 744.554688 347.683868
frame00069 0.388370 1159.911987 287.929291 1285.882690 363.716431
frame00070 0.533578 581.211060 309.077820 743.898438 348.927277
frame00070 0.375456 1159.273560 285.796448 1283.493530 364.654388
frame00071 0.543420 583.717651 309.131531 745.723145 348.372192
frame00071 0.385267 1157.302368 286.459351 1284.921875 364.887207
frame00072 0.535722 574.883911 307.826904 741.558228 350.440063
frame00072 0.383729 1159.626587 285.136444 1283.660889 365.024963
frame00073 0.534354 575.239197 307.616364 739.534607 351.043213
frame00073 0.382311 1158.109741 284.589447 1281.829712 365.017975
frame00074 0.568173 574.210449 311.064514 733.216797 351.127350
frame00074 0.372746 1162.626465 286.562988 1284.734863 364.053741
frame00075 0.560945 572.707214 311.903656 731.311340 351.681458
frame00075 0.373726 1162.641968 287.729736 1283.897949 362.261047
frame00076 0.554882 569.680664 313.213898 725.679932 351.668488
frame00076 0.378504 1166.444824 288.596802 1285.016846 362.157257
frame00077 0.550689 566.628296 312.872345 721.942078 352.491516
frame00077 0.380423 1167.201172 286.975220 1285.097412 362.457855
frame00078 0.538468 565.809570 312.352966 720.934082 352.214722
frame00078 0.361979 1168.572510 286.729034 1281.355713 361.866119
frame00079 0.546194 564.898438 313.593079 716.742188 352.038574
frame00079 0.362775 1171.694824 287.199860 1283.580322 362.484711
frame00080 0.532718 560.825073 313.129303 711.617676 352.500946
frame00080 0.345871 1173.722168 287.323120 1278.766846 361.596802
frame00081 0.527480 559.181763 313.314972 707.163086 352.253143
frame00081 0.341347 1173.415039 286.481628 1278.298584 361.451569
frame00082 0.531805 556.497925 312.053894 704.529724 352.820679
frame00082 0.333119 1173.145020 285.696442 1275.615112 362.958099
frame00083 0.540392 554.362183 312.110474 705.508301 352.145508
frame00083 0.355229 1171.792480 287.020050 1277.564209 361.716370
frame00084 0.538687 551.288635 313.108948 700.014038 351.995850
frame00084 0.367630 1172.705444 288.192444 1280.505127 361.388306
frame00085 0.543408 549.571777 313.177368 696.175659 351.727448
frame00085 0.358899 1174.220947 287.574341 1280.186646 361.476471
frame00086 0.524199 550.606079 313.573425 695.485291 350.874359
frame00086 0.342330 1174.739624 287.823639 1277.194458 361.487671
frame00087 0.530856 547.006287 314.405945 693.034302 352.179291
frame00087 0.349001 1177.177246 289.268829 1277.885254 360.255310
frame00088 0.538829 546.863708 315.016876 690.197021 352.288422
frame00088 0.363665 1176.243774 288.446228 1280.870117 361.548248
frame00089 0.534162 542.697632 314.661194 689.714478 353.503418
frame00089 0.353733 1177.319580 288.145416 1280.078247 361.338257
frame00090 0.531233 541.434814 315.644196 684.984253 353.182159
frame00090 0.356944 1177.629395 288.873047 1280.933350 361.236908
frame00091 0.527475 540.663208 316.139038 682.193237 352.978851
frame00091 0.353089 1176.639038 288.814331 1280.270020 361.438354
frame00092 0.533618 538.818726 317.757080 677.551758 351.179932
frame00092 0.363490 1173.454224 289.791687 1281.573486 361.390411
frame00093 0.521837 534.269653 318.462708 671.156982 351.878174
frame00093 0.354046 1175.849243 289.421906 1280.932617 361.472504
frame00094 0.531233 532.529663 319.126404 668.793823 351.678772
frame00094 0.364408 1177.136597 289.295349 1284.017212 362.300171
frame00095 0.535282 529.277832 319.190826 667.390686 351.441772
frame00095 0.365622 1174.131714 290.443787 1283.741943 361.477051
frame00096 0.548913 522.980591 317.756317 664.977905 351.628448
frame00096 0.372133 1173.217529 289.089569 1284.969360 362.645996
frame00097 0.535434 527.574341 318.683624 671.324768 350.702087
frame00097 0.363249 1172.001099 291.531982 1284.768066 362.464813
frame00098 0.252958 437.093018 313.809113 580.664246 363.317566
frame00098 0.490976 527.591919 319.799408 670.997925 351.384888
frame00098 0.365558 1171.148071 292.134827 1284.846802 361.500092
frame00099 0.279121 441.880798 314.545563 583.323914 363.492889
frame00099 0.443147 530.519348 319.540588 673.295959 350.341248
frame00099 0.367402 1171.358276 292.973358 1286.493164 361.692566
frame00100 0.363358 444.378204 313.681061 588.838440 364.115112
frame00100 0.410326 522.646362 318.781281 668.564453 350.863678
frame00100 0.347957 1171.943481 293.957458 1284.317139 361.071899
frame00101 0.438481 445.318451 314.062958 591.658264 367.417236
frame00101 0.339504 536.229370 317.944000 681.160950 348.725281
frame00101 0.352181 1168.046387 297.010559 1284.433716 360.907623
frame00102 0.527424 440.950623 313.916473 588.944580 368.672363
frame00102 0.255327 541.354187 316.204773 687.855713 347.626984
frame00102 0.352962 1167.206421 299.143646 1284.953735 362.214600
frame00103 0.601526 437.304352 313.562988 589.521973 371.383972
frame00103 0.209094 550.874756 314.539398 697.008423 346.517792
frame00103 0.372605 1163.060669 300.134308 1286.291626 362.749207
frame00104 0.626616 434.594086 313.334290 592.159180 373.779602
frame00104 0.205329 707.028809 306.266510 826.269836 345.584045
frame00104 0.359277 1162.433228 300.558685 1284.482300 363.270660
frame00105 0.636404 428.705597 313.599854 585.969849 373.311432
frame00105 0.210424 702.365845 305.351440 825.345947 345.884552
frame00105 0.362821 1161.177856 301.188446 1284.172607 364.385895
frame00106 0.637856 418.829987 312.328339 586.314331 377.588196
frame00106 0.221488 697.699646 303.595306 821.565186 344.207550
frame00106 0.345871 1161.431396 301.474396 1283.908447 364.816559
frame00107 0.621972 416.391144 313.296875 580.182434 379.682861
frame00107 0.203992 701.038513 303.684052 820.938416 343.254547
frame00107 0.352069 1159.185181 301.521362 1283.456543 364.825775
frame00108 0.642072 409.736603 314.231201 570.272644 380.558350
frame00108 0.333599 1161.614624 302.382172 1281.790161 364.911438
frame00109 0.669653 406.113281 314.417694 568.440186 381.851685
frame00109 0.318101 1160.401489 303.722382 1278.720825 365.756378
frame00110 0.667834 399.422913 314.156097 563.627991 382.109467
frame00110 0.291357 1161.785522 303.909332 1275.958130 365.893951
frame00111 0.669757 386.695801 314.270813 561.647949 384.253448
frame00111 0.314420 1158.196045 303.776520 1275.877563 366.584839
frame00112 0.671817 368.577118 313.302094 557.308289 385.971710
frame00112 0.315537 1156.630615 302.494202 1273.635132 367.246460
frame00113 0.668182 348.768982 312.207306 553.290161 389.335114
frame00113 0.229971 608.638306 306.939514 765.031006 343.921478
frame00113 0.307398 1158.785645 301.842804 1272.981201 367.040222
frame00114 0.655734 333.084259 312.530548 542.551270 392.436676
frame00114 0.251897 610.509583 306.274933 764.652039 344.639313
frame00114 0.283817 1160.604126 300.874084 1270.350464 368.557709
frame00115 0.653191 318.166382 310.658325 528.531494 392.320801
frame00115 0.269191 610.038391 305.241852 762.498718 345.738678
frame00115 0.295097 1160.663940 298.565094 1272.141602 370.260376
frame00116 0.659397 309.976440 310.881134 520.374451 392.993744
frame00116 0.280608 616.495300 304.735077 768.678650 346.598145
frame00116 0.298377 1162.010132 298.729218 1273.326538 370.201935
frame00117 0.673454 298.456268 311.134064 510.259247 396.444611
frame00117 0.275750 620.691162 304.674072 769.172424 348.088562
frame00117 0.289484 1162.118042 297.879517 1272.313110 372.130371
frame00118 0.684684 273.398682 311.065186 506.744751 402.363464
frame00118 0.276851 625.253235 304.923096 768.794617 346.736450
frame00118 0.269040 1163.458984 297.669464 1271.221191 374.129669
frame00119 0.592368 254.264450 313.512756 497.475891 403.810120
frame00119 0.285689 623.460815 305.245483 768.509033 346.421448
frame00119 0.282539 1164.002441 298.574005 1273.887817 372.343903
frame00120 0.478481 222.135620 309.735779 507.959900 416.091370
frame00120 0.290142 631.777527 305.360535 774.612488 344.340393
frame00120 0.296978 1163.167236 296.324432 1278.554688 373.647675
frame00121 0.704770 201.232910 311.219177 509.358673 420.594757
frame00121 0.276316 631.672119 305.259308 776.584473 343.197540
frame00121 0.207791 678.109802 301.165802 823.496155 346.147156
frame00121 0.280861 1162.506226 295.527100 1278.072998 371.490784
frame00122 0.687317 193.476639 314.821472 485.005432 417.886536
frame00122 0.291239 625.206970 304.515106 766.131531 339.808411
frame00122 0.256635 1163.797363 295.806702 1274.112305 369.714661
frame00123 0.692747 185.413513 317.794922 476.987305 420.073914
frame00123 0.314592 621.684448 303.469727 761.873718 337.993469
frame00123 0.261498 1161.838257 294.784088 1273.569458 371.316772
frame00124 0.685251 159.579895 320.948669 458.454102 422.480011
frame00124 0.258196 621.214233 303.194855 763.385986 338.016693
frame00124 0.238003 1164.516602 296.814362 1268.440552 369.078918
frame00125 0.711650 127.080276 321.299164 436.334076 424.878174
frame00125 0.258140 619.764771 302.487640 768.607300 339.855316
frame00125 0.245694 1161.936646 298.125244 1267.906738 367.906006
frame00126 0.743732 115.934334 318.711700 400.872070 428.940552
frame00126 0.228141 619.153442 301.587341 769.247437 342.634338
frame00126 0.244648 1160.315552 298.791534 1262.690186 368.661957
frame00127 0.723320 99.734070 315.467133 382.464355 433.770569
frame00127 0.222203 1162.773071 299.263489 1257.432373 368.897156
frame00128 0.698846 69.087982 312.909149 379.414551 445.211090
frame00128 0.220540 1161.964600 299.895660 1257.353149 373.453888
frame00129 0.441462 50.257816 297.521973 322.171326 464.208069
frame00129 0.200943 634.256836 303.665802 769.358582 341.691620
frame00129 0.220709 1164.260010 295.900146 1264.842773 378.216675
frame00130 0.618396 28.848047 299.666290 306.336304 464.208893
frame00130 0.201377 632.245117 303.306396 778.860535 344.218597
frame00131 0.639457 18.923359 300.929993 294.133118 468.059937
frame00132 0.659662 14.689398 305.498505 282.047119 463.145691
frame00132 0.206006 625.316040 302.593872 781.321411 345.317322
frame00133 0.676270 3.194008 310.835388 252.451416 461.841461
frame00134 0.638731 0.000000 313.109772 227.096436 462.395844
frame00134 0.205783 623.137512 302.491028 793.145447 347.516602
frame00135 0.655703 0.000000 311.186249 211.398163 460.125153
frame00136 0.593192 0.000000 311.845306 166.187012 457.474213
frame00136 0.207703 618.188599 303.352570 797.952576 347.811707
frame00137 0.495703 0.000000 317.839874 135.565063 441.488159
frame00138 0.304055 3.467913 328.644104 116.786972 433.574829
