frame00018 0.240447 643.869629 351.136414 745.077393 394.802246
frame00020 0.275478 650.112671 356.938721 746.200500 396.374908
frame00021 0.290841 650.162109 355.430176 748.120361 394.267914
frame00022 0.239458 644.497375 353.406647 753.885498 398.974426
frame00023 0.334450 655.742859 357.452179 745.737549 393.280853
frame00024 0.349857 653.618164 357.774384 742.348511 392.852081
frame00025 0.348049 653.696777 358.093414 740.029419 392.788239
frame00026 0.375383 655.990906 358.415192 739.929321 391.146759
frame00027 0.354999 656.670776 360.222046 742.280640 393.958832
frame00028 0.303819 650.280151 359.827576 741.652527 395.801025
frame00029 0.313881 650.721680 359.046539 745.327515 395.272430
frame00030 0.323676 650.968079 360.813080 743.651978 394.507538
frame00031 0.333594 652.330322 362.054993 737.168274 392.000885
frame00032 0.300386 650.612061 362.224945 737.832764 393.125275
frame00033 0.340211 649.717773 361.437012 741.034790 394.075592
frame00034 0.380015 657.823975 362.892670 734.930298 389.933105
frame00035 0.352198 656.546753 361.589294 745.487366 394.400208
frame00036 0.331098 651.193604 360.628204 753.568665 397.448364
frame00037 0.339772 657.352966 362.289673 745.362488 394.055328
frame00038 0.349035 658.053833 363.557953 742.239929 394.200623
frame00039 0.321014 654.330078 362.378540 742.921204 395.102783
frame00040 0.324753 657.244263 366.335632 727.888489 390.326782
frame00041 0.343337 659.857117 361.404663 743.755127 392.732178
frame00042 0.296174 649.590332 357.756439 749.656372 397.642120
frame00043 0.235833 66.797852 366.646088 190.200775 428.622192
frame00043 0.328274 651.328735 358.188904 747.929688 396.254791
frame00044 0.289263 66.993034 368.760223 193.836853 427.077362
frame00044 0.348531 653.966919 360.068146 742.570557 394.084045
frame00045 0.264099 62.825314 366.410767 187.794724 425.933777
frame00045 0.337510 651.492249 358.477814 749.364075 395.640198
frame00046 0.252201 61.181965 365.540070 183.899139 428.022827
frame00046 0.339767 648.694946 358.879211 742.131470 396.361328
frame00047 0.346581 648.211731 361.107941 739.378296 397.975922
frame00048 0.265577 60.112099 371.087006 185.951309 435.300537
frame00048 0.295895 643.404846 358.390289 746.491577 402.612244
frame00049 0.282099 56.273033 368.784851 181.485062 430.612396
frame00049 0.370844 649.066711 362.403473 739.029602 398.318634
frame00050 0.279510 57.275780 371.520447 179.430771 429.933716
frame00050 0.373906 641.095947 362.207489 730.044495 399.044739
frame00051 0.298453 53.740814 371.088165 178.691788 429.788025
frame00051 0.391298 640.555298 361.949829 730.591431 398.082642
frame00052 0.291074 52.672005 371.050415 176.842514 430.090668
frame00052 0.373202 640.308960 361.811279 732.832336 398.975128
frame00053 0.308555 50.113068 371.261200 177.224976 429.722198
frame00053 0.380369 640.319336 361.333984 735.422363 398.817108
frame00054 0.286515 45.764927 371.558441 171.908142 429.021484
frame00054 0.359801 635.404663 359.645508 736.933472 399.358856
frame00055 0.309982 42.155155 370.866974 170.600433 427.772644
frame00055 0.381530 638.782837 359.190735 735.369629 396.914734
frame00056 0.311122 43.346825 370.881927 169.632584 427.958557
frame00056 0.381255 630.291138 357.694061 738.234863 398.798889
frame00057 0.331445 38.942814 370.676300 168.927856 428.106995
frame00057 0.389425 628.322144 356.123047 737.652588 398.139709
frame00058 0.328373 32.910423 368.067749 164.872208 426.194427
frame00058 0.410713 625.552734 358.052216 728.308167 395.787567
frame00059 0.312703 30.795393 365.026703 167.406891 428.399048
frame00059 0.439006 619.416626 355.600586 726.557312 396.722229
frame00060 0.300668 29.880600 365.587891 165.359207 429.482391
frame00060 0.428409 617.324829 356.201569 726.080322 397.732788
frame00061 0.298733 26.067572 366.616516 159.789001 428.677155
frame00061 0.437199 618.022827 360.335052 718.968567 397.727509
frame00062 0.258544 28.042435 365.652679 157.518082 430.288940
frame00062 0.427538 622.230652 362.926056 721.438660 399.252533
frame00063 0.272228 24.706240 366.794830 152.337906 429.490295
frame00063 0.436945 615.375671 360.117859 719.039612 398.756500
frame00064 0.291332 24.055433 368.018250 151.892075 431.005707
frame00064 0.424041 611.856445 358.320282 719.588074 398.824829
frame00065 0.302506 21.484127 362.599884 158.543671 431.310638
frame00065 0.450404 610.791138 357.077576 717.823730 397.376404
frame00066 0.323024 17.797523 362.913391 148.455490 428.804169
frame00066 0.455155 611.676514 355.480133 718.945923 394.931000
frame00067 0.299421 17.622099 358.749634 148.624008 429.689270
frame00067 0.480091 608.372681 352.522461 713.993042 391.793579
frame00068 0.457004 608.549744 351.442261 708.178345 388.645233
frame00069 0.473494 604.444946 351.057312 703.339783 387.775330
frame00070 0.455510 601.621948 350.295715 702.437195 387.097534
frame00071 0.474024 592.081848 348.008636 699.255676 390.237518
frame00072 0.438991 589.475342 350.223267 695.381836 393.357361
frame00073 0.449097 586.471008 350.806274 690.710754 393.776917
frame00074 0.431556 583.551575 356.672638 682.683167 399.403625
frame00075 0.360462 571.458801 356.776489 686.982361 405.885040
frame00076 0.403960 560.528992 355.771729 681.307861 408.084229
frame00076 0.218107 941.002747 407.205963 1106.554321 481.011444
frame00077 0.382626 559.000366 356.848663 684.056702 410.416077
frame00077 0.337600 963.093567 412.493286 1112.016113 483.234314
frame00078 0.396848 557.888306 358.701996 675.477783 410.482941
frame00078 0.337702 966.439758 412.456207 1115.084106 490.725891
frame00079 0.389353 557.302551 360.488922 671.756714 412.059875
frame00079 0.235052 965.935730 416.838409 1120.042847 496.888916
frame00080 0.403901 551.381958 358.436096 670.611877 412.019653
frame00081 0.397566 548.459412 358.831451 671.587402 414.388031
frame00082 0.442695 540.724915 357.349518 664.537048 413.642670
frame00083 0.374869 538.502319 352.947449 673.470520 413.468231
frame00084 0.434785 534.397034 354.529144 657.524536 410.496155
frame00085 0.313397 539.251099 356.672272 663.540527 410.128082
frame00086 0.395743 528.850525 352.251373 658.751099 410.661835
frame00087 0.346727 524.449402 354.641174 654.276001 410.602173
frame00088 0.296712 509.924927 353.500732 646.311646 412.938812
frame00089 0.337263 468.528900 347.164520 602.319946 414.398560
frame00089 0.214696 520.472900 350.179718 655.832275 409.483582
frame00090 0.485688 455.987488 345.894958 600.578979 417.592529
frame00091 0.584664 450.328247 345.730408 590.042358 420.078644
frame00092 0.570481 435.897339 347.412628 586.453064 427.204193
frame00093 0.575206 423.218353 346.273071 581.266724 429.379852
frame00094 0.587969 411.376648 345.392395 580.482300 433.579132
frame00095 0.563541 401.078918 346.761200 570.842224 437.997223
frame00096 0.513119 380.034180 349.467102 567.781006 441.864410
frame00097 0.474431 354.727203 347.635010 562.932190 448.254761
frame00097 0.216546 622.068909 332.661713 791.327515 404.870575
frame00098 0.448820 337.895691 344.993439 554.137756 450.193726
frame00098 0.225832 614.039062 328.586151 789.003296 406.107056
frame00099 0.362113 308.922394 341.973633 540.941956 463.054901
frame00099 0.241479 601.407837 324.076660 796.249939 416.375519
frame00100 0.296775 624.219788 332.832184 800.043457 414.146729
frame00100 0.362461 268.628723 339.629608 573.296814 494.624054
frame00101 0.238748 603.222290 329.720703 805.003113 425.070343
frame00101 0.492648 212.221161 332.889465 556.142822 508.955719
frame00102 0.223961 633.287231 339.446320 787.530396 414.189117
frame00102 0.464107 196.535461 328.178528 520.502808 516.036255
frame00103 0.218763 641.668396 341.148010 782.931030 408.446442
frame00103 0.211289 682.726196 345.729889 830.677551 412.193481
frame00103 0.700012 162.353943 333.963684 487.716187 528.072266
frame00104 0.209640 634.213379 342.817505 764.014160 404.110565
frame00104 0.746243 135.877853 337.771667 472.642761 533.035889
frame00105 0.800533 94.351364 340.142761 445.025085 550.021362
frame00106 0.938196 30.456963 331.722717 429.120453 574.249512
frame00107 0.763823 0.000000 322.772095 396.077240 600.054688
frame00108 0.507879 0.000000 305.275543 390.454041 644.873962
frame00109 0.681897 0.000000 312.670502 356.005859 643.323120
frame00110 0.632141 0.000000 304.670776 323.401642 622.697327
frame00111 0.636321 0.000000 319.911438 267.696808 597.704895
frame00112 0.632747 0.000000 309.260559 199.513092 627.640015
frame00113 0.375625 0.000000 380.194153 121.263611 589.257690
frame00114 0.200501 686.802856 348.321472 833.010864 409.443634
