frame00001 0.215145 656.563965 282.274384 765.564636 328.954987
frame00002 0.249964 657.682129 282.739807 760.372070 327.138489
frame00003 0.226396 655.758667 281.914001 762.506104 327.791565
frame00004 0.209185 652.962708 289.574219 764.986633 333.896149
frame00007 0.208510 658.138916 285.300171 758.886841 329.622589
frame00008 0.247463 661.489990 291.082245 762.559509 331.964996
frame00009 0.306508 661.455322 292.792694 773.958801 335.833038
frame00010 0.370453 664.681458 294.558350 771.253418 334.963989
frame00011 0.404050 664.373108 295.842682 769.263062 336.069794
frame00012 0.360306 662.968201 294.851471 769.790894 336.627045
frame00013 0.328980 663.266296 294.692535 769.982300 336.308167
frame00014 0.335068 668.638367 296.902954 772.936340 335.973938
frame00015 0.334355 668.754272 299.177063 771.556396 338.110138
frame00016 0.298129 668.214355 301.116882 775.658508 341.607544
frame00017 0.307193 670.941162 302.949493 773.140747 341.990051
frame00018 0.346158 676.999451 306.455414 772.602478 341.586273
frame00019 0.352283 674.133423 306.990814 772.051086 343.111511
frame00020 0.350713 674.588745 306.100067 771.780273 343.479706
frame00021 0.344046 672.969910 307.680542 770.221802 345.925751
frame00021 0.245203 703.991211 311.085297 791.832397 349.706299
frame00022 0.328428 675.179565 307.773346 772.992676 344.691376
frame00023 0.331722 704.841919 310.848511 792.055054 347.900055
frame00024 0.313851 706.203003 311.560303 793.879395 348.056824
frame00025 0.303414 671.859375 306.904633 772.041260 344.598602
frame00025 0.297062 706.353149 310.249542 795.042603 347.032776
frame00026 0.322807 671.365112 306.076569 770.777222 342.993713
frame00026 0.257249 704.876648 309.348114 795.284180 346.783051
frame00027 0.342964 670.110596 306.516632 770.855835 343.595490
frame00027 0.240404 703.533997 309.994446 795.770630 347.928772
frame00028 0.387421 671.434265 305.833466 772.298645 341.377777
frame00028 0.235201 698.925171 308.949554 794.169312 347.454163
frame00029 0.382761 668.151184 304.266815 770.875183 341.489136
frame00029 0.209834 699.598755 307.781067 797.269653 347.576996
frame00030 0.363198 667.056152 305.303589 771.011841 342.484436
frame00030 0.211603 701.049072 308.714172 797.597046 347.557404
frame00031 0.402230 670.241699 304.249237 767.362671 338.506500
frame00032 0.364938 665.860474 301.574066 769.857666 339.245453
frame00033 0.395503 665.731812 301.199768 771.430359 338.063232
frame00034 0.439846 664.805786 297.462494 773.957214 337.283264
frame00034 0.212026 693.403625 300.817627 802.243042 346.271027
frame00035 0.391319 662.426819 294.830872 773.894714 336.207184
frame00036 0.405130 663.226868 297.127075 773.233093 335.899536
frame00037 0.359395 657.351074 292.143127 773.239258 334.873505
frame00038 0.314937 654.285156 289.910950 765.748169 331.459320
frame00039 0.321069 654.337219 289.276184 764.734436 331.592621
frame00040 0.342259 652.799988 289.758057 766.620789 332.498474
frame00041 0.368578 653.745728 289.757233 765.749634 332.485046
frame00042 0.401392 651.630127 292.428406 762.139404 333.325836
frame00043 0.503149 651.096252 293.991516 761.355652 334.580780
frame00044 0.549910 650.631714 296.140350 767.723389 336.031097
frame00045 0.566103 650.179199 297.111145 764.121155 336.679565
frame00046 0.601347 645.790405 298.464233 760.405762 337.452332
frame00047 0.641073 640.832458 302.858490 755.229736 340.354828
frame00048 0.631125 641.565552 303.833313 754.956970 340.580933
frame00049 0.670124 632.690491 302.592407 754.387451 344.564026
frame00050 0.649769 633.485413 305.952423 755.451660 346.791595
frame00051 0.613689 631.036316 310.220612 750.518738 349.298859
frame00052 0.651313 623.183350 309.600098 746.398010 351.509186
frame00053 0.656528 623.435303 310.765228 745.239014 351.557068
frame00054 0.642936 619.457947 314.237793 738.465515 354.534515
frame00055 0.636623 617.833862 313.420013 737.587769 354.073792
frame00056 0.642019 615.799500 313.862335 733.967590 354.007080
frame00057 0.658358 611.576782 314.727051 734.957520 357.041840
frame00058 0.663905 611.960388 312.969421 738.744568 355.543030
frame00059 0.665111 603.144043 311.392426 736.066589 357.402863
frame00060 0.645289 600.772949 313.294647 733.141846 357.753632
frame00061 0.641121 598.954529 313.056915 732.923523 357.056427
frame00062 0.624286 590.942200 310.995239 724.057556 355.167267
frame00063 0.613851 584.125488 313.082062 712.827026 355.071136
frame00064 0.637957 575.937561 309.877289 710.606079 356.326904
frame00065 0.621246 581.739746 309.654297 709.170776 352.088135
frame00066 0.657175 576.237366 311.064301 702.926086 354.148590
frame00067 0.630584 577.603699 312.034149 695.933105 353.920685
frame00068 0.646185 577.992004 311.913605 695.596008 351.956757
frame00069 0.622147 578.606689 315.621521 690.804565 353.959503
frame00070 0.616611 583.522461 318.762695 688.201355 353.673126
frame00070 0.217674 708.090088 310.031403 820.102417 357.315033
frame00071 0.620076 569.999146 321.577515 676.843872 359.773193
frame00072 0.597066 582.426270 326.845398 682.797974 364.508636
frame00072 0.204403 712.074463 314.569733 813.301086 361.384949
frame00073 0.552775 584.748535 329.555359 682.584839 365.883514
frame00074 0.291666 446.905670 325.653351 615.511169 410.315277
frame00074 0.476386 587.372314 331.055267 685.116821 366.852478
frame00075 0.471126 436.558105 325.169373 607.596985 416.315277
frame00075 0.387547 635.704407 323.998383 717.647339 354.796936
frame00075 0.221221 701.441284 314.830017 795.650696 354.912567
frame00076 0.508005 420.462006 323.696503 602.204773 423.569427
frame00076 0.359231 659.832275 320.984619 736.401855 351.179474
frame00076 0.225689 700.448730 314.733826 793.835754 354.627808
frame00077 0.506006 410.292511 326.261658 597.843872 432.753540
frame00077 0.402630 676.773438 319.634125 745.412537 347.851654
frame00077 0.201174 698.296875 314.086395 792.218872 355.558655
frame00078 0.502939 395.953674 326.772003 596.936768 438.082336
frame00078 0.431805 683.003540 317.747192 751.218872 345.610260
frame00079 0.541784 364.379883 326.211212 598.087219 445.609833
frame00079 0.455056 685.452637 316.417786 761.486145 344.983063
frame00080 0.533684 328.753235 325.545349 585.428589 453.992462
frame00080 0.481397 676.799377 314.199921 761.404663 346.691986
frame00081 0.433926 298.402954 323.593628 561.567017 464.482727
frame00081 0.598526 664.926880 313.367035 754.749878 350.303131
frame00082 0.595386 662.714478 315.802612 755.722290 352.287170
frame00082 0.393357 187.251404 314.683868 599.952515 512.897217
frame00083 0.518689 663.275818 319.409576 745.589355 349.481567
frame00083 0.502275 145.638458 304.011810 522.884155 536.860840
frame00084 0.489542 658.260376 320.963043 743.940125 351.582031
frame00084 0.624659 87.915077 307.437622 501.726135 549.649414
frame00085 0.400017 659.740112 325.951294 754.217834 359.730957
frame00085 0.795873 3.510151 299.723328 460.704895 570.589172
frame00086 0.433803 656.065918 321.713135 759.946655 361.055756
frame00086 0.352070 0.000000 295.281250 343.022919 596.998718
frame00087 0.414310 658.074951 320.777496 762.537537 358.214874
frame00087 0.436530 0.000000 285.808929 302.603180 615.833496
frame00088 0.408522 649.458557 318.978882 774.228882 361.233093
frame00088 0.480162 0.000000 291.535980 224.363098 598.654053
frame00089 0.442097 647.650208 319.789825 762.523743 355.648132
frame00089 0.278746 0.000000 343.881226 134.830444 588.787842
frame00090 0.488939 649.826416 319.270630 752.300354 354.108337
frame00091 0.427072 645.674072 319.874420 753.054871 356.284271
