frame00000 0.510853 654.641968 334.988037 740.191895 364.249725
frame00001 0.516934 657.902222 335.466248 741.666260 362.768311
frame00002 0.481690 649.606995 332.646484 740.727905 361.967285
frame00003 0.501262 649.637451 331.886261 743.235962 360.698669
frame00004 0.472029 653.415649 330.673218 747.071411 360.926788
frame00004 0.211131 691.795593 330.064026 791.666809 370.085663
frame00005 0.495090 658.003052 328.758789 749.838379 358.436462
frame00006 0.523234 663.411987 330.055725 749.637573 357.388580
frame00007 0.475368 657.503418 327.633636 751.527344 359.157471
frame00008 0.432244 659.055908 330.414642 740.181763 356.886353
frame00008 0.241289 695.730713 328.708740 785.106689 367.094391
frame00009 0.461680 662.369995 329.144714 747.554199 357.010254
frame00009 0.233655 694.747437 328.695679 785.032227 366.926697
frame00010 0.454995 658.243164 329.281799 745.145508 356.982269
frame00010 0.240815 690.614319 327.280457 786.673096 367.317322
frame00011 0.448713 646.665039 329.002716 740.354492 357.287109
frame00011 0.257033 688.523682 326.701691 791.020630 367.252319
frame00012 0.472927 643.406372 323.201813 747.842102 355.624451
frame00012 0.217761 684.770386 323.577972 796.224365 367.393066
frame00013 0.461406 654.785889 326.862854 744.771423 354.423431
frame00013 0.230129 688.221375 325.804016 788.951355 366.029938
frame00014 0.472424 651.519165 325.579102 744.815369 354.317413
frame00015 0.483258 659.795532 327.535583 747.593994 355.324951
frame00015 0.208813 686.516418 326.479980 789.434204 367.471649
frame00016 0.450356 653.862671 331.061768 737.152344 357.136566
frame00016 0.222611 690.635010 328.050873 789.159302 367.438354
frame00017 0.495062 657.269775 329.896179 746.386597 358.556061
frame00018 0.536933 666.093872 334.166901 740.609131 358.811066
frame00019 0.554072 666.425293 335.209473 743.702881 361.750702
frame00020 0.524173 664.776917 336.345398 739.912109 362.399017
frame00021 0.531034 661.309204 338.099640 738.232300 365.562500
frame00022 0.550462 660.128906 339.616699 736.779663 365.892029
frame00023 0.533487 662.318665 340.935486 733.668457 366.072296
frame00024 0.519470 664.753174 344.505646 734.724182 370.488159
frame00025 0.534089 662.373657 342.702362 734.744141 370.195923
frame00026 0.527527 652.488281 342.543549 731.374023 369.363007
frame00027 0.540607 660.183472 343.447327 733.579956 369.717163
frame00028 0.548725 660.998047 341.869720 730.218994 367.675415
frame00029 0.569875 660.634827 339.927521 734.387756 369.208527
frame00030 0.580055 661.513733 341.011383 734.786316 372.215240
frame00031 0.563488 653.799805 340.346069 737.644104 377.819305
frame00032 0.554082 662.961975 345.473846 740.418335 380.798828
frame00033 0.529397 662.719971 349.344238 739.331909 386.294495
frame00034 0.534557 657.250488 346.731659 742.623291 388.451385
frame00035 0.525827 662.253479 350.680145 740.402466 389.997833
frame00036 0.528317 659.153137 349.633789 738.365479 389.547943
frame00037 0.546560 660.277954 346.547485 740.342468 385.938477
frame00038 0.542503 659.084717 346.783325 737.548889 383.216309
frame00039 0.541108 651.299683 344.354706 738.812500 380.331970
frame00040 0.549892 650.139465 342.401337 739.035034 378.722168
frame00041 0.511395 649.564819 341.980225 734.043579 379.893188
frame00042 0.531962 648.837769 340.057129 733.647339 379.432587
frame00043 0.539221 647.694641 340.588379 729.958435 376.867065
frame00044 0.549563 644.776489 340.487854 731.590698 376.261139
frame00045 0.558242 643.976135 341.019867 734.370850 377.398254
frame00046 0.549419 647.169495 341.587952 727.119446 371.818573
frame00047 0.576098 644.807007 336.651764 732.713135 373.751923
frame00048 0.580574 642.350403 333.723572 735.209900 372.601410
frame00049 0.564468 640.890137 333.924377 735.298828 372.432587
frame00050 0.563046 628.365112 328.374908 739.730591 370.450928
frame00051 0.579121 637.945007 330.540924 735.033936 369.292664
frame00052 0.576981 634.888794 331.318359 734.395752 367.885437
frame00053 0.604209 633.359924 326.631042 740.770813 367.851715
frame00054 0.588424 638.797607 327.998535 740.355835 367.863129
frame00055 0.604143 627.937378 324.934784 739.099060 366.462036
frame00056 0.619720 630.027222 326.719360 734.746033 365.248810
frame00057 0.612179 627.625305 324.976624 736.568359 363.662598
frame00058 0.588224 625.930420 326.158112 736.278015 363.869171
frame00059 0.611169 628.046753 327.259583 731.977539 366.467773
frame00060 0.588518 624.143677 326.912994 733.892090 367.872772
frame00061 0.564689 630.098816 327.010345 734.048523 366.954132
frame00062 0.567239 628.095886 331.166718 726.823608 371.374115
frame00063 0.559359 623.427429 329.447906 729.900024 371.320740
frame00064 0.572196 621.013245 330.983582 724.888550 372.835449
frame00065 0.570917 618.448242 330.927185 724.607483 373.995544
frame00066 0.576483 622.092407 329.338562 726.718628 374.171509
frame00067 0.576481 618.694702 325.914856 732.278564 373.365417
frame00068 0.585702 613.612427 324.592407 729.983459 368.635040
frame00069 0.600334 609.268311 323.340057 731.253662 374.639526
frame00070 0.586277 607.562073 325.965546 727.110107 370.995300
frame00071 0.583437 598.619690 321.358795 731.182251 373.232819
frame00072 0.562490 597.528076 327.045593 722.354126 372.281372
frame00073 0.536991 600.250122 326.851471 726.048706 373.029175
frame00074 0.519147 597.794189 327.534485 723.456909 374.910553
frame00075 0.565943 592.628540 328.899109 723.126221 377.982788
frame00076 0.577922 597.250244 331.650604 719.382324 378.618652
frame00077 0.560999 597.010986 333.514160 718.331421 379.587219
frame00078 0.557334 585.948059 331.397308 720.792297 383.652374
frame00079 0.584886 586.842896 331.014313 723.055359 384.401306
frame00080 0.574011 582.651123 329.935883 723.196777 385.476318
frame00081 0.553212 581.633362 328.586517 723.050781 383.350189
frame00082 0.551298 575.178040 327.056824 722.728760 385.346649
frame00083 0.519581 566.983337 327.915253 717.790833 386.796417
frame00084 0.533816 552.527161 325.694366 716.475830 390.992401
frame00085 0.523241 557.708435 328.465363 708.856934 387.484528
frame00086 0.555626 551.355591 325.194916 714.421753 390.270264
frame00087 0.543560 553.515381 326.625519 709.532471 387.087311
frame00088 0.526300 550.268433 328.203003 709.133911 385.779022
frame00089 0.520638 559.064453 329.139526 705.408813 381.659210
frame00090 0.521725 554.861145 330.238892 703.960083 383.166992
frame00091 0.532564 566.441772 331.058685 702.320618 378.641663
frame00092 0.532721 570.851074 332.491974 695.133423 373.707550
frame00093 0.554461 579.304688 332.561005 696.527405 372.137695
frame00094 0.570713 585.645996 332.187927 700.363159 370.598083
frame00095 0.604548 595.196411 329.517181 705.828369 366.534546
frame00096 0.229447 446.421783 332.239929 601.496155 408.074097
frame00096 0.602228 599.287048 327.051239 711.748901 366.315857
frame00097 0.306873 447.010498 331.601105 601.513916 410.218750
frame00097 0.584516 609.860168 325.437134 714.009033 362.035126
frame00098 0.234954 433.535828 330.486237 599.677795 412.193970
frame00098 0.647376 619.522583 323.483582 718.326294 355.914459
frame00099 0.300660 419.208069 332.814911 603.537231 421.136566
frame00099 0.649084 626.004761 321.997833 720.561401 353.253632
frame00100 0.334875 410.270325 336.594818 605.499634 430.753326
frame00100 0.654676 628.645081 321.287903 721.278625 353.719177
frame00100 0.207349 334.918823 341.369751 647.036438 501.063843
frame00101 0.374022 393.716095 335.188995 607.055237 434.399536
frame00101 0.660786 632.800781 319.516724 726.730347 349.137817
frame00101 0.228296 320.892883 336.280304 653.461609 502.657684
frame00102 0.390403 373.778351 334.535095 594.049194 437.444611
frame00102 0.672123 632.932251 317.368073 727.143677 346.656281
frame00102 0.239807 307.756287 334.741089 644.470520 500.011261
frame00103 0.386298 352.605743 333.162964 581.674316 440.573486
frame00103 0.705718 627.239746 315.134552 724.016663 347.080719
frame00103 0.272361 287.581299 332.074371 634.214722 500.992371
frame00104 0.406560 326.766907 330.272034 567.332092 445.198120
frame00104 0.737785 613.690430 314.271088 720.129150 351.453766
frame00104 0.258460 265.856140 330.160248 618.195007 500.721680
frame00105 0.365621 310.036072 329.501495 558.103638 453.101288
frame00105 0.736967 606.466492 312.894501 719.350525 355.136993
frame00105 0.383220 239.485336 325.218048 612.393250 506.234802
frame00106 0.300167 290.552307 329.426178 551.441956 455.695801
frame00106 0.750844 607.198303 313.650909 719.812744 353.330963
frame00106 0.410761 203.483810 322.782593 608.324463 510.926483
frame00107 0.736300 618.332031 315.719421 717.595337 347.840912
frame00107 0.466469 149.572830 309.021118 553.627808 523.545654
frame00108 0.712942 618.243652 317.163513 714.955078 346.369171
frame00108 0.589800 118.319740 313.311646 534.199646 526.921021
frame00109 0.633461 614.715088 318.005432 710.917908 345.870056
frame00109 0.712797 72.635101 317.926910 504.114441 544.949585
frame00110 0.586118 617.259033 321.682709 709.574890 347.949615
frame00110 0.836059 16.927223 312.234161 476.417084 557.961060
frame00111 0.589217 617.701782 319.557190 722.634827 349.830383
frame00111 0.556126 0.000000 320.589905 430.492706 577.257385
frame00112 0.595984 612.497253 317.432861 730.998413 353.397705
frame00112 0.555623 0.000000 292.006226 352.080322 642.897705
frame00113 0.640341 609.455078 317.059601 726.312744 352.809784
frame00113 0.434392 0.000000 291.569916 300.812866 595.881958
frame00114 0.598993 604.856201 313.418243 731.122070 351.152557
frame00114 0.596664 0.000000 311.832153 281.715149 588.188293
frame00115 0.590764 609.217590 315.948761 727.437500 346.035370
frame00115 0.516285 0.000000 305.994049 196.114563 634.094360
frame00116 0.559401 618.272034 315.692596 718.606628 340.158844
frame00116 0.232462 0.000000 386.345337 107.435829 552.327148
frame00117 0.593874 611.381470 316.341736 710.723755 337.874786
frame00118 0.557248 612.755432 315.225098 708.627014 338.241913
frame00119 0.591033 611.319092 316.042267 706.309509 340.555298
frame00120 0.570813 616.184326 318.216309 706.557373 341.631622
