frame00000 0.363964 692.279968 323.692108 811.546631 367.179779
frame00000 0.386897 983.161682 314.136383 1152.559326 354.326111
frame00000 0.325144 1108.249146 302.195404 1257.680298 347.845245
frame00001 0.389516 691.406860 325.717468 803.211670 365.505127
frame00001 0.340812 984.290039 316.912231 1148.040039 358.276398
frame00001 0.314933 1106.545166 305.180054 1256.868774 351.772308
frame00002 0.391790 692.681274 324.349335 804.239807 365.259918
frame00002 0.396087 988.095825 316.014160 1153.090332 357.673157
frame00002 0.317347 1101.994873 305.347015 1255.103638 353.620667
frame00003 0.415773 694.640869 327.094330 801.909241 366.733490
frame00003 0.369246 988.226929 316.444946 1153.860962 360.376068
frame00003 0.301215 1097.246582 304.458618 1255.630127 355.707703
frame00004 0.404438 697.318115 325.540924 807.641479 369.442078
frame00004 0.432291 985.002380 316.940430 1157.480957 365.423981
frame00004 0.274767 1108.446777 305.876923 1256.277710 358.096497
frame00005 0.405334 697.444458 326.567596 803.433716 368.579803
frame00005 0.370138 984.536377 316.288910 1154.045898 365.925415
frame00005 0.277660 1105.030762 304.701630 1258.609863 359.592590
frame00006 0.401520 702.241760 325.141083 808.363098 368.760559
frame00006 0.477030 989.130493 314.322327 1159.725220 361.636444
frame00006 0.258643 1111.916016 302.689972 1255.466187 354.639923
frame00007 0.441508 701.576294 325.114624 803.625549 366.858826
frame00007 0.468843 994.168396 314.560303 1161.276245 359.378937
frame00007 0.260264 1102.820435 302.743347 1252.487305 353.652740
frame00008 0.415172 697.436646 321.934082 804.210083 363.705780
frame00008 0.382354 987.681824 310.754456 1151.254150 359.820831
frame00008 0.262399 1118.548340 297.583038 1260.696045 353.398712
frame00009 0.402261 695.048828 319.899933 802.765198 359.106628
frame00009 0.312051 984.715332 308.676697 1143.946045 357.534515
frame00009 0.226178 1130.025879 294.218323 1263.212402 351.013855
frame00010 0.436026 691.819458 318.643463 802.669983 359.320618
frame00010 0.266975 979.577087 307.908997 1137.579712 360.187012
frame00010 0.205220 1130.048950 293.440094 1258.911133 350.669769
frame00011 0.359779 692.151245 318.486481 803.773560 357.865448
frame00011 0.309298 984.536743 307.216064 1144.666016 359.767822
frame00011 0.222310 1121.917969 296.567535 1258.337769 350.003448
frame00012 0.420514 694.272949 314.960358 804.957397 354.497253
frame00012 0.392333 990.685120 306.135010 1152.344482 354.645660
frame00013 0.420615 696.286743 312.583984 807.681274 353.505493
frame00013 0.421342 995.868774 304.618958 1153.399536 352.660187
frame00014 0.361401 695.182739 309.790649 810.647827 352.678528
frame00014 0.333685 991.109314 303.893402 1145.193970 353.512207
frame00015 0.359654 693.351990 306.665802 807.868408 348.698730
frame00015 0.258894 993.010986 303.965027 1136.420654 353.046967
frame00016 0.386721 693.249207 306.277679 807.059448 348.023773
frame00017 0.389648 693.550110 306.208221 803.845337 346.713715
frame00018 0.370619 695.084595 308.338867 801.335388 347.534180
frame00019 0.346098 697.424438 310.245789 801.174011 348.587372
frame00020 0.208923 639.658264 308.055878 801.360229 361.223083
frame00020 0.377808 693.792053 311.798645 800.817627 350.680176
frame00021 0.227424 647.892212 312.391144 797.822510 361.889404
frame00021 0.410614 696.989136 315.570160 795.598145 352.320801
frame00021 0.225856 1051.517822 298.716919 1206.616943 354.237854
frame00022 0.243531 649.127930 316.514099 795.067261 364.227173
frame00022 0.364899 698.906372 320.247742 793.026001 354.798157
frame00022 0.272709 1043.046753 301.699432 1208.563477 357.048248
frame00023 0.237038 638.573853 318.086609 795.677551 370.450653
frame00023 0.333851 701.552979 322.381500 800.667175 359.462982
frame00023 0.331486 1027.191772 300.220032 1204.350464 355.584259
frame00024 0.204364 638.756653 317.403687 799.326172 371.759094
frame00024 0.399976 701.040894 321.927887 799.195312 358.993652
frame00024 0.346596 1026.838135 300.062836 1205.479126 356.515839
frame00025 0.211338 633.717285 317.028870 799.142944 373.312683
frame00025 0.346732 702.297852 323.053345 801.879395 360.232849
frame00025 0.396496 1029.074463 302.057068 1206.637573 351.532440
frame00026 0.249797 635.894226 316.516632 796.792969 369.656982
frame00026 0.310576 699.932007 321.369568 803.126160 358.782013
frame00026 0.364943 1033.078369 301.678253 1211.589600 354.257568
frame00027 0.333188 692.481750 316.667999 796.092773 353.112457
frame00027 0.288470 1048.484985 298.853363 1217.464722 355.439178
frame00028 0.321802 693.710205 309.174957 795.713379 349.926544
frame00029 0.324659 653.500000 304.243225 791.195435 352.940979
frame00030 0.201409 1075.377075 261.148315 1226.078735 337.068848
frame00030 0.339506 650.389648 303.729889 788.314270 354.555023
frame00031 0.308451 1084.793823 259.763092 1241.466309 336.411835
frame00031 0.370586 657.246399 305.501434 786.785400 353.028717
frame00032 0.323816 1093.535645 259.493195 1245.820557 332.826294
frame00032 0.361541 657.483826 306.161621 787.726440 353.472656
frame00033 0.283312 1095.430054 259.078827 1245.119385 330.360260
frame00033 0.392172 661.145935 306.538513 787.494995 350.336243
frame00034 0.263909 1094.279175 257.381805 1243.599976 330.873810
frame00034 0.414715 661.750244 308.045990 785.666565 351.468262
frame00035 0.277642 1095.876587 256.186340 1245.432861 331.050201
frame00035 0.393413 660.817871 307.620422 786.299438 352.719177
frame00036 0.255166 1092.987549 257.835968 1245.828125 334.790009
frame00036 0.395630 659.972839 308.934418 786.486816 353.615448
frame00037 0.277663 1095.898560 261.234802 1245.924316 333.312805
frame00037 0.445287 658.074341 309.312500 784.424927 353.803619
frame00038 0.260833 1094.475220 257.585632 1243.863159 331.956421
frame00038 0.456883 657.989624 309.327484 782.441711 354.950623
frame00039 0.468063 665.026367 310.903534 779.523621 350.828766
frame00040 0.504295 668.464844 313.515717 774.895752 351.120636
frame00041 0.497342 664.584961 311.931702 777.520630 351.812042
frame00042 0.511931 664.208984 313.139404 777.384338 351.350250
frame00043 0.224914 1107.739014 254.427292 1261.106812 339.047577
frame00043 0.507801 665.512634 313.684235 779.166321 352.039429
frame00044 0.229559 1113.859985 256.619568 1263.729248 338.944763
frame00044 0.515001 662.633179 313.747620 776.856384 352.651978
frame00045 0.200181 1115.962891 256.274567 1263.385254 338.234222
frame00045 0.532043 660.131226 315.305359 773.295898 353.560822
frame00046 0.545262 657.945068 315.327240 775.993164 354.575623
frame00047 0.558718 661.348877 314.633606 777.513916 352.249329
frame00048 0.550943 658.138123 316.363068 775.323792 353.793396
frame00049 0.550756 657.060181 315.066315 774.314636 353.234344
frame00050 0.201034 1139.372803 258.804535 1274.001343 339.189117
frame00050 0.553438 660.593140 315.199829 773.721924 350.521240
frame00051 0.548633 657.836609 315.560944 772.332458 351.931458
frame00052 0.573780 659.150330 315.161438 772.470764 349.720673
frame00053 0.201357 1143.746704 257.382538 1274.617554 337.341949
frame00053 0.569940 656.905396 313.679626 770.709839 349.880249
frame00054 0.208739 1142.551880 255.579971 1278.527710 340.854858
frame00054 0.562376 653.634888 313.678436 769.746155 350.960480
frame00055 0.263915 1142.251587 259.903564 1282.745361 340.927765
frame00055 0.553815 651.428955 309.594177 772.831909 349.123810
frame00056 0.274053 1149.181396 260.464111 1284.284912 340.554382
frame00056 0.552913 651.878967 310.540894 772.291260 349.396545
frame00057 0.245572 1151.796387 256.982880 1284.813110 341.159393
frame00057 0.547617 650.172241 310.348206 768.701294 348.889648
frame00058 0.297068 1154.679443 255.634109 1289.415527 342.433563
frame00058 0.527603 646.892456 308.598328 772.704407 349.800964
frame00059 0.286567 1168.505249 254.790436 1290.976562 337.715790
frame00059 0.544565 644.965759 307.408447 773.867126 350.268097
frame00060 0.264299 1173.798340 250.675888 1290.726318 335.341858
frame00060 0.565932 647.090454 307.753113 769.380981 348.722351
frame00061 0.580867 650.529663 307.871185 766.732300 348.666290
frame00062 0.592140 649.118042 308.647125 765.084106 348.157196
frame00063 0.591420 644.356079 307.201691 769.280884 348.207306
frame00064 0.588371 641.839966 308.023926 765.559631 350.372406
frame00065 0.244442 1177.893799 254.075836 1291.822388 344.368256
frame00065 0.555907 637.075806 308.070679 767.548828 352.544159
frame00066 0.206052 1186.290527 253.356232 1292.286377 347.341095
frame00066 0.539311 633.143677 310.214447 766.973267 354.358398
frame00067 0.202481 1177.550537 251.733521 1287.153442 344.845520
frame00067 0.564531 636.290100 310.618591 761.105408 353.313629
frame00068 0.568799 636.323303 308.667847 760.176147 352.062561
frame00069 0.573328 631.984558 310.135315 757.985352 354.908386
frame00070 0.600637 634.414307 311.754517 753.867737 352.290924
frame00071 0.600056 632.108398 311.240906 756.214539 352.545135
frame00072 0.634784 626.519043 312.596039 754.263916 355.724792
frame00073 0.656925 631.800171 314.078766 750.192200 356.800262
frame00074 0.664995 630.678711 313.326294 743.269348 361.743164
frame00075 0.656937 626.974731 312.877411 743.373413 362.166748
frame00076 0.653243 627.084900 314.011688 740.486389 361.827087
frame00077 0.658897 620.949951 312.936005 741.327026 364.585388
frame00078 0.660294 620.815979 314.074036 739.543457 364.771332
frame00079 0.684543 617.094482 314.175354 738.085876 364.046387
frame00080 0.669597 612.074646 314.069122 735.132202 365.458374
frame00081 0.666084 607.196533 313.726135 734.297363 365.872498
frame00082 0.653180 601.136108 315.159882 732.629333 369.185608
frame00083 0.639562 596.247131 316.626526 727.852173 369.442963
frame00084 0.650096 595.860718 317.471405 726.571350 371.316650
frame00085 0.629327 595.389893 318.470032 723.070801 372.633545
frame00086 0.621667 589.675781 320.039948 723.359985 375.468872
frame00087 0.605883 583.603638 321.555328 721.142456 381.526764
frame00088 0.609290 583.677551 324.121155 714.903076 381.363220
frame00089 0.616029 583.589966 324.964355 711.479980 379.655151
frame00090 0.601830 580.022339 326.729736 710.293823 382.347107
frame00091 0.597457 576.349548 328.050751 705.711670 382.433105
frame00092 0.602262 571.874451 328.189697 700.355774 384.118896
frame00093 0.598874 566.380249 328.862335 694.550781 387.173737
frame00094 0.620840 561.687500 329.047729 687.201782 385.181183
frame00095 0.624858 554.587524 327.604675 689.519165 386.509766
frame00096 0.620722 555.605896 331.252441 677.008972 387.856171
frame00097 0.615804 548.261414 330.135681 677.050720 388.579468
frame00098 0.626659 549.394653 332.334198 672.446228 390.499756
frame00099 0.622147 539.239136 331.755646 670.441040 393.123901
frame00100 0.621286 531.390137 334.420258 658.684937 397.299011
frame00101 0.617070 522.322937 338.241577 644.828186 400.349365
frame00102 0.607462 515.604370 340.501770 640.618958 405.409149
frame00103 0.594970 512.348572 343.138672 635.174805 405.740906
frame00104 0.507703 501.928772 342.403351 629.956726 409.408936
frame00105 0.387151 458.714478 332.860626 626.680359 425.298615
frame00106 0.562624 437.144745 332.408020 623.260132 434.509613
frame00107 0.615144 413.583801 326.530701 618.049988 437.707794
frame00108 0.654834 396.207520 324.917358 612.745605 443.471710
frame00109 0.622061 382.570984 324.204834 605.146973 447.224396
frame00110 0.631991 359.234863 320.746643 595.596191 452.338287
frame00111 0.630158 327.213165 317.032593 589.472900 464.622589
frame00112 0.592162 300.055511 312.751434 576.307556 468.989410
frame00113 0.511705 272.090485 312.732666 556.516235 483.067596
frame00114 0.431185 228.435806 308.148499 549.920044 496.711548
frame00115 0.467277 181.063263 301.352661 512.452332 519.255859
frame00116 0.690093 126.108780 307.353424 490.193146 534.076538
frame00117 0.848194 48.906803 314.434601 458.443237 555.705627
frame00118 0.791434 0.000000 305.659546 417.993164 583.506958
frame00119 0.542224 0.000000 288.861023 376.555542 635.271484
frame00120 0.515859 0.000000 289.685150 311.192993 601.645447
frame00121 0.609461 0.000000 298.012726 254.762421 601.210144
frame00122 0.380527 0.000000 317.419983 148.904495 609.301331
