frame00000 0.248413 726.966797 327.320831 826.687988 355.872437
frame00001 0.230280 716.434082 326.048248 828.718323 358.493256
frame00002 0.212062 726.466675 328.121460 827.526245 358.241638
frame00003 0.248634 723.399048 330.609406 816.758728 358.894653
frame00004 0.261617 722.601807 328.265045 817.290649 359.512939
frame00005 0.285719 715.648743 328.949799 812.392944 360.183777
frame00006 0.203436 1126.170776 287.797852 1218.162354 319.364624
frame00006 0.270254 714.512451 327.712006 811.337769 360.370972
frame00007 0.223167 1131.612427 282.921753 1222.351196 314.225555
frame00007 0.202623 629.888977 319.948608 796.589111 377.319336
frame00007 0.275888 720.519653 328.637268 811.759399 360.572479
frame00008 0.258326 1138.363403 284.032318 1226.046997 314.471069
frame00008 0.240364 716.224854 328.634521 814.401245 364.038116
frame00009 0.271560 1130.576660 284.786530 1223.348755 314.575256
frame00009 0.244875 706.679749 326.896851 815.071167 365.300385
frame00010 0.246946 1132.217407 284.478180 1225.067871 313.272583
frame00010 0.252709 703.089722 327.101013 813.286621 364.929779
frame00011 0.242327 1143.585693 283.629425 1229.000000 312.939392
frame00011 0.251873 708.447998 330.132904 810.013428 364.039795
frame00012 0.259791 1148.039429 282.296661 1235.965942 314.505524
frame00012 0.245574 706.573425 330.494141 809.940857 365.537506
frame00013 0.250285 706.222473 331.010162 808.900696 362.167145
frame00014 0.203655 614.724060 320.898682 798.463501 376.674072
frame00014 0.253650 710.033813 330.702881 809.833923 361.714996
frame00015 0.216952 612.714783 322.008301 799.570862 376.656189
frame00015 0.246989 709.239441 331.712402 809.469360 362.640015
frame00016 0.206160 1129.308838 292.368622 1210.577271 319.524170
frame00016 0.227028 610.951599 319.289337 799.593201 377.053833
frame00016 0.221437 706.138062 329.062317 812.639221 362.955414
frame00017 0.201857 612.112366 322.770050 800.577148 379.174835
frame00017 0.259427 711.564697 332.912201 812.284790 363.457092
frame00017 0.202594 1031.258179 315.742249 1099.286743 331.248627
frame00018 0.225709 614.825317 322.972168 799.437866 377.189178
frame00018 0.251345 708.692932 332.166748 811.970215 364.289398
frame00019 0.227711 613.618286 319.630157 800.832397 379.247101
frame00019 0.262610 710.870239 330.619781 813.581055 364.673096
frame00019 0.242077 1032.271240 313.898102 1106.079956 331.326416
frame00020 0.238772 621.397278 322.375153 797.099548 376.703217
frame00020 0.274174 708.100281 331.636810 808.900452 364.234283
frame00021 0.246002 625.909424 324.289276 799.967346 376.671295
frame00021 0.280413 709.287354 332.744415 809.656616 363.517426
frame00021 0.226672 1011.009155 317.741699 1090.745728 334.460968
frame00022 0.314526 638.051880 325.863312 794.711548 374.670319
frame00022 0.266663 713.559326 333.854156 807.515198 363.492279
frame00022 0.207411 1016.401611 315.517181 1097.417847 333.958038
frame00023 0.296366 638.086426 325.964691 794.674683 375.238220
frame00023 0.263854 712.581482 333.932312 806.442566 363.114624
frame00024 0.305792 637.302979 324.700531 794.196289 378.213928
frame00024 0.214865 728.728699 333.711639 813.521057 363.259735
frame00024 0.209311 977.593018 318.833435 1060.760132 338.759918
frame00025 0.300714 639.260559 325.495636 797.279358 379.537933
frame00025 0.242271 713.233704 333.770386 805.894531 366.588226
frame00026 0.303392 639.960144 328.117249 796.967773 379.775726
frame00026 0.231429 713.969421 335.225342 806.640930 367.450745
frame00026 0.206119 986.249451 320.306061 1076.098389 339.133240
frame00027 0.302659 647.649536 330.205963 794.604004 377.199280
frame00027 0.223130 719.457275 335.521332 799.458496 365.949188
frame00027 0.212341 970.397705 319.301331 1061.545898 341.695007
frame00027 0.203931 1102.464722 306.452240 1215.585449 334.445435
frame00028 0.304408 639.682251 327.266144 798.984985 379.630646
frame00028 0.218560 718.282471 332.822998 810.344543 367.740509
frame00028 0.298759 950.317383 318.907532 1062.858398 346.440857
frame00028 0.233762 1107.223389 303.797577 1229.215332 337.163727
frame00029 0.311629 640.189697 327.641174 796.232605 377.837677
frame00029 0.201834 716.937744 331.868256 812.288940 367.700043
frame00029 0.276511 949.263184 318.458038 1063.333984 347.699188
frame00029 0.242909 1114.216675 303.536560 1234.266602 336.420349
frame00030 0.348566 647.451660 331.121246 794.481689 376.697662
frame00030 0.213643 719.186890 334.525696 804.414062 366.557068
frame00030 0.294843 954.414001 319.907898 1060.586914 344.765015
frame00030 0.216042 1105.800293 304.601501 1228.592041 333.372589
frame00031 0.378160 644.195496 329.803528 797.133728 374.354797
frame00031 0.380997 943.482971 319.677399 1062.574707 347.123993
frame00031 0.215232 1103.791260 303.299561 1232.067505 334.267151
frame00032 0.422762 647.856750 329.771362 791.136597 373.384766
frame00032 0.369739 935.608521 317.237793 1057.463501 348.674103
frame00033 0.397162 644.574951 325.678558 794.577698 375.706421
frame00033 0.318649 931.969604 317.336212 1048.794434 350.326630
frame00034 0.202488 1148.345337 277.687805 1240.211304 321.549072
frame00034 0.390969 651.464600 329.416290 787.923950 376.531158
frame00034 0.246708 935.937500 318.425323 1040.241211 349.888855
frame00035 0.233814 1152.772339 277.986053 1244.549805 321.487915
frame00035 0.399215 647.816101 328.010590 787.842651 376.589691
frame00036 0.221636 1151.986328 277.713837 1246.040527 322.091705
frame00036 0.417524 649.288269 330.955994 788.244385 374.591980
frame00036 0.281826 930.336609 317.936859 1038.120605 347.677155
frame00037 0.218046 1148.025146 275.842377 1245.038574 321.485168
frame00037 0.425586 652.410645 331.679443 780.116333 372.329010
frame00037 0.245661 930.854187 318.444763 1037.710693 350.636719
frame00038 0.260529 1153.950195 275.890747 1249.288574 321.395844
frame00038 0.426323 643.708984 330.683350 777.419312 373.444977
frame00039 0.275354 1155.485474 277.572540 1250.138794 321.731354
frame00039 0.413490 648.095703 330.694916 780.336182 374.211029
frame00040 0.263770 1171.207153 272.681915 1263.271240 323.279999
frame00040 0.420142 642.728210 326.818359 776.951965 374.373199
frame00041 0.266270 1175.105469 272.434448 1266.191162 324.426575
frame00041 0.416875 644.554749 329.870270 778.765747 371.960327
frame00042 0.261737 1182.572021 271.802399 1273.522217 328.239471
frame00042 0.411204 651.737366 333.809143 773.305786 368.781433
frame00043 0.223705 1181.043457 274.375488 1271.420776 329.310089
frame00043 0.422402 653.457886 334.882385 777.877563 366.827484
frame00044 0.390380 647.188843 336.298523 776.814087 367.676605
frame00044 0.203020 983.269592 318.733673 1083.820068 339.966217
frame00045 0.416740 641.375427 334.406158 779.341125 368.087921
frame00045 0.232851 982.559875 320.194366 1079.972046 337.729614
frame00046 0.409596 637.098633 333.262115 781.770752 370.123505
frame00046 0.318303 988.352173 320.311005 1091.809570 337.708771
frame00047 0.435412 634.987244 331.243134 778.768616 369.195099
frame00047 0.226999 1003.999878 320.451111 1093.607300 336.331757
frame00048 0.441186 638.532593 330.829407 776.700989 370.212189
frame00048 0.215860 995.736755 321.292084 1079.507202 336.124725
frame00048 0.217843 1095.540039 310.514832 1202.386108 328.274750
frame00049 0.453757 640.281372 330.556976 772.800903 369.875946
frame00050 0.475580 637.498352 326.920624 776.162231 372.447479
frame00050 0.219713 1096.670532 308.421783 1200.717529 331.139496
frame00051 0.458248 634.623352 327.200256 777.963318 373.173462
frame00051 0.233582 965.516602 318.143921 1067.186401 341.476318
frame00051 0.231125 1101.964600 304.119080 1220.633179 332.724792
frame00052 0.464909 628.532043 325.313538 777.710022 375.344696
frame00052 0.238474 1107.743896 304.091644 1224.212891 333.149536
frame00053 0.461886 632.535767 329.258545 779.912170 376.429932
frame00053 0.225745 1115.434448 304.802551 1226.885742 332.846802
frame00054 0.439785 628.829834 326.659149 780.809448 376.580688
frame00054 0.251129 960.702759 319.811615 1068.100342 345.278137
frame00054 0.304946 1113.273804 306.030579 1233.874756 336.939941
frame00055 0.480047 632.947449 326.839691 784.843811 379.620514
frame00055 0.300670 949.032715 317.507507 1062.923340 347.932098
frame00055 0.301558 1113.713501 303.490753 1237.236328 340.270142
frame00056 0.487403 624.948669 326.231537 781.646179 382.956390
frame00056 0.294859 959.336304 319.682678 1070.519775 345.606934
frame00056 0.332652 1104.002930 306.082672 1231.366455 339.505829
frame00057 0.482768 625.416565 326.683350 779.275208 381.030151
frame00057 0.245047 959.702087 319.570862 1070.204834 347.084564
frame00057 0.321599 1111.171509 305.710663 1235.656250 338.937714
frame00058 0.490675 626.229919 325.592804 786.607910 379.049377
frame00058 0.333543 953.973450 317.853088 1069.077881 345.021301
frame00058 0.308929 1110.095215 303.763336 1237.354248 339.126129
frame00059 0.488457 625.960693 324.292023 781.430664 378.250488
frame00059 0.333749 946.687683 317.330658 1057.236694 346.178406
frame00059 0.267411 1113.233398 302.492126 1230.909912 337.190765
frame00060 0.499867 619.790955 321.187927 779.505737 378.551788
frame00060 0.362289 938.027039 314.838104 1052.334717 346.082367
frame00060 0.254034 1112.846191 300.263184 1228.309204 337.541382
frame00061 0.514224 618.921875 319.262390 785.404419 377.074554
frame00061 0.368362 933.417725 314.410553 1058.662231 348.588867
frame00062 0.546380 616.951538 318.411285 780.340027 373.490906
frame00062 0.367676 932.788086 311.035370 1058.576538 344.976349
frame00063 0.208318 1135.759155 279.316376 1237.482422 322.067719
frame00063 0.531969 615.960083 316.587616 779.420471 373.480469
frame00063 0.377747 932.592651 310.058167 1059.859497 345.531982
frame00064 0.203448 1131.074097 281.463531 1233.889404 322.165009
frame00064 0.537583 608.023621 315.491577 774.551636 373.504517
frame00064 0.356628 937.163635 308.907928 1063.792603 341.156677
frame00064 0.206312 1107.556763 293.472748 1226.922852 333.029053
frame00065 0.234285 1133.142944 282.602295 1237.658447 322.637878
frame00065 0.516274 600.201904 314.690399 776.042847 373.972839
frame00065 0.311599 938.420532 308.349030 1066.138184 341.685822
frame00066 0.239712 1133.193481 283.941193 1236.680420 322.856750
frame00066 0.502433 599.652039 313.606140 778.650513 372.332886
frame00066 0.309653 943.883667 307.897919 1067.856934 339.858765
frame00067 0.252944 1136.366455 283.493561 1242.482666 324.369812
frame00067 0.514776 593.057861 314.470917 773.390991 373.130249
frame00067 0.274050 942.918701 308.185760 1073.128784 341.680725
frame00068 0.239284 1135.752441 282.409515 1242.840576 324.132812
frame00068 0.517314 595.599304 316.833984 771.801392 371.992126
frame00068 0.258063 952.464600 308.710846 1076.089844 341.840271
frame00069 0.487476 586.344543 317.246979 765.041748 372.156158
frame00069 0.290993 945.000732 309.351562 1085.069458 342.454956
frame00070 0.207842 1155.251221 284.538483 1251.086426 327.562317
frame00070 0.476680 589.538269 318.840332 769.411621 373.770935
frame00070 0.240639 951.113647 310.253479 1087.392944 344.239502
frame00071 0.461313 584.456299 320.746246 759.732971 374.986908
frame00071 0.284959 954.089233 309.226471 1095.256592 343.702087
frame00072 0.461111 580.497498 323.445190 761.395630 377.442291
frame00072 0.322412 943.074341 309.800598 1104.691162 347.482330
frame00073 0.453150 576.136658 323.481445 763.341675 378.367950
frame00073 0.346885 949.384521 310.136902 1113.473999 347.172241
frame00074 0.442075 577.760071 325.270721 754.736633 380.263428
frame00074 0.407988 956.192505 310.961273 1114.567871 347.317749
frame00075 0.438341 582.539917 329.425873 749.359131 380.234375
frame00075 0.373743 957.104431 314.907593 1101.196777 346.032654
frame00076 0.473276 590.118591 331.019897 743.476196 380.316437
frame00076 0.354645 972.136475 317.879242 1095.376465 347.602966
frame00077 0.463210 582.427490 329.006744 745.639954 380.811768
frame00077 0.342281 975.968262 317.349548 1102.401611 345.459259
frame00078 0.466532 580.478455 327.735657 748.470398 382.276794
frame00078 0.389463 966.411255 316.762970 1100.763184 346.552277
frame00079 0.448043 565.189209 328.081421 745.797729 384.208130
frame00079 0.257295 969.399902 315.787384 1108.245239 346.131104
frame00079 0.218132 1129.182373 303.311462 1244.170166 338.834778
frame00080 0.450101 566.609741 330.232788 742.592224 383.924561
frame00080 0.263348 961.442139 313.313171 1113.390015 349.186707
frame00081 0.478934 570.218140 331.515930 732.630249 382.778046
frame00081 0.203075 961.321045 312.110260 1109.195068 351.693665
frame00082 0.479680 561.494019 329.262024 732.789429 384.129028
frame00082 0.201678 954.063782 310.903839 1108.414795 352.237579
frame00083 0.474120 560.157532 330.261627 730.826172 387.046417
frame00083 0.257778 954.118042 309.710632 1111.655029 352.996460
frame00084 0.467532 561.073486 332.048309 724.676636 386.549591
frame00084 0.250971 947.537476 310.414459 1103.901611 353.683197
frame00085 0.466518 558.124939 333.003113 721.450439 386.854156
frame00085 0.255030 949.602417 309.709045 1113.333862 353.935211
frame00086 0.468421 551.533569 333.349945 718.603882 390.611298
frame00086 0.336043 941.902100 308.782867 1112.249634 355.700989
frame00087 0.463905 549.485779 334.805389 712.801880 391.741089
frame00087 0.237985 944.087524 308.619720 1113.976074 357.473907
frame00088 0.494981 550.257202 337.542236 703.399597 393.307983
frame00089 0.495415 542.911072 337.549500 699.814209 394.608490
frame00089 0.266922 958.312073 312.707275 1117.575928 355.219299
frame00090 0.498673 536.119202 335.201660 697.294800 397.024658
frame00090 0.346379 963.450073 311.399261 1116.976562 350.931091
frame00091 0.501125 537.570435 336.055695 694.204651 396.730957
frame00091 0.427717 956.740479 309.851135 1120.565308 354.756836
frame00092 0.494535 528.128540 334.991974 690.708130 397.805542
frame00092 0.467528 954.656738 308.113403 1129.917114 353.977417
frame00093 0.494904 525.897339 335.180054 685.788574 399.713562
frame00093 0.449572 957.965393 309.265961 1124.437988 355.552216
frame00094 0.512496 524.714111 337.551544 672.860046 400.229309
frame00094 0.393806 961.558105 308.601074 1115.808594 356.836395
frame00095 0.524502 515.673950 336.167664 666.588684 402.754486
frame00095 0.416919 962.899170 307.391266 1120.976807 357.185028
frame00096 0.527684 510.895935 338.682068 655.898682 403.067261
frame00096 0.335815 969.819458 308.602692 1124.638062 360.382416
frame00097 0.524183 498.361450 337.334808 656.336914 407.510406
frame00097 0.404917 973.256165 309.845062 1127.812134 357.461609
frame00098 0.514091 495.311646 337.551636 654.928345 407.984497
frame00098 0.374322 972.594604 309.583740 1128.678955 359.370514
frame00099 0.454831 474.588867 332.460327 661.365417 415.726654
frame00099 0.446861 970.985413 307.151398 1144.508545 361.968262
frame00100 0.437965 427.427551 324.059753 630.982178 429.256866
frame00100 0.470561 982.900391 308.739136 1137.696655 360.100250
frame00101 0.581479 402.495758 321.914276 626.484253 434.179596
frame00101 0.528610 984.845337 309.884064 1147.782227 361.542175
frame00102 0.590427 383.538940 318.976105 616.310364 439.595428
frame00102 0.568505 984.338135 305.882843 1156.429321 363.918243
frame00103 0.565858 366.895752 317.939026 607.443176 440.267395
frame00103 0.556073 990.083862 308.223053 1150.440430 358.345734
frame00104 0.591150 343.781891 314.826782 610.105957 446.505493
frame00104 0.480885 992.174316 309.918579 1147.963135 353.348969
frame00104 0.202611 1094.108643 310.303101 1205.571533 348.742126
frame00105 0.627250 319.028564 315.020142 601.325989 443.296936
frame00105 0.455576 985.810547 309.069458 1153.209717 353.663727
frame00105 0.233973 1098.756104 307.726044 1218.498657 349.420837
frame00106 0.582612 295.398712 314.229980 594.184875 451.768341
frame00106 0.455649 998.134644 307.895264 1156.618530 354.983124
frame00106 0.224036 1073.620117 309.223724 1197.090576 352.940002
frame00107 0.550918 260.579498 309.611145 585.024475 466.876465
frame00107 0.407542 999.047363 306.794159 1157.265747 353.903717
frame00107 0.266472 1073.460083 307.897247 1199.646240 354.356079
frame00108 0.526679 232.497559 308.129211 560.901855 470.630035
frame00108 0.373644 1005.259521 302.855713 1168.237061 357.512268
frame00109 0.332966 203.618851 315.756531 539.814087 476.271362
frame00109 0.402272 996.603333 303.327576 1161.864380 357.175964
frame00109 0.314029 1065.989502 304.492706 1208.899780 357.797943
frame00110 0.351779 996.563354 303.203125 1148.323608 352.612152
frame00110 0.261058 1088.124023 306.699158 1214.344360 350.237610
frame00110 0.448088 157.050095 321.674957 488.171997 497.845642
frame00111 0.372609 994.646301 309.381073 1144.145996 350.971588
frame00111 0.304509 1083.856445 312.985199 1213.447021 347.737122
frame00111 0.605567 95.761299 328.182953 480.385406 513.866821
frame00112 0.396638 985.134644 311.710510 1140.132202 354.370300
frame00112 0.318694 1094.070068 314.171265 1218.953857 354.126556
frame00112 0.777793 15.834599 323.853821 437.544312 528.395630
frame00113 0.417555 977.333618 313.321930 1135.743286 355.033936
frame00113 0.339404 1096.334961 309.467194 1219.654541 356.435852
frame00113 0.476321 0.000000 319.701508 395.597382 547.218994
frame00114 0.467081 966.598755 316.792847 1132.165771 354.578644
frame00114 0.326586 1091.025635 308.596954 1214.505127 356.724915
frame00114 0.443135 4.754934 324.397827 319.134491 584.188416
frame00115 0.448965 956.823853 321.093170 1111.369141 357.783844
frame00115 0.330896 1091.899658 311.802521 1216.024780 357.035034
frame00115 0.485228 0.000000 317.046204 280.609253 587.831543
frame00116 0.454573 954.840942 318.425446 1116.055786 357.137817
frame00116 0.329716 1088.344238 311.048004 1224.176514 353.510101
frame00116 0.419398 0.000000 315.435089 202.129852 582.557800
frame00117 0.414363 954.936890 320.553772 1109.835327 357.709625
frame00117 0.305326 1089.128784 312.690277 1227.437500 354.787048
frame00117 0.304289 0.000000 381.503418 120.146942 568.830933
frame00118 0.435919 953.816589 318.259155 1090.450562 349.649048
frame00118 0.373410 1106.178467 311.274323 1233.760986 347.982452
frame00119 0.410889 960.531738 316.047943 1104.923828 348.069183
frame00119 0.375657 1108.302734 309.673126 1238.415405 346.480865
frame00120 0.407519 959.618835 316.880432 1101.685303 348.981750
frame00120 0.332183 1115.004883 310.065063 1239.205566 346.445404
