frame00000 0.331174 663.634888 357.413635 754.581543 401.705780
frame00001 0.334995 667.427307 358.929901 755.188049 400.787476
frame00002 0.327175 668.465271 360.669525 750.240356 400.286407
frame00003 0.325830 672.173462 361.398956 751.335938 400.222321
frame00004 0.267743 666.074707 357.855255 756.225708 402.354797
frame00005 0.237848 663.687744 355.158386 759.837341 405.472839
frame00006 0.266014 663.138367 352.867462 758.372742 403.831940
frame00007 0.331841 667.097778 354.290222 758.301086 402.671661
frame00008 0.355295 671.114807 357.877014 757.936096 401.884460
frame00009 0.307214 668.439819 356.182343 759.481689 403.326904
frame00010 0.355617 674.784607 358.621552 757.547546 400.725769
frame00011 0.309552 668.533264 356.059326 756.875549 401.951202
frame00012 0.336667 672.057190 357.422180 757.388916 399.846008
frame00013 0.326065 672.168091 356.901245 755.134583 398.608795
frame00014 0.331246 668.094604 354.408356 755.222900 397.824432
frame00015 0.333287 672.066406 353.859772 758.764893 396.160645
frame00016 0.287356 663.483582 350.438171 757.093994 396.633667
frame00017 0.339086 675.497925 352.756927 757.662048 392.087646
frame00018 0.362158 677.521606 351.874847 758.161560 391.863708
frame00019 0.368860 677.545288 351.537201 759.830322 390.496216
frame00020 0.383244 675.294128 350.502258 761.416687 390.648193
frame00021 0.352102 668.815613 345.938904 764.210938 390.411530
frame00022 0.326525 670.183838 345.607788 764.711792 387.915131
frame00022 0.200995 710.789795 349.921265 782.136719 385.039978
frame00023 0.355747 666.001526 343.479126 763.591553 388.061310
frame00024 0.410486 668.271179 341.308685 764.323853 383.698578
frame00025 0.416783 668.785706 340.979889 763.562317 383.032074
frame00026 0.441515 667.056641 339.337585 763.566528 380.665070
frame00027 0.444208 671.348328 339.397552 761.300598 375.469421
frame00028 0.474488 671.956116 338.348236 756.481995 371.659637
frame00029 0.492487 669.442444 336.109497 761.718750 369.719604
frame00030 0.468296 665.493103 335.313599 759.576477 369.519104
frame00031 0.466400 666.006714 334.004150 762.785889 369.710724
frame00032 0.477038 667.216675 333.873505 763.366089 368.354034
frame00033 0.494482 665.585388 333.735443 761.348633 365.944214
frame00034 0.495562 665.844788 333.516937 761.248413 366.741241
frame00035 0.483575 665.966553 334.188293 759.399963 365.941376
frame00036 0.459338 656.656250 331.493103 759.775452 365.781525
frame00037 0.424348 664.210693 330.705139 764.911621 364.724854
frame00038 0.473503 668.281189 327.901581 764.649109 361.150848
frame00039 0.523757 661.027771 323.782410 764.645447 357.587158
frame00040 0.493512 672.298340 324.744843 768.379578 355.402985
frame00041 0.543571 665.423340 319.405670 768.882690 351.278351
frame00042 0.569109 667.202026 320.576141 766.690552 351.331329
frame00043 0.545742 659.557190 317.619690 760.863525 347.229523
frame00044 0.484040 664.628174 316.487671 765.416992 348.029358
frame00045 0.451836 664.387695 313.649048 770.861694 349.578461
frame00046 0.477820 666.097473 315.074341 761.325623 345.297211
frame00047 0.417018 668.866089 315.667511 763.120422 346.206024
frame00047 0.210864 697.578430 318.725433 788.680420 355.761200
frame00048 0.438330 664.693665 315.580841 762.888123 346.849426
frame00049 0.497390 664.192627 315.852966 765.614136 347.088074
frame00050 0.485026 658.954224 313.706909 765.249573 345.949066
frame00051 0.493943 657.287109 316.552734 758.999329 344.803558
frame00052 0.464095 667.200684 316.060883 763.958984 345.944702
frame00052 0.279216 692.109070 319.002899 787.665405 356.968811
frame00053 0.475744 660.808105 315.114319 764.502869 345.406433
frame00053 0.229701 690.648682 318.193970 792.995911 356.308380
frame00054 0.477062 662.479126 315.151978 759.900818 342.839233
frame00054 0.216639 692.666931 318.393372 791.962769 354.840820
frame00055 0.517590 671.414062 315.275452 763.752441 342.034760
frame00055 0.255037 691.540649 317.234009 785.413086 354.200226
frame00056 0.505872 670.763184 315.785797 761.109680 342.745728
frame00056 0.229342 694.280762 317.595123 785.719666 355.155487
frame00057 0.503075 666.101440 315.552185 758.082642 342.013458
frame00057 0.210599 696.504150 318.262604 788.531555 354.814514
frame00058 0.473238 665.785278 316.453949 752.554260 340.268951
frame00058 0.228158 696.784363 318.235718 787.592773 353.289368
frame00059 0.505850 668.229736 316.438599 759.849915 340.929108
frame00059 0.245048 692.072693 317.512604 785.718445 353.295563
frame00060 0.461372 669.746094 317.730865 757.812805 343.526306
frame00060 0.270940 695.706543 318.728210 784.468628 354.660706
frame00061 0.484365 666.781738 317.440796 755.823975 342.042755
frame00061 0.268212 694.127258 318.601471 786.136719 354.316711
frame00062 0.526944 661.672058 315.259094 753.109131 340.856873
frame00063 0.531405 667.154053 313.292908 758.244751 339.740387
frame00064 0.515776 667.149597 312.849030 755.434814 338.570343
frame00065 0.538647 660.659546 313.619080 755.182129 340.086517
frame00066 0.529769 653.802124 316.353455 747.437195 341.043060
frame00067 0.535683 655.096069 315.612030 750.736328 342.792542
frame00068 0.516929 663.084412 319.623108 755.607605 345.774078
frame00068 0.201582 695.465698 321.469238 787.730103 357.628387
frame00069 0.532993 660.567871 321.335876 753.890442 349.084381
frame00070 0.514443 659.676575 325.192352 751.824280 352.692596
frame00071 0.475864 666.382690 327.324799 757.199158 355.764496
frame00071 0.262981 696.467590 327.546967 783.109436 363.502747
frame00072 0.492034 659.374756 328.123749 751.706909 355.984863
frame00073 0.537011 658.788391 326.916626 751.700989 354.793793
frame00074 0.519607 660.237976 327.175903 750.222717 354.576569
frame00075 0.549774 659.581543 325.960632 753.844238 354.479980
frame00076 0.537986 659.848633 326.347412 750.182007 353.217285
frame00077 0.561691 657.170044 326.520081 750.626282 354.009399
frame00078 0.551662 656.167236 327.401031 748.058533 355.423004
frame00079 0.542177 657.863708 328.870972 747.933899 357.714661
frame00080 0.560788 653.194824 331.081238 741.275391 357.209473
frame00081 0.559060 650.615906 332.376709 739.767212 359.375122
frame00082 0.569547 647.303467 332.314911 739.736328 359.730652
frame00083 0.555215 658.646179 332.917297 741.491150 359.744507
frame00084 0.575948 661.268188 332.808136 746.194946 362.384155
frame00085 0.563930 656.079468 334.557037 740.075134 363.642883
frame00086 0.572093 659.096680 334.641632 746.535767 365.954895
frame00087 0.548650 655.331482 336.657806 742.389282 367.024628
frame00088 0.553722 654.224915 338.597931 739.457031 367.692963
frame00089 0.551416 659.467773 337.633606 741.291504 369.328888
frame00090 0.568070 656.975220 338.229614 742.975952 370.438812
frame00091 0.575236 651.082703 337.991241 742.294861 370.575684
frame00092 0.566126 650.514832 338.178284 742.190674 370.804657
frame00093 0.551948 651.310974 338.711792 737.278809 369.278900
frame00094 0.554374 650.596008 335.813934 741.995972 369.973572
frame00095 0.553153 649.142090 335.655151 742.462097 370.377502
frame00096 0.554198 652.292419 336.632629 739.478394 368.753052
frame00097 0.549361 650.434265 335.124451 741.852112 368.183960
frame00098 0.564251 651.356445 335.554504 741.723694 368.967255
frame00099 0.554690 646.550781 336.123901 739.079712 369.894043
frame00100 0.547993 649.576660 336.997864 739.180664 371.308411
frame00101 0.560330 644.360046 336.055328 743.653687 373.346039
frame00102 0.531670 646.968994 339.057495 737.000244 373.209076
frame00103 0.534461 648.235779 341.978424 731.240112 372.862488
frame00104 0.542671 651.627930 342.105194 730.111084 371.650024
frame00105 0.536600 650.343323 342.113037 727.416870 369.861816
frame00106 0.545361 649.545837 339.048462 730.881409 368.016876
frame00107 0.538859 656.256836 338.023834 737.236633 367.326202
frame00108 0.531384 647.547302 334.582031 738.388550 368.090271
frame00109 0.551921 653.174744 336.593048 738.566406 366.530945
frame00110 0.549060 650.735168 334.630341 740.052795 365.560638
frame00111 0.533818 645.017578 334.279083 734.123535 362.529572
frame00112 0.550339 650.949646 332.147675 742.001404 362.889832
frame00113 0.560732 655.350403 331.833984 740.224854 359.679077
frame00114 0.563693 643.157410 330.081512 738.540405 359.974243
frame00115 0.563227 640.770935 325.154633 746.181396 359.519043
frame00116 0.551721 647.131836 327.898712 741.232910 359.478882
frame00117 0.551964 652.869019 330.471527 738.339172 358.349304
frame00118 0.567407 647.825012 331.048309 738.412781 359.994843
frame00119 0.562511 655.096069 330.800110 739.750427 359.879333
frame00120 0.582195 654.320129 327.339813 743.521484 357.873230
frame00121 0.571999 653.578491 326.949310 747.409058 359.457642
frame00122 0.572510 659.866821 328.130493 748.149536 358.533966
frame00123 0.549329 649.625244 323.730347 748.458374 358.524750
frame00124 0.553002 650.302673 324.292358 746.984009 357.382599
frame00125 0.581447 654.135864 325.555084 748.137085 358.191284
frame00126 0.560079 645.541870 326.981018 742.711670 360.671661
frame00127 0.540690 646.731873 330.986877 735.666504 362.674194
frame00128 0.539138 647.287842 331.837494 735.651611 363.756653
frame00129 0.543412 650.972412 333.418701 736.694824 365.355927
frame00130 0.540568 637.132507 331.952301 734.021667 367.885834
frame00131 0.525776 636.320435 332.395599 732.896851 368.669189
frame00132 0.537593 640.981140 334.263184 733.084412 369.436279
frame00133 0.534360 639.964172 335.448914 731.217957 371.396698
frame00134 0.525410 643.402222 337.706635 730.770874 373.017975
frame00135 0.510967 640.696106 339.298187 727.811584 373.869904
frame00136 0.528232 643.713684 339.157379 732.246826 376.960815
frame00137 0.535521 639.471619 338.377747 732.333252 377.080658
frame00138 0.524770 638.237793 336.730988 733.063416 374.488251
frame00139 0.515914 620.631775 327.496552 741.733154 372.425842
frame00140 0.522980 623.110291 329.982483 737.431030 371.856903
frame00141 0.541209 629.392456 328.648651 739.526428 368.178650
frame00142 0.550148 634.138306 330.679352 735.532715 369.026306
frame00143 0.546733 631.486816 331.428436 733.834229 372.620941
frame00144 0.527186 626.266174 332.435303 736.068115 375.751099
frame00145 0.520087 624.666870 335.467957 737.574158 383.526276
frame00146 0.557508 632.255981 339.897095 737.900269 387.910950
frame00147 0.561561 632.415649 338.082123 743.195496 389.558899
frame00148 0.527628 633.994690 344.255768 735.230774 391.706940
frame00149 0.548199 629.950439 341.648712 741.577148 394.384979
frame00150 0.543754 628.430237 342.134399 738.475037 394.310944
frame00151 0.548470 625.849365 337.548309 741.074524 392.314301
frame00152 0.562648 623.065918 335.895081 741.714600 391.717010
frame00153 0.545282 623.772461 337.061554 739.861450 388.306824
frame00154 0.524475 618.201233 335.175629 740.872864 385.138275
frame00155 0.463244 604.344604 330.596893 752.957642 386.201141
frame00156 0.456494 604.028992 332.258759 747.240967 385.925842
frame00157 0.459776 603.779297 330.412872 742.905579 386.938904
frame00158 0.216241 1048.908691 242.272308 1201.987793 329.275238
frame00158 0.472001 596.304443 327.416168 749.956543 391.848083
frame00159 0.310447 1062.726929 218.696320 1206.819824 304.101105
frame00159 0.466098 601.074890 327.708405 745.225952 391.427216
frame00160 0.303230 1078.849854 217.376114 1232.789185 313.843231
frame00160 0.475777 598.350708 329.308105 747.700500 392.271179
frame00161 0.510658 605.124451 337.009399 732.210449 384.709747
frame00162 0.471061 594.023804 332.245361 743.461365 388.441467
frame00163 0.482562 603.434875 335.655640 730.123230 383.893250
frame00164 0.532220 605.998657 332.063843 733.943604 384.816101
frame00165 0.531440 603.262329 329.718475 736.093445 384.553772
frame00166 0.539832 604.205750 327.669647 737.036133 381.350250
frame00167 0.545290 597.504761 326.410828 738.899658 381.383423
frame00168 0.535689 594.345825 325.836517 739.911255 380.726776
frame00169 0.534870 584.377075 323.973083 738.292908 380.123749
frame00170 0.545401 579.811707 322.808655 735.776245 383.810760
frame00171 0.564658 576.004700 324.236481 731.969849 379.957489
frame00172 0.558048 574.962280 322.526825 730.948792 380.364777
frame00173 0.555189 569.250549 320.285553 732.450623 384.663666
frame00174 0.566557 571.115417 319.166016 736.229248 380.308319
frame00175 0.553548 566.481445 319.150940 731.618652 381.223083
frame00176 0.552713 568.463074 320.359406 730.095459 380.331787
frame00177 0.508695 559.516724 321.453796 729.411316 382.867798
frame00178 0.525182 565.889771 321.788696 723.095581 383.142914
frame00179 0.519898 560.235718 323.949219 723.490112 386.546448
frame00180 0.521003 563.282166 325.125305 723.650818 384.253235
frame00181 0.546891 563.473877 324.198273 725.438171 385.750824
frame00182 0.530780 566.232117 329.271637 717.625122 388.175995
frame00183 0.533360 572.412476 330.878906 716.810974 386.515198
frame00184 0.537485 575.909851 331.599457 714.882324 386.603210
frame00185 0.542435 579.757385 334.506958 705.277832 385.525146
frame00186 0.547568 580.730164 333.047333 708.755981 384.393005
frame00187 0.549626 584.372681 336.112885 703.727539 385.079559
frame00188 0.557151 585.965271 334.580811 706.947632 385.883453
frame00189 0.608577 588.831970 332.604645 711.480957 383.441986
frame00190 0.604940 592.309937 330.769409 714.254456 381.929565
frame00191 0.591912 591.118286 329.295898 714.341553 380.667786
frame00192 0.321044 442.126923 330.880646 613.825989 424.128906
frame00192 0.583137 609.287354 326.520203 723.579163 374.515381
frame00193 0.378019 436.142883 330.526031 613.643250 427.759155
frame00193 0.579372 620.628540 324.781403 730.999268 371.381714
frame00194 0.359922 429.671448 332.444794 610.259033 433.421722
frame00194 0.590767 632.367615 323.868500 734.604248 369.648651
frame00195 0.345098 419.335571 332.990448 608.697510 437.308960
frame00195 0.612240 636.364624 324.033661 738.269531 368.740265
frame00195 0.228806 354.598846 341.642303 645.420898 503.073273
frame00196 0.344014 413.623962 333.980072 609.080750 442.319702
frame00196 0.614702 641.061401 324.050751 738.162720 368.515747
frame00196 0.268829 352.569733 339.008240 645.098938 502.763214
frame00197 0.359702 407.762939 334.498352 608.178040 443.287018
frame00197 0.624719 643.128784 323.207184 741.557922 367.006958
frame00197 0.282580 346.375885 338.757263 645.840759 501.364349
frame00198 0.275379 389.670044 334.100281 610.153442 449.687012
frame00198 0.667920 644.907898 323.119873 742.175659 364.969849
frame00198 0.403353 327.703583 333.963593 656.659851 504.980560
frame00199 0.261044 371.348816 332.685272 612.297119 452.673462
frame00199 0.686713 633.234253 320.833710 742.939148 366.385620
frame00199 0.441696 305.431854 332.477020 658.617554 505.898956
frame00200 0.276871 352.947754 331.763947 604.259155 457.658234
frame00200 0.702917 631.282471 319.410828 745.740662 367.779724
frame00200 0.483119 286.074951 329.747894 649.155762 506.554565
frame00201 0.715373 615.070496 317.937653 737.802429 372.303833
frame00201 0.537457 260.901611 329.668945 623.912537 509.792969
frame00202 0.718358 605.391785 318.662079 732.022461 373.246429
frame00202 0.629178 237.187561 332.899597 612.283691 512.711060
frame00203 0.713108 606.868164 320.092407 728.614807 372.278137
frame00203 0.648313 212.156357 333.697174 605.000122 519.506470
frame00204 0.712669 610.439514 322.484406 730.007019 369.958160
frame00204 0.525397 174.278946 328.522827 587.795776 524.278870
frame00205 0.688225 618.332947 324.690613 722.645813 364.867035
frame00205 0.619096 137.741837 324.215912 547.459961 534.503845
frame00206 0.633245 618.148254 325.354034 723.740601 365.191345
frame00206 0.676164 104.622116 326.756409 524.177551 532.160217
frame00207 0.610207 616.322815 326.127167 722.381348 365.262573
frame00207 0.726272 64.822174 323.003784 515.529846 550.756287
frame00208 0.554170 624.248901 330.778076 720.648499 364.806213
frame00208 0.801357 21.065102 321.710419 483.377258 554.244141
frame00209 0.546814 625.388794 331.934265 728.264160 368.899384
frame00209 0.697893 0.000000 312.611481 454.877869 596.856140
frame00210 0.543845 625.725769 330.737976 732.991882 369.340088
frame00210 0.460651 0.000000 319.744751 413.051331 603.132446
frame00211 0.574491 628.902771 328.613556 729.733032 366.782379
frame00211 0.447427 0.000000 299.244446 335.398743 606.673218
frame00212 0.569142 621.042786 326.621796 733.568726 368.505493
frame00212 0.553180 0.000000 293.546631 315.636780 610.011292
frame00213 0.591265 611.577026 327.062592 734.628174 369.491364
frame00213 0.551281 0.000000 292.647247 251.383682 632.101013
frame00214 0.594103 611.505005 326.533081 735.746948 369.811646
frame00214 0.509011 0.000000 307.938934 186.639893 637.895264
frame00215 0.592405 617.094116 327.575439 727.455566 362.603455
frame00216 0.613310 621.148132 326.655853 721.354126 357.898621
frame00217 0.616870 624.507507 326.607086 718.793457 354.247955
frame00218 0.637081 619.035767 326.571411 722.184326 359.076141
frame00219 0.618632 619.399658 326.800110 721.539856 356.378693
frame00220 0.610600 616.297241 326.397552 722.524475 356.621979
