frame00000 0.511440 644.992432 310.021362 760.120300 336.081726
frame00000 0.407559 1138.375366 293.251740 1286.941650 367.780975
frame00001 0.568141 641.885254 309.517395 764.981812 338.888397
frame00001 0.412874 1136.427124 292.096222 1287.380371 367.208954
frame00002 0.564058 641.604980 309.577362 765.201965 339.514648
frame00002 0.413715 1137.445312 291.442688 1287.667358 367.148621
frame00003 0.566132 641.535522 309.169189 764.901611 338.989319
frame00003 0.407827 1136.752686 292.102386 1286.393555 366.783813
frame00004 0.563038 641.240784 309.076294 765.046936 339.512421
frame00004 0.408520 1137.821899 291.454529 1286.859009 367.104248
frame00005 0.557148 640.393555 309.110565 763.808899 339.389435
frame00005 0.414683 1137.508057 292.169037 1285.715942 366.727448
frame00006 0.559778 638.871094 309.224152 762.761169 339.189606
frame00006 0.413727 1136.491821 292.375671 1286.046631 366.672302
frame00007 0.558015 638.745667 309.462250 762.784180 339.847260
frame00007 0.416320 1136.350342 293.258850 1286.304810 367.154938
frame00008 0.550337 637.012817 309.315704 763.185303 339.865051
frame00008 0.419683 1137.151855 292.469055 1286.874756 366.800232
frame00009 0.554934 634.316040 309.802429 762.313232 341.902008
frame00009 0.409577 1137.834595 292.204681 1286.205322 366.459198
frame00010 0.563214 632.962524 309.386017 762.271118 341.528717
frame00010 0.413072 1137.937134 292.478943 1286.254395 366.805603
frame00011 0.563090 634.450439 308.834381 763.095825 341.157532
frame00011 0.409282 1138.681396 291.553711 1286.275024 367.162842
frame00012 0.555236 634.698364 309.229187 761.959717 341.344360
frame00012 0.413572 1137.981445 291.982025 1285.911743 366.844238
frame00013 0.545975 632.186707 309.018402 760.780518 341.199890
frame00013 0.412981 1138.376831 292.273376 1286.481812 366.756348
frame00014 0.564375 629.239258 308.956146 759.648987 340.626465
frame00014 0.410872 1138.725708 292.380493 1286.191406 366.502991
frame00015 0.561534 630.458008 309.239258 758.942932 341.069702
frame00015 0.417569 1137.922852 292.165924 1287.181396 367.239227
frame00016 0.562905 630.096741 309.427643 757.104980 340.468658
frame00016 0.420829 1137.478638 291.910309 1287.412842 366.675690
frame00017 0.558302 631.638306 309.235962 757.628296 340.529205
frame00017 0.417263 1137.850464 292.279175 1287.777100 367.210419
frame00018 0.557566 631.421326 308.930511 757.116089 339.976593
frame00018 0.417262 1138.705688 291.091125 1287.783936 367.628418
frame00019 0.565537 630.594055 309.119324 758.505737 340.898560
frame00019 0.421348 1138.074097 291.494293 1288.335938 367.058167
frame00020 0.573041 630.133850 309.363190 757.506836 340.756622
frame00020 0.413661 1137.980591 291.945312 1287.140625 367.297363
frame00021 0.563701 628.857056 309.122986 758.788208 341.989990
frame00021 0.421876 1138.376953 291.367889 1287.547363 366.845551
frame00022 0.580338 629.781677 308.386353 758.897583 341.567932
frame00022 0.414899 1138.046753 292.284180 1286.302612 366.709808
frame00023 0.570605 628.823608 309.002228 759.046082 341.899780
frame00023 0.416475 1138.463257 291.260529 1286.310913 366.434937
frame00024 0.574176 626.083862 308.947693 757.797119 342.016418
frame00024 0.412043 1139.012573 292.389069 1286.447266 366.103973
frame00025 0.567849 624.043335 308.848053 757.098511 342.855438
frame00025 0.411732 1140.229980 291.340912 1285.868652 366.379150
frame00026 0.572042 620.950562 308.799255 755.885254 342.921509
frame00026 0.414425 1139.439697 292.059204 1286.510132 366.646912
frame00027 0.574519 621.911743 308.698334 756.250610 343.546570
frame00027 0.416770 1138.954956 290.916107 1286.397949 367.108978
frame00028 0.566618 620.411865 308.323273 756.345703 343.057068
frame00028 0.407629 1139.968018 291.894592 1284.135132 365.120972
frame00029 0.574300 621.347534 308.623596 757.443481 343.279724
frame00029 0.408962 1140.229370 291.850250 1286.012695 366.436188
frame00030 0.563350 621.429382 308.695099 758.283630 344.114655
frame00030 0.417297 1139.484375 291.530273 1286.956787 366.292603
frame00031 0.561464 622.990234 307.959076 758.694580 343.008820
frame00031 0.412435 1140.137451 291.810913 1285.524780 366.199219
frame00032 0.555513 623.792114 308.354614 759.493896 343.160309
frame00032 0.417582 1139.569824 291.242188 1286.169678 366.055389
frame00033 0.553518 622.161377 308.134583 760.039551 344.377106
frame00033 0.417492 1139.725098 291.100952 1286.405273 366.302032
frame00034 0.567558 624.070251 307.839050 760.853516 343.515991
frame00034 0.414752 1139.272339 291.734039 1285.505859 366.600983
frame00035 0.552127 620.299622 307.765625 761.324158 344.010040
frame00035 0.408411 1139.814209 292.100830 1283.147949 363.608246
frame00036 0.560621 618.957214 307.835876 759.517517 344.140686
frame00036 0.415270 1138.697510 292.306915 1285.340576 364.816681
frame00037 0.562609 620.407776 307.822723 760.883545 344.047974
frame00037 0.407778 1139.799316 292.011078 1284.997437 365.175201
frame00038 0.570233 619.252075 307.579773 761.128601 344.689545
frame00038 0.416902 1138.866455 291.251495 1285.757568 365.235168
frame00039 0.582991 617.788025 307.434570 760.174316 345.367126
frame00039 0.410307 1139.664551 290.464813 1286.312866 366.617554
frame00040 0.577670 618.317444 308.002136 759.792236 345.750122
frame00040 0.419184 1139.537842 290.424835 1286.349609 365.947540
frame00041 0.582523 619.043457 308.191467 758.984253 345.737030
frame00041 0.419990 1137.992188 291.270691 1286.695679 366.675446
frame00042 0.589267 616.562012 307.782715 760.649536 345.501770
frame00042 0.412527 1139.681152 291.345490 1285.884766 365.458618
frame00043 0.589357 614.621338 307.692993 759.515137 345.731995
frame00043 0.414036 1138.472534 290.884186 1286.082520 365.449463
frame00044 0.596246 612.873718 308.150482 758.841919 346.979034
frame00044 0.415970 1138.847046 290.880035 1286.595337 366.036316
frame00045 0.585601 612.297119 307.831390 759.759399 347.850891
frame00045 0.419136 1139.593384 290.364075 1286.112549 365.488953
frame00046 0.599807 613.771851 307.851349 759.329956 346.727112
frame00046 0.419743 1139.261475 290.272766 1286.891602 366.451508
frame00047 0.598413 613.782532 307.802124 759.421509 346.460968
frame00047 0.420490 1139.213989 290.151794 1287.002563 365.495941
frame00048 0.604244 613.819336 308.569275 759.033752 347.263885
frame00048 0.409700 1139.355957 290.703186 1285.402100 366.009491
frame00049 0.599065 610.104736 308.144073 758.159424 347.653778
frame00049 0.418219 1139.473511 290.493408 1286.234741 365.798004
frame00050 0.610977 609.135864 308.200745 759.457703 348.219299
frame00050 0.423807 1138.915283 290.149933 1288.215454 366.836426
frame00051 0.607493 611.539490 307.773773 760.376892 348.602844
frame00051 0.411889 1139.017456 289.544220 1284.744629 364.847961
frame00052 0.619592 611.043579 308.095917 760.500244 348.238678
frame00052 0.416912 1139.257812 290.280945 1287.018066 365.715820
frame00053 0.607274 609.586487 308.580414 758.347046 348.954224
frame00053 0.414895 1139.133179 290.814575 1286.328003 365.408661
frame00054 0.616441 607.943848 308.355957 757.326172 348.763275
frame00054 0.421572 1139.227417 290.964844 1287.515869 366.149780
frame00055 0.612415 606.156982 307.927856 758.765564 349.725555
frame00055 0.417496 1139.428345 289.423431 1286.278687 365.230103
frame00056 0.617809 605.841431 307.595428 758.981262 350.477142
frame00056 0.419349 1138.503296 289.801605 1286.174194 365.957581
frame00057 0.605480 606.744202 308.580963 757.066895 350.127441
frame00057 0.411314 1140.329834 290.417053 1285.546997 365.436096
frame00058 0.629825 605.408386 307.983246 758.534485 349.261932
frame00058 0.415955 1138.597900 289.896454 1286.049683 364.829041
frame00059 0.623396 604.028076 308.048737 756.443604 350.441620
frame00059 0.412794 1139.250977 290.244720 1286.234253 366.109436
frame00060 0.627082 600.900146 308.315765 755.833618 350.681488
frame00060 0.418416 1139.693848 289.598053 1286.988525 364.909729
frame00061 0.635247 603.133301 308.166016 756.901917 349.326721
frame00061 0.423818 1138.872559 289.802734 1287.784180 365.711182
frame00062 0.626097 601.581665 308.616974 755.156494 349.744110
frame00062 0.416832 1139.573975 289.611237 1287.335693 365.252075
frame00063 0.625672 597.268677 307.514221 755.286255 350.377045
frame00063 0.418946 1139.725464 289.432251 1286.448242 364.464325
frame00064 0.610896 596.531494 307.590118 754.396240 351.129150
frame00064 0.416676 1141.523926 289.182465 1287.205078 365.779755
frame00065 0.607826 595.058838 307.175812 754.320923 351.925781
frame00065 0.413598 1141.142700 289.588165 1285.958984 365.721161
frame00066 0.613066 591.366638 306.887726 752.498108 352.303986
frame00066 0.420572 1141.364502 288.801666 1287.282593 365.732971
frame00067 0.605269 591.419922 305.882446 752.944580 351.013123
frame00067 0.420361 1141.426025 289.078064 1286.214478 365.002869
frame00068 0.610760 588.196655 306.531738 750.629883 351.440674
frame00068 0.423253 1141.653809 288.563965 1286.965210 365.059418
frame00069 0.605307 589.520386 307.060760 749.202393 351.510895
frame00069 0.405990 1143.068970 289.967682 1284.363770 365.073975
frame00070 0.612672 584.634888 306.771210 747.876709 351.789520
frame00070 0.413169 1143.458496 287.934418 1286.621704 366.256378
frame00071 0.614487 582.780212 306.364288 748.014893 352.389160
frame00071 0.413179 1143.154785 288.515656 1285.728760 365.339111
frame00072 0.613877 581.997131 305.859558 747.556885 352.294403
frame00072 0.413906 1143.272949 288.624115 1285.540039 365.852203
frame00073 0.619664 581.930054 306.282837 745.372009 351.908905
frame00073 0.414151 1142.980713 288.060486 1285.713867 365.606384
frame00074 0.610286 579.682495 306.310486 747.174072 353.008270
frame00074 0.416235 1144.288818 287.859650 1286.433228 365.658691
frame00075 0.616555 584.096191 306.874207 746.046448 351.224609
frame00075 0.418058 1143.403564 288.728027 1286.828613 366.024933
frame00076 0.614151 579.310974 306.330444 746.805481 352.843384
frame00076 0.416595 1143.296875 288.393494 1284.019287 364.177246
frame00077 0.618920 584.065002 306.477966 748.556519 351.951904
frame00077 0.422531 1143.173096 287.979523 1286.320801 365.666931
frame00078 0.618418 582.507996 307.288666 746.673218 351.822968
frame00078 0.420788 1142.695312 289.111633 1285.813232 365.196869
frame00079 0.613578 580.303467 306.532257 746.768799 352.329681
frame00079 0.422155 1143.421387 288.233154 1285.871338 364.856049
frame00080 0.611042 579.201782 306.383209 745.855042 352.567535
frame00080 0.424867 1142.751709 287.882111 1286.482178 364.410400
frame00081 0.617542 576.790283 306.762665 743.761475 352.896881
frame00081 0.424269 1143.203247 287.671265 1287.006348 365.310638
frame00082 0.613392 575.119263 306.422394 744.246277 353.251099
frame00082 0.428437 1143.395630 287.688934 1287.486816 365.262115
frame00083 0.618677 573.871521 306.624329 743.848511 353.172821
frame00083 0.431273 1141.814331 288.048492 1287.510010 365.003815
frame00084 0.615838 574.139404 306.826721 743.571167 353.689545
frame00084 0.425044 1143.971680 288.365356 1286.639404 364.698364
frame00085 0.618080 571.051453 307.140900 744.791199 354.025055
frame00085 0.425158 1144.546143 288.174438 1286.939087 364.068115
frame00086 0.619504 569.663757 307.677765 742.857544 354.504974
frame00086 0.421781 1145.215820 288.831757 1285.672119 363.945251
frame00087 0.623865 569.519714 307.985443 741.725220 354.619141
frame00087 0.421150 1145.076172 288.444000 1285.694336 364.338318
frame00088 0.612879 569.235962 308.504364 740.949829 355.432953
frame00088 0.418468 1146.385742 288.701538 1284.437500 363.715698
frame00089 0.620112 567.584412 308.520782 738.882141 355.119843
frame00089 0.422922 1145.448730 289.035645 1284.971436 363.204285
frame00090 0.608767 568.611389 309.385468 737.875122 355.212097
frame00090 0.422589 1145.823730 289.703674 1284.907471 363.640808
frame00091 0.605865 565.758545 309.539978 736.263916 355.263367
frame00091 0.425993 1147.341797 288.880829 1285.116089 363.581512
frame00092 0.591625 564.932495 310.611145 733.134827 355.880676
frame00092 0.416283 1148.082520 289.793365 1282.861328 362.562347
frame00093 0.589041 565.504822 311.392212 731.294922 354.869446
frame00093 0.416087 1148.946045 289.931519 1282.672729 361.847412
frame00094 0.591589 565.574341 311.622528 731.437866 354.087372
frame00094 0.420213 1148.998047 289.969116 1282.957153 362.289062
frame00095 0.590241 565.292480 312.016663 730.178345 353.533203
frame00095 0.403625 1149.873291 290.871765 1280.786011 361.862396
frame00096 0.581052 562.930298 311.954193 724.651611 353.533752
frame00096 0.417494 1150.175537 289.951141 1282.362061 362.574677
frame00097 0.578143 560.199341 312.816650 723.649048 353.920349
frame00097 0.411763 1149.800171 290.746155 1281.526611 362.133240
frame00098 0.579259 561.845032 312.373596 721.277954 352.567383
frame00098 0.405511 1152.007568 290.303741 1280.048340 362.310699
frame00099 0.572853 563.266113 312.220184 719.135498 352.047211
frame00099 0.412838 1151.273682 289.760956 1281.278076 363.363220
frame00100 0.563491 567.049072 312.574951 719.201660 350.288391
frame00100 0.408542 1151.346191 290.566071 1281.047607 363.379059
frame00101 0.575468 565.449585 312.267487 719.104553 350.690002
frame00101 0.404767 1151.453247 290.169067 1280.485718 363.250580
frame00102 0.563685 567.900330 314.057587 718.169006 350.188385
frame00102 0.403352 1151.894043 291.490967 1279.295776 361.975037
frame00103 0.571281 569.546387 314.235870 717.362549 349.518494
frame00103 0.404244 1151.543579 290.174469 1280.879883 363.508362
frame00104 0.571601 570.665955 314.571716 718.490234 348.951569
frame00104 0.393057 1151.073242 291.640930 1277.907715 362.047913
frame00105 0.567847 571.860107 314.331451 716.990601 348.340973
frame00105 0.399902 1151.259033 290.572723 1280.157959 363.880096
frame00106 0.574927 572.318542 315.270630 715.005981 348.008179
frame00106 0.402909 1149.509521 290.912292 1280.809448 364.304932
frame00107 0.567256 575.992188 315.392883 716.710449 347.539581
frame00107 0.396810 1150.408691 290.718292 1280.315063 364.235443
frame00108 0.581992 574.067322 315.843536 718.839172 348.426727
frame00108 0.390070 1149.697754 291.180359 1279.575928 363.773163
frame00109 0.580253 570.148071 315.945648 713.818909 348.792358
frame00109 0.389452 1151.337769 290.767670 1278.297852 363.564819
frame00110 0.576217 573.112122 316.725189 714.225830 348.192383
frame00110 0.207905 687.770264 310.157806 831.403198 357.809143
frame00110 0.390458 1149.918335 291.315460 1278.970825 363.639679
frame00111 0.564108 573.874451 316.329224 714.104370 348.124298
frame00111 0.394741 1151.126587 290.247131 1280.268311 364.499451
frame00112 0.555936 573.703979 316.317017 713.027649 347.886841
frame00112 0.214484 690.108948 309.686493 830.984375 356.991577
frame00112 0.393369 1150.866821 290.888275 1279.414551 364.504913
frame00113 0.561132 574.491516 316.529083 714.000305 346.678314
frame00113 0.219907 688.934326 309.899109 827.977600 355.979767
frame00113 0.388220 1149.433105 291.555023 1278.339111 363.948456
frame00114 0.561656 573.852417 316.942108 713.749878 346.791840
frame00114 0.231402 688.049072 309.702545 827.994019 355.786621
frame00114 0.395641 1148.821777 290.924286 1279.972656 364.081512
frame00115 0.554033 571.684448 317.588348 709.512939 346.885406
frame00115 0.238332 690.294739 309.699615 825.918030 354.978943
frame00115 0.394537 1148.953857 291.736847 1278.345337 364.322723
frame00116 0.543016 570.668274 317.410828 706.805908 346.737579
frame00116 0.240972 689.965698 309.281250 825.202148 354.970093
frame00116 0.384994 1149.693115 292.084351 1276.878906 363.514648
frame00117 0.547114 566.745850 317.787048 707.232666 347.520782
frame00117 0.237947 687.941284 309.733978 826.619995 356.125214
frame00117 0.388115 1149.374878 292.457001 1276.950806 363.226410
frame00118 0.559329 565.708618 317.387085 706.313232 347.002960
frame00118 0.221866 687.442566 309.375824 828.812805 356.423126
frame00118 0.395869 1147.327637 292.124908 1279.340332 364.368835
frame00119 0.560813 560.836548 316.972412 704.982361 347.814941
frame00119 0.247562 684.830322 307.471954 826.763184 355.746948
frame00119 0.390446 1148.724121 291.200836 1278.064941 364.633240
frame00120 0.560856 557.487305 317.766998 700.830139 347.733643
frame00120 0.253854 684.978699 307.966766 826.230103 355.443665
frame00120 0.393190 1147.599365 292.101837 1278.523315 363.740204
frame00121 0.549070 553.311646 318.760468 695.696350 349.269135
frame00121 0.257561 686.753052 308.219727 827.140381 355.723450
frame00121 0.383098 1149.999512 291.960632 1277.017456 363.179718
frame00122 0.543666 553.098267 318.606598 693.496399 348.481964
frame00122 0.273157 686.963501 307.492401 826.243896 354.603882
frame00122 0.385883 1149.644653 291.864105 1276.664062 364.333191
frame00123 0.543680 555.127869 318.240051 699.456909 348.899902
frame00123 0.283202 683.891602 306.805481 825.401611 354.758392
frame00123 0.391462 1147.365845 291.811615 1278.009521 364.458099
frame00124 0.215602 436.095337 312.816162 586.940002 365.100006
frame00124 0.523861 551.659485 318.883240 695.725220 348.778656
frame00124 0.288261 685.894226 306.912659 824.971069 353.479004
frame00124 0.391143 1148.039062 291.973907 1278.250977 363.277710
frame00125 0.227601 436.804169 312.136871 594.388550 366.911469
frame00125 0.530916 548.420898 318.072815 697.908325 348.757904
frame00125 0.272479 685.143677 306.389069 825.804688 353.261597
frame00125 0.391936 1146.665649 291.781769 1279.103882 362.836029
frame00126 0.247193 440.268494 312.731110 598.539429 369.229065
frame00126 0.508248 548.360107 318.089081 697.695251 349.356567
frame00126 0.271478 686.787354 306.021606 825.755066 352.540375
frame00126 0.403335 1146.122192 292.702087 1280.645996 363.828949
frame00127 0.290629 441.665039 312.850830 599.206848 368.458221
frame00127 0.485953 554.155518 317.199371 705.934937 347.564240
frame00127 0.278190 685.355469 305.510681 822.844910 350.821075
frame00127 0.392452 1144.784546 293.783569 1279.066895 362.960297
frame00128 0.333818 442.963898 312.681793 598.292664 369.292511
frame00128 0.442122 558.227417 317.099884 707.020386 347.179718
frame00128 0.295894 684.376831 305.501862 820.173462 350.478943
frame00128 0.399905 1144.059692 295.008972 1280.374756 363.561798
frame00129 0.374796 442.240234 312.171478 598.393616 370.031158
frame00129 0.417858 565.958923 316.121918 712.232605 345.734497
frame00129 0.309390 681.255798 304.476624 818.648193 350.046448
frame00129 0.404994 1142.113403 295.211334 1282.154541 364.914978
frame00130 0.438021 439.646179 311.367523 599.851135 372.073883
frame00130 0.379123 572.879700 314.532288 720.823914 344.768127
frame00130 0.311657 679.755188 303.112457 817.115723 348.998596
frame00130 0.406481 1139.901733 296.618469 1282.428223 364.939911
frame00131 0.479991 439.103668 312.139984 600.020386 373.276459
frame00131 0.353009 576.037659 314.532501 722.427612 344.600891
frame00131 0.312907 678.517151 303.345795 817.853699 349.516327
frame00131 0.416058 1138.579956 297.945770 1283.103516 365.885590
frame00132 0.546934 436.243286 311.978271 595.778870 373.946228
frame00132 0.304068 580.789062 313.568542 725.637939 344.564758
frame00132 0.316729 681.748657 302.312286 817.131958 347.976074
frame00132 0.413206 1139.056885 298.193573 1282.307129 366.551453
frame00133 0.584678 434.477905 311.226379 595.943359 375.443085
frame00133 0.257452 583.287109 312.490234 725.018372 343.921753
frame00133 0.352273 684.401917 301.357452 816.372437 346.129181
frame00133 0.404854 1138.722656 298.968323 1280.156250 367.843597
frame00134 0.591240 432.224091 311.899872 590.883362 375.517242
frame00134 0.221040 585.833069 312.600464 726.001038 344.074249
frame00134 0.370470 686.381531 301.243073 817.132568 344.961151
frame00134 0.401252 1139.506592 300.052856 1279.392822 367.270172
frame00135 0.602489 427.460754 311.156250 592.014038 377.721283
frame00135 0.203133 591.440430 311.781982 732.692261 343.799896
frame00135 0.375869 684.994446 300.882874 815.750183 344.162903
frame00135 0.406130 1137.479126 300.545959 1280.345581 367.277771
frame00136 0.607474 426.509583 311.277313 589.625122 377.193176
frame00136 0.204050 592.220947 311.966644 733.562500 344.128326
frame00136 0.379095 684.829346 301.144409 816.326965 344.722076
frame00136 0.400570 1138.001831 300.834442 1279.325073 367.412292
frame00137 0.602403 422.669373 311.733246 585.559021 376.398895
frame00137 0.391836 688.831116 301.475861 819.214844 343.933868
frame00137 0.398893 1140.551758 300.198334 1279.417114 367.223267
frame00138 0.601381 417.645416 312.200867 586.271667 379.658539
frame00138 0.401165 691.038452 301.613312 818.453613 342.616516
frame00138 0.404424 1139.408936 300.975037 1279.474365 367.624847
frame00139 0.608280 412.291870 311.333954 582.959290 379.860413
frame00139 0.417624 689.602783 300.709595 820.000732 342.541321
frame00139 0.403717 1139.777344 300.120056 1280.103516 368.243011
frame00140 0.610589 411.353210 312.121338 578.593018 379.405243
frame00140 0.417696 692.487854 302.012543 818.859802 341.944122
frame00140 0.398771 1138.693481 301.297485 1278.182861 369.096771
frame00141 0.630691 404.706665 312.026520 574.720703 381.969727
frame00141 0.427968 691.418091 301.339478 819.511780 341.181824
frame00141 0.393480 1138.322510 302.153625 1277.500610 369.013672
frame00142 0.655542 401.464722 312.056274 569.960510 381.440582
frame00142 0.430528 696.015930 301.519043 821.841309 340.320709
frame00142 0.393400 1139.138306 301.876862 1276.531250 369.825348
frame00143 0.658304 398.506927 312.116150 565.934692 381.276733
frame00143 0.422881 691.197754 300.592407 824.657654 340.981628
frame00143 0.388534 1139.643311 302.210602 1277.372559 370.818359
frame00144 0.675491 392.107788 311.513000 564.721802 383.139832
frame00144 0.430953 691.585144 300.790588 824.811646 341.052673
frame00144 0.394243 1139.016357 301.660614 1277.113281 370.758545
frame00145 0.668146 385.224854 312.190216 562.752014 384.642975
frame00145 0.431655 694.707764 301.063232 827.344849 340.520691
frame00145 0.395441 1140.081421 302.076569 1276.561035 370.835480
frame00146 0.669205 375.796753 311.315277 561.031982 385.448883
frame00146 0.443876 692.322083 300.844452 828.835571 341.023987
frame00146 0.388293 1139.043213 302.169159 1275.244385 370.594116
frame00147 0.656724 368.082581 310.966980 556.930664 385.201172
frame00147 0.424630 695.036499 300.845337 829.978943 340.758972
frame00147 0.394925 1140.065430 301.492920 1275.834595 371.084137
frame00148 0.652451 358.654327 311.407288 553.895996 387.887665
frame00148 0.405494 691.785889 300.749695 829.349670 341.284973
frame00148 0.400998 1138.583618 301.617157 1275.734497 370.724243
frame00149 0.649850 351.893951 311.699738 548.979858 387.957458
frame00149 0.393355 692.720215 300.788544 829.915894 341.170105
frame00149 0.393859 1139.626099 301.376495 1274.533203 370.982391
frame00150 0.632237 339.112793 312.164856 544.721069 389.465149
frame00150 0.371056 696.396545 301.909485 831.789307 341.559448
frame00150 0.402543 1139.646729 300.553741 1275.273315 371.412689
frame00151 0.611776 328.153107 311.936523 537.188477 391.062897
frame00151 0.365062 698.432617 302.038177 833.422241 341.723358
frame00151 0.394624 1141.325439 299.221863 1274.749390 371.127960
frame00152 0.620909 321.540466 311.316589 528.844238 390.882263
frame00152 0.373740 706.003479 302.934631 833.879333 341.052673
frame00152 0.391007 1141.737793 298.963379 1272.712036 371.322021
frame00153 0.614783 314.363129 312.559265 524.164368 392.964050
frame00153 0.363696 704.955688 303.447418 834.909119 342.065094
frame00153 0.385449 1142.126343 299.457001 1272.350952 371.485748
frame00154 0.614617 307.817230 312.583405 519.216675 395.176331
frame00154 0.217727 628.779419 306.682312 774.586060 345.483032
frame00154 0.344385 700.448547 302.921661 835.916504 343.249908
frame00154 0.387158 1141.916626 298.004333 1273.841797 372.575195
frame00155 0.632644 299.839935 312.806396 513.552734 396.722198
frame00155 0.213298 625.273682 305.542053 775.458313 347.185791
frame00155 0.322843 698.233276 302.061615 840.000061 344.918549
frame00155 0.395112 1142.713745 297.312714 1274.764282 372.892914
frame00156 0.634884 291.657379 312.213501 510.299408 398.854614
frame00156 0.229950 627.409424 305.246246 775.664001 347.070496
frame00156 0.332162 700.249756 302.319427 842.190674 345.433197
frame00156 0.389887 1142.672485 296.432526 1274.786865 374.906647
frame00157 0.643556 276.706055 312.764618 508.840149 402.173767
frame00157 0.261355 630.143860 305.698456 775.899902 346.038147
frame00157 0.322114 701.180908 303.151123 842.298889 345.275604
frame00157 0.384696 1141.604614 295.785553 1275.305054 375.525452
frame00158 0.626606 262.994354 313.514435 504.389008 403.789093
frame00158 0.268574 628.232178 305.205109 775.565857 346.598511
frame00158 0.296953 700.877808 303.145355 846.364441 345.964172
frame00158 0.405447 1141.634277 294.351776 1279.671021 376.302307
frame00159 0.574439 250.008118 314.485260 501.771423 406.029297
frame00159 0.293885 635.140625 306.397888 774.218994 344.395172
frame00159 0.319581 705.639038 304.838409 846.797485 344.480774
frame00159 0.399874 1140.878662 294.108948 1279.557129 376.961090
frame00160 0.458342 244.149963 315.258209 494.482452 405.124420
frame00160 0.305476 638.137634 307.096161 772.203064 342.992004
frame00160 0.323710 710.668823 306.022156 849.540894 343.254059
frame00160 0.401174 1143.153931 293.073792 1281.737549 376.248169
frame00161 0.497190 211.409882 311.737244 507.884949 415.900238
frame00161 0.323560 642.698059 308.051666 774.136963 341.940491
frame00161 0.314794 713.088867 306.625702 848.983765 342.102264
frame00161 0.395959 1141.817383 294.039276 1280.506836 374.618866
frame00162 0.658440 195.690323 312.917480 510.927582 421.167145
frame00162 0.329197 643.017090 307.875946 777.122925 342.287262
frame00162 0.287772 707.356262 305.948944 850.029602 343.651093
frame00162 0.399115 1141.447876 293.774719 1282.370605 373.124420
frame00163 0.671257 186.519501 314.525024 497.145660 421.627991
frame00163 0.350301 642.688110 307.984772 774.658325 340.113983
frame00163 0.264258 708.420349 306.054962 847.654663 342.845215
frame00163 0.397311 1139.922363 293.840851 1283.237427 370.470642
frame00164 0.667359 178.447235 314.929810 483.892029 421.220245
frame00164 0.339074 641.072144 307.984222 773.974243 340.044342
frame00164 0.283542 710.722595 306.143250 849.446655 342.537781
frame00164 0.398892 1138.787109 294.282867 1282.970093 369.843536
frame00165 0.695588 175.423050 317.068787 479.587463 422.429901
frame00165 0.332512 641.256226 307.555817 770.144653 338.733948
frame00165 0.277042 712.503601 306.017212 850.708984 343.130493
frame00165 0.390920 1139.882568 294.673309 1280.927979 369.657379
frame00166 0.715611 167.824997 319.134277 477.745514 425.779510
frame00166 0.379359 642.706787 307.647522 768.523682 336.560883
frame00166 0.234648 709.910645 306.122284 846.617371 344.537567
frame00166 0.382386 1138.086670 294.595184 1279.749268 369.349609
frame00167 0.691625 150.886292 323.268616 462.929321 427.475403
frame00167 0.365808 640.995972 308.315369 763.538940 335.855347
frame00167 0.229180 721.281250 307.082336 847.583496 342.567413
frame00167 0.367996 1137.225586 297.455231 1275.875610 367.621094
frame00168 0.674693 138.423798 324.554230 450.672424 426.330627
frame00168 0.367856 640.239197 307.728333 761.088928 335.127502
frame00168 0.209817 726.081238 307.127686 847.497559 342.521454
frame00168 0.368763 1137.134399 298.104980 1275.552002 367.116638
frame00169 0.694384 126.144608 325.289856 429.011353 424.683838
frame00169 0.380803 638.208252 307.352509 759.993896 335.583435
frame00169 0.356891 1136.403809 299.323120 1272.332031 366.045532
frame00170 0.731054 115.517944 323.568756 415.913147 427.670074
frame00170 0.387296 637.351868 306.988800 760.504639 336.839294
frame00170 0.353109 1136.380493 298.697693 1272.050537 367.126862
frame00171 0.723431 107.539810 321.426361 394.873718 430.589081
frame00171 0.385902 637.631531 307.402832 756.597778 337.134979
frame00171 0.346429 1137.754883 299.091461 1268.690674 367.704773
frame00172 0.719021 96.930176 320.566528 391.324097 434.102142
frame00172 0.384812 634.741028 306.177734 758.662415 337.466583
frame00172 0.354826 1139.885986 297.837738 1270.655762 369.338409
frame00173 0.207649 383.096069 271.267609 477.924805 313.379395
frame00173 0.690297 88.931824 318.678040 383.649536 437.644073
frame00173 0.410124 634.608032 304.860657 763.045959 339.016449
frame00173 0.371193 1141.360107 295.497772 1272.137207 371.514404
frame00174 0.689593 64.959450 315.548737 387.873474 443.540985
frame00174 0.419549 636.219727 305.768494 759.555298 337.305420
frame00174 0.376009 1141.750977 295.023468 1273.861572 375.105225
frame00175 0.599944 47.466125 310.508667 374.878479 449.074585
frame00175 0.430112 641.392456 306.071930 758.967834 337.094910
frame00175 0.394541 1141.912476 292.395721 1276.280273 379.338776
frame00176 0.437160 51.440895 306.472900 365.805054 448.733826
frame00176 0.439244 643.981018 305.733643 763.166809 338.517578
frame00176 0.394648 1141.363281 291.692902 1279.322021 380.525177
frame00177 0.564820 27.049990 294.807007 323.520477 471.568878
frame00177 0.444321 643.621277 304.923065 766.872192 339.284698
frame00177 0.403096 1139.266235 291.211456 1283.442139 380.499512
frame00178 0.598343 22.314539 298.008240 306.803040 468.516510
frame00178 0.433632 641.580811 304.934021 770.397217 341.382629
frame00178 0.402410 1140.207397 291.652985 1284.580200 378.728088
frame00179 0.605986 19.800158 298.518158 296.229004 468.753418
frame00179 0.447558 640.668945 304.474243 771.089478 340.714111
frame00179 0.405439 1138.468750 293.214417 1283.770264 377.454956
frame00180 0.583905 20.500708 299.443817 292.098938 469.166931
frame00180 0.456578 639.503235 305.187439 770.122559 340.651978
frame00180 0.414271 1139.331177 292.920288 1284.863770 376.929688
frame00181 0.630545 11.068707 303.543884 288.084503 471.137299
frame00181 0.458464 634.539673 306.105011 770.781250 342.684235
frame00181 0.403095 1139.102905 294.844238 1285.334717 375.670074
frame00182 0.617047 6.746540 307.595551 266.401978 467.252533
frame00182 0.455948 635.043457 305.544128 776.862793 342.724121
frame00182 0.402314 1139.781982 295.972870 1285.348145 374.641296
frame00183 0.623619 0.000000 307.614899 258.525757 469.176514
frame00183 0.455471 637.229187 305.813965 779.987427 342.827423
frame00183 0.402190 1138.624023 296.634949 1285.809937 374.897003
frame00184 0.603303 0.000000 308.447693 241.352112 468.699341
frame00184 0.451613 635.579895 306.153229 779.750610 341.941864
frame00184 0.398643 1140.192261 297.016479 1285.479736 373.263062
frame00185 0.631920 0.000000 307.139740 230.965118 468.989960
frame00185 0.437498 632.836731 305.649353 781.040649 342.384766
frame00185 0.393166 1140.324463 296.576355 1284.777222 373.236084
frame00186 0.592448 0.000000 308.325531 216.283386 459.030884
frame00186 0.442748 635.178772 304.878296 781.477417 341.812775
frame00186 0.387178 1142.557495 296.287811 1284.586182 373.303497
frame00187 0.573982 0.000000 305.625610 192.917450 459.154327
frame00187 0.427808 635.299133 304.667328 782.621948 340.083862
frame00187 0.378283 1141.007202 296.859375 1283.859375 371.725128
frame00188 0.537415 0.000000 306.779388 168.386078 460.069916
frame00188 0.433511 635.590149 304.211670 787.250671 340.944183
frame00188 0.371584 1139.999756 296.573364 1283.829590 372.100464
frame00189 0.468538 0.000000 312.415436 147.960510 444.033447
frame00189 0.394805 634.081970 303.164978 783.304382 341.102844
frame00189 0.373074 1138.671021 295.428467 1282.609863 373.059601
frame00190 0.432344 0.000000 317.291473 135.480774 441.656860
frame00190 0.402646 636.383789 304.086487 786.229187 340.944214
frame00190 0.370198 1138.242920 295.488312 1283.582886 372.307220
frame00191 0.304749 1.929250 320.331909 131.150497 432.611267
frame00191 0.415823 639.971802 304.471161 782.713745 338.635742
frame00191 0.375374 1138.119629 293.468933 1284.132690 372.185333
frame00192 0.227902 8.915429 325.177673 117.001053 428.445221
frame00192 0.398310 638.402771 303.432068 783.311646 339.095581
frame00192 0.228045 879.832642 290.085144 1045.605713 363.801178
frame00192 0.365634 1135.032837 291.968170 1281.703003 371.760956
frame00193 0.393152 647.254578 303.787506 767.227722 335.755280
frame00193 0.245546 879.542297 290.528198 1038.944458 359.686127
frame00193 0.389839 1137.366211 286.265442 1280.625122 372.787628
frame00194 0.402100 646.648254 304.729797 764.247437 335.776642
frame00194 0.264171 878.623047 290.027679 1039.378540 357.492828
frame00194 0.399710 1139.560913 284.097961 1279.496704 372.778290
