frame00192 0.424832 433.139313 334.704376 539.766052 376.777832
frame00192 0.316242 925.148560 333.887085 1078.694702 379.935028
frame00192 0.520312 1096.591675 351.771423 1249.071167 406.489044
frame00193 0.434080 431.463135 336.617188 534.914978 374.861938
frame00193 0.311674 927.041138 334.223328 1071.545532 377.429901
frame00193 0.535450 1097.292236 350.108215 1247.230713 403.352051
frame00194 0.458588 437.074341 335.738281 538.413086 374.214386
frame00194 0.317299 927.136780 332.522522 1074.593628 377.626312
frame00194 0.524239 1096.008057 349.498260 1247.334595 404.030457
frame00195 0.448650 432.516541 336.686981 533.933472 374.847260
frame00195 0.297275 928.770691 333.985748 1072.749390 378.421326
frame00195 0.532891 1095.187988 350.315796 1245.039307 403.611176
frame00196 0.445799 438.199005 339.385681 534.034973 375.394775
frame00196 0.303742 929.059448 334.751801 1076.628296 379.676483
frame00196 0.513910 1097.835938 351.649292 1247.465210 405.040527
frame00197 0.437948 437.498535 339.938690 532.079468 374.867157
frame00197 0.284070 930.511963 335.143951 1074.663208 379.572815
frame00197 0.529573 1096.618774 351.621216 1248.546021 405.170807
frame00198 0.412486 433.804199 339.769531 530.111145 374.676117
frame00198 0.289568 930.011475 335.261230 1070.726929 378.061615
frame00198 0.531790 1095.009521 350.286835 1246.986328 402.651672
frame00199 0.437024 429.232635 338.423340 530.992981 375.685516
frame00199 0.296549 930.737976 334.553040 1075.077881 378.330231
frame00199 0.526328 1095.202148 350.706146 1244.108643 401.954559
frame00200 0.442933 435.731750 340.586853 529.255859 374.899811
frame00200 0.310288 928.052002 335.330170 1074.647095 379.613770
frame00200 0.525655 1095.923584 351.479523 1248.681396 404.886963
frame00201 0.441593 433.652710 339.567200 530.071960 374.864166
frame00201 0.312727 929.681458 334.593048 1076.338623 379.045410
frame00201 0.532186 1094.548584 350.567963 1249.650024 405.105011
frame00202 0.450236 429.753754 338.356842 530.120728 375.119171
frame00202 0.291105 930.573975 334.336182 1074.705078 378.191772
frame00202 0.525720 1096.087280 350.924622 1243.856689 402.275391
frame00203 0.448396 432.457458 339.534912 530.480591 376.505463
frame00203 0.316138 928.125854 334.653137 1076.213867 379.509888
frame00203 0.517150 1098.647583 351.388123 1246.918091 404.785553
frame00204 0.448774 430.535431 340.060059 532.219360 378.393616
frame00204 0.308563 928.616333 335.282959 1074.874146 379.632782
frame00204 0.511991 1098.342773 352.385071 1245.819580 406.013672
frame00205 0.445089 427.972900 339.597443 530.051697 377.635803
frame00205 0.305227 929.804688 335.212036 1077.568481 379.913177
frame00205 0.523769 1095.283569 352.307587 1246.393921 405.878693
frame00206 0.432245 428.416138 339.420563 526.820557 374.918762
frame00206 0.294490 933.235413 334.630463 1072.714478 377.048859
frame00206 0.526725 1095.449341 349.687531 1245.015747 402.166809
frame00207 0.438364 429.036255 339.943024 526.952881 375.359863
frame00207 0.296077 932.707764 334.697845 1073.148071 377.337494
frame00207 0.523041 1096.354004 350.027985 1244.179932 401.860199
frame00208 0.425991 425.953735 339.389679 527.088745 376.991119
frame00208 0.319786 929.249207 334.646973 1076.659424 378.670319
frame00208 0.528300 1095.624512 351.319672 1246.950317 405.461609
frame00209 0.424634 421.263977 340.157440 524.733032 378.311127
frame00209 0.327633 929.236816 334.932007 1077.811157 378.505005
frame00209 0.522730 1096.988403 351.404419 1246.280273 405.535400
frame00210 0.399113 417.036285 339.218018 524.000610 377.208405
frame00210 0.311730 932.512512 334.440460 1079.087036 377.926971
frame00210 0.539275 1094.052612 350.485352 1248.311401 406.516113
frame00211 0.426256 422.534790 340.965790 523.287476 377.654297
frame00211 0.300352 936.231079 334.781067 1081.938965 378.296967
frame00211 0.517253 1095.707764 351.649048 1245.873047 405.372467
frame00212 0.412172 411.074158 337.639282 526.930420 380.203339
frame00212 0.310790 934.247131 333.815399 1084.347046 378.509949
frame00212 0.527879 1095.205933 352.040375 1246.424683 407.592743
frame00213 0.407926 416.210388 339.559692 523.050232 378.047028
frame00213 0.297000 933.638184 334.557922 1079.776611 378.315918
frame00213 0.540684 1093.468384 351.305237 1248.127075 407.785156
frame00214 0.384919 415.222839 339.694702 524.707092 380.743134
frame00214 0.333050 929.821533 335.231476 1077.984985 378.712219
frame00214 0.532022 1094.790527 352.439606 1249.671875 409.080383
frame00215 0.385192 408.531067 336.513824 530.781006 381.571655
frame00215 0.348298 929.594727 335.145721 1081.550781 379.332336
frame00215 0.524783 1097.494995 353.356323 1251.447388 409.941833
frame00216 0.378844 402.480957 336.220520 531.311462 383.950958
frame00216 0.335576 936.257263 335.678192 1082.176025 378.461548
frame00216 0.529704 1095.721069 354.514984 1248.229492 408.959290
frame00217 0.367929 411.403870 339.480347 527.763794 382.830627
frame00217 0.335872 931.960510 335.829865 1082.597778 380.105530
frame00217 0.522607 1095.735840 352.996368 1249.600586 409.960205
frame00218 0.405116 403.591187 336.499786 529.939392 383.774536
frame00218 0.335049 934.423706 334.464264 1084.446289 378.924774
frame00218 0.523045 1097.618652 353.444366 1247.666992 409.866302
frame00219 0.401536 417.004578 342.482758 525.190491 380.487274
frame00219 0.321888 933.567749 336.255219 1077.183960 378.992859
frame00219 0.523279 1093.720093 351.348511 1250.373413 407.949493
frame00220 0.401900 418.046204 340.158142 526.356812 379.962982
frame00220 0.313101 925.276733 335.541809 1073.775146 379.712524
frame00220 0.523136 1097.019165 352.182068 1249.568604 409.384949
frame00221 0.387457 420.274414 340.654266 527.195984 379.731323
frame00221 0.336495 926.482239 335.969208 1075.422485 379.694489
frame00221 0.527264 1096.962891 351.613922 1250.860352 407.853271
frame00222 0.398857 421.094086 341.526184 526.212708 379.914307
frame00222 0.328623 927.138794 336.092010 1075.149170 379.379242
frame00222 0.520291 1096.988525 351.500793 1248.582764 406.095032
frame00223 0.403643 417.245758 340.030182 528.128723 380.794037
frame00223 0.327415 926.802124 336.024017 1074.391968 379.534515
frame00223 0.524539 1096.903076 351.210785 1250.111816 407.952026
frame00224 0.413834 415.951050 340.774170 525.645935 379.931976
frame00224 0.334033 927.256958 335.959290 1075.716064 379.229431
frame00224 0.517273 1097.198730 351.317871 1248.794434 407.236786
frame00225 0.377421 407.385864 339.081543 527.612244 383.915161
frame00225 0.335704 926.554688 335.846741 1075.178345 379.138092
frame00225 0.518345 1099.328491 352.689362 1248.069946 409.137817
frame00226 0.396450 410.406250 340.110382 525.836792 383.198059
frame00226 0.333500 931.988892 335.945984 1076.123413 378.045227
frame00226 0.516571 1098.152344 352.210815 1246.346436 407.495911
frame00227 0.390804 413.126831 341.722107 522.812195 381.526428
frame00227 0.321353 933.682983 335.968536 1078.199463 378.560425
frame00227 0.515581 1097.755249 351.727570 1246.503418 405.947998
frame00228 0.419621 410.189850 340.685638 522.096741 381.872498
frame00228 0.301953 937.616943 335.056061 1079.725830 376.462921
frame00228 0.536578 1094.696167 351.073395 1243.337402 403.654388
frame00229 0.394636 409.330688 341.731354 521.303223 381.678040
frame00229 0.302531 939.579407 335.433014 1082.888306 376.889679
frame00229 0.538605 1093.134888 351.056152 1245.450562 404.470551
frame00230 0.419682 407.821899 340.597443 522.076660 382.400940
frame00230 0.309601 939.223694 335.085724 1084.847778 377.216095
frame00230 0.525767 1095.369141 351.971252 1243.761475 404.921204
frame00231 0.405817 400.889832 339.195282 523.851868 385.196686
frame00231 0.311264 934.482056 334.759125 1083.810669 378.479645
frame00231 0.526784 1096.939209 352.768707 1246.084473 409.536011
frame00232 0.391150 396.339752 338.773529 524.694580 386.896881
frame00232 0.321923 935.948608 334.949402 1083.771729 378.089935
frame00232 0.516882 1100.280273 352.882843 1245.431030 409.069672
frame00233 0.392537 398.193787 339.090149 527.730957 387.807678
frame00233 0.345017 932.413330 335.824432 1082.941650 379.320862
frame00233 0.519969 1099.657227 353.884766 1247.030518 410.176361
frame00234 0.328828 397.954590 340.098022 524.210754 387.743988
frame00234 0.339732 932.877869 337.071411 1082.027344 380.488342
frame00234 0.541994 1094.170166 354.244781 1251.812866 414.177460
frame00235 0.385959 398.413391 341.150238 520.748657 387.407959
frame00235 0.326912 934.829224 336.494232 1083.917847 379.840790
frame00235 0.522655 1094.334839 353.515686 1244.560669 409.806824
frame00236 0.423376 393.802460 339.028748 521.778503 387.665497
frame00236 0.341800 934.358582 335.916626 1080.702271 377.830353
frame00236 0.514670 1099.379028 354.297791 1245.425659 410.108002
frame00237 0.402868 398.502167 341.514404 519.948975 387.801971
frame00237 0.350729 932.917114 336.323792 1079.490723 377.864380
frame00237 0.508592 1102.057007 354.128845 1245.570557 408.415375
frame00238 0.420383 401.237427 343.396759 516.097900 385.968079
frame00238 0.345401 932.544067 336.083374 1078.117920 377.953583
frame00238 0.511130 1101.056396 352.066895 1248.869995 410.420593
frame00239 0.409228 393.563416 339.997925 518.208130 387.609924
frame00239 0.325703 933.363159 335.489716 1078.811523 377.884552
frame00239 0.520130 1099.268433 352.902649 1245.368286 411.137421
frame00240 0.388149 392.137207 340.973145 516.636047 387.391052
frame00240 0.320649 934.925476 335.762756 1081.561157 377.419556
frame00240 0.516196 1099.551880 352.666168 1243.589233 408.657806
frame00241 0.392486 398.531067 344.357300 512.846802 385.022705
frame00241 0.312463 932.410156 336.358246 1075.049072 377.779907
frame00241 0.521909 1098.416382 350.188782 1244.988647 407.724365
frame00242 0.388290 394.862427 341.714691 514.716125 386.260895
frame00242 0.320528 930.801147 335.462311 1075.504517 377.757080
frame00242 0.525208 1099.218018 351.392212 1245.671875 409.867615
frame00243 0.404492 395.246765 342.066406 513.196655 386.093506
frame00243 0.316463 928.283997 334.980743 1075.825928 378.479553
frame00243 0.522188 1100.103027 351.113312 1244.609253 410.450378
frame00244 0.400464 391.324768 340.963379 510.997375 384.657196
frame00244 0.314159 936.852478 335.489532 1076.846069 376.316071
frame00244 0.519037 1100.708984 350.224091 1242.866699 407.078247
frame00245 0.403918 388.760010 342.063904 508.472748 386.561646
frame00245 0.304398 933.600525 334.797241 1082.232422 377.520233
frame00245 0.527464 1098.416138 351.331543 1243.598755 410.007233
frame00246 0.405325 388.928986 342.159454 503.899475 386.070862
frame00246 0.300701 932.796509 335.235046 1075.256836 377.338013
frame00246 0.527187 1100.974365 351.646454 1244.236938 411.778656
frame00247 0.412295 381.787109 339.423279 504.338074 386.713501
frame00247 0.323718 933.167786 334.186951 1081.084229 376.591919
frame00247 0.529766 1100.049561 351.344177 1243.516968 410.453247
frame00248 0.392489 377.245605 340.312683 500.298492 386.778503
frame00248 0.328760 932.516968 335.382996 1079.491699 376.692963
frame00248 0.508872 1105.396362 352.643738 1245.561890 412.021667
frame00249 0.405761 379.023712 343.533844 495.283081 386.938873
frame00249 0.325824 936.857971 335.744507 1078.544678 376.075714
frame00249 0.508623 1103.564575 350.877045 1244.965454 410.829437
frame00250 0.424470 376.360352 342.450806 495.847656 387.762268
frame00250 0.319592 935.949341 336.145538 1074.845459 376.024475
frame00250 0.517232 1102.386597 352.665466 1242.534668 411.996704
frame00251 0.424941 372.685913 341.194641 498.041443 387.480530
frame00251 0.315165 935.698914 335.703125 1081.010254 376.314392
frame00251 0.505930 1103.107056 352.461304 1243.131592 411.190704
frame00252 0.402216 373.928406 341.835022 495.473511 387.795715
frame00252 0.338035 934.328674 335.069153 1083.407227 376.847504
frame00252 0.514427 1100.299927 350.860443 1242.248047 410.218719
frame00253 0.380398 379.314819 343.062561 496.314331 387.139618
frame00253 0.310403 934.589844 336.393250 1074.641357 376.804840
frame00253 0.510400 1104.428833 352.751526 1246.036621 412.419556
frame00254 0.387948 378.739624 343.252655 493.563995 387.228546
frame00254 0.320412 935.405396 335.704895 1081.721191 378.094055
frame00254 0.522034 1098.880981 351.108582 1241.828857 411.745148
frame00255 0.421197 368.135406 339.786682 498.082916 390.394196
frame00255 0.322736 934.565552 334.665192 1086.317749 378.693451
frame00255 0.512002 1101.343018 351.599335 1241.406128 412.872894
frame00256 0.381035 372.192993 342.188568 493.936920 388.740112
frame00256 0.324584 938.030945 335.669586 1085.275146 378.023987
frame00256 0.505644 1099.466064 351.052368 1240.363770 410.704102
frame00257 0.396528 372.913513 343.471649 492.222900 387.087097
frame00257 0.296364 938.171753 336.303223 1074.541992 376.652405
frame00257 0.513458 1101.799561 349.342590 1241.217041 409.893890
frame00258 0.400888 372.425232 344.903381 489.402466 388.064178
frame00258 0.307675 935.683228 336.120880 1073.798706 376.935242
frame00258 0.498409 1104.235474 349.265198 1240.865356 409.295258
frame00259 0.363111 365.144348 344.083984 484.592957 388.580078
frame00259 0.305543 939.551392 335.895172 1076.763184 376.676117
frame00259 0.505179 1103.845093 349.358551 1240.783813 409.436920
frame00260 0.370892 363.653290 344.559967 480.223572 387.475189
frame00260 0.318897 937.343384 335.750916 1074.489502 376.467651
frame00260 0.518301 1102.261719 347.312347 1244.796631 409.297455
frame00261 0.384789 355.194153 339.207642 483.464294 388.243561
frame00261 0.317469 938.185486 333.716034 1083.718628 375.682526
frame00261 0.529222 1098.992798 348.695740 1240.401367 410.035522
frame00262 0.341118 357.545227 340.278473 480.281738 388.235596
frame00262 0.301658 937.096802 334.469696 1079.213989 376.772217
frame00262 0.535514 1102.830078 349.264313 1244.535156 412.563843
frame00263 0.363266 355.885956 338.760986 478.533203 386.906586
frame00263 0.315589 936.150024 334.471863 1075.370483 376.114716
frame00263 0.532534 1103.491455 348.798340 1244.627808 412.946777
frame00264 0.373724 350.539673 340.326416 477.245361 389.581360
frame00264 0.343804 935.851379 335.356903 1077.540161 376.776947
frame00264 0.515931 1105.493774 350.393433 1244.674683 413.143280
frame00265 0.348224 343.306549 342.131989 469.977295 390.329681
frame00265 0.319633 942.568115 335.319244 1080.294922 375.560425
frame00265 0.513849 1107.404175 350.366699 1244.196533 412.500732
frame00266 0.355279 342.305359 343.239471 467.305237 389.921997
frame00266 0.338569 935.148926 335.587708 1079.032227 377.617004
frame00266 0.523208 1107.694092 349.568298 1251.478760 415.948395
frame00267 0.292606 343.451691 345.752228 466.268066 390.007324
frame00267 0.329183 938.277588 336.626190 1079.035400 377.460785
frame00267 0.522511 1109.640869 350.435944 1253.291504 414.995972
frame00268 0.296933 341.976898 344.391479 468.504456 390.565460
frame00268 0.331578 937.312378 336.162018 1075.551270 377.334930
frame00268 0.530117 1108.147461 350.751984 1251.591919 414.728210
frame00269 0.363945 337.544067 344.586975 466.879761 390.767303
frame00269 0.346151 937.250854 335.740631 1076.903564 375.926453
frame00269 0.518165 1109.813965 350.446655 1249.307617 412.913208
frame00270 0.382559 335.005615 346.007965 458.024170 389.888641
frame00270 0.339234 937.321106 335.378601 1079.666016 376.773987
frame00270 0.521027 1106.039307 347.508362 1250.258057 413.678162
frame00271 0.346936 330.861572 347.592438 454.769745 392.231750
frame00271 0.334049 937.534485 335.370300 1076.715088 377.143402
frame00271 0.529819 1108.358765 348.041016 1251.432983 415.060638
frame00272 0.309591 328.852386 348.853302 453.313049 394.711273
frame00272 0.348786 940.286377 334.203369 1082.984863 376.919189
frame00272 0.527814 1109.662109 348.754669 1249.826538 413.484650
frame00273 0.298794 325.204193 351.753998 445.344818 393.539642
frame00273 0.333686 939.639404 335.033386 1082.474976 378.332764
frame00273 0.540013 1105.181396 344.736633 1254.961670 414.725616
frame00274 0.297903 323.666931 349.634583 447.078613 393.851288
frame00274 0.313094 941.050537 335.070984 1078.053955 377.560669
frame00274 0.521203 1109.330811 347.056549 1250.342773 414.346436
frame00275 0.228537 278.930420 345.503937 374.455017 391.536224
frame00275 0.254284 322.439941 348.193878 444.822845 392.000092
frame00275 0.304269 942.123352 334.523651 1078.880493 377.214905
frame00275 0.540491 1107.275635 345.804901 1253.055542 414.981262
frame00276 0.291971 276.097046 345.295715 382.568726 394.598083
frame00276 0.316232 943.348633 334.067017 1078.046753 376.755188
frame00276 0.543081 1107.883545 345.079010 1254.731567 414.676880
frame00277 0.373478 286.659149 347.782013 403.260834 399.620483
frame00277 0.315053 944.526855 333.852722 1082.021484 376.176971
frame00277 0.542795 1105.065430 342.559875 1256.555176 414.613556
frame00278 0.394813 263.867157 344.306549 381.411987 393.372681
frame00278 0.326212 946.935120 333.253235 1083.075073 375.013458
frame00278 0.550096 1104.183960 345.057983 1256.613159 413.901428
frame00279 0.467883 274.224152 349.668945 392.942017 401.135101
frame00279 0.333337 941.835876 333.277679 1078.016235 376.547089
frame00279 0.538114 1105.656372 343.540192 1261.649658 418.076233
frame00280 0.478402 272.851379 351.683533 398.619110 404.057312
frame00280 0.344669 940.307129 334.338379 1077.829102 377.048218
frame00280 0.527906 1103.287231 343.502441 1259.963135 416.522308
frame00281 0.496877 265.423828 348.785461 391.112915 399.532471
frame00281 0.339737 942.583008 333.680481 1075.854980 375.338837
frame00281 0.535192 1105.954346 344.726440 1260.662476 415.465332
frame00282 0.468658 263.015137 349.876984 386.697540 400.244537
frame00282 0.338309 943.137207 333.966858 1076.421631 375.389709
frame00282 0.533291 1107.873291 345.863098 1263.472412 416.631866
frame00283 0.448270 250.434998 349.865906 370.807312 398.213745
frame00283 0.332623 942.581543 333.693237 1075.578247 375.038300
frame00283 0.540575 1104.171753 346.294220 1262.082275 414.622986
frame00284 0.495215 246.475601 351.536652 368.629700 399.286072
frame00284 0.340996 943.319824 333.705994 1074.122559 374.335022
frame00284 0.527760 1103.376587 345.839233 1259.895752 413.485138
frame00285 0.492612 237.567474 353.188812 364.032440 399.400574
frame00285 0.338434 940.586243 334.243744 1073.458984 374.979553
frame00285 0.537685 1096.227783 345.537292 1258.233154 412.206726
frame00286 0.521099 238.783188 357.215363 369.378052 407.037659
frame00286 0.336152 939.031494 334.320770 1072.366821 375.730621
frame00286 0.511355 1096.790649 344.337769 1257.740356 415.065826
frame00287 0.505589 230.024704 354.708466 360.838379 404.358582
frame00287 0.302714 942.959717 333.950012 1071.793213 374.735718
frame00287 0.539836 1094.735352 345.278351 1257.391724 413.366058
frame00288 0.523869 227.536606 358.330017 368.820923 411.063812
frame00288 0.318313 947.402649 333.972351 1075.530029 373.590210
frame00288 0.508312 1092.031738 344.233002 1252.426514 410.664581
frame00289 0.540369 214.324722 359.499115 368.090881 415.609863
frame00289 0.309404 944.272461 335.138580 1071.562988 374.127136
frame00289 0.495596 1093.025024 344.855530 1251.878540 410.906006
frame00290 0.541619 209.715759 359.422455 361.838959 414.000214
frame00290 0.306122 944.890991 334.810852 1070.958008 373.895416
frame00290 0.491471 1095.525757 345.618561 1250.569336 410.466827
frame00291 0.527945 197.270370 357.961914 349.593842 413.656830
frame00291 0.305019 946.664978 335.315125 1071.144287 372.972107
frame00291 0.485723 1095.727051 346.359070 1249.326416 409.426331
frame00292 0.538835 192.089355 358.270813 338.171661 415.526917
frame00292 0.314200 944.292114 335.013336 1070.203857 373.257935
frame00292 0.485798 1094.752808 345.607269 1249.281006 410.578705
frame00293 0.564638 184.918884 358.541901 340.394745 419.299652
frame00293 0.304882 943.700867 335.281128 1070.919678 374.097565
frame00293 0.492817 1090.883301 345.142090 1249.152588 411.886871
frame00294 0.568448 175.960144 355.913544 322.658386 417.972656
frame00294 0.331308 943.783875 334.194305 1074.228027 374.246521
frame00294 0.503042 1091.714844 345.124695 1250.569946 412.283691
frame00295 0.561061 167.358322 352.287048 311.266907 416.122925
frame00295 0.323173 944.802185 333.521606 1074.614014 374.778442
frame00295 0.508722 1093.891846 345.339111 1249.926636 412.542938
frame00296 0.537414 163.716461 352.914459 302.794067 418.116089
frame00296 0.328336 947.295288 333.117126 1074.088013 374.627625
frame00296 0.511693 1094.571655 345.846100 1248.392456 410.442993
frame00297 0.486497 154.761719 350.691528 282.688080 420.226074
frame00297 0.325923 950.797852 332.592438 1074.990356 375.719208
frame00297 0.518028 1095.751953 346.328430 1246.606445 410.639923
frame00298 0.503411 143.561111 351.403412 282.032471 428.977264
frame00298 0.333124 948.785889 332.302277 1074.796631 377.177795
frame00298 0.512436 1096.875244 346.103210 1248.428711 412.884094
frame00299 0.473739 118.990013 350.771362 285.470245 444.381989
frame00299 0.330585 944.288086 332.277130 1073.379639 380.422119
frame00299 0.505765 1098.479736 346.072540 1250.739502 416.301636
frame00300 0.385280 116.737885 350.928558 274.937317 444.549835
frame00300 0.333796 945.279236 333.078583 1075.899414 382.114532
frame00300 0.501455 1097.502686 346.617676 1249.109497 416.732483
frame00301 0.298216 88.208344 350.549805 262.193420 449.829407
frame00301 0.323842 941.737366 333.077820 1078.184692 384.727722
frame00301 0.513264 1095.796387 345.784454 1247.757690 416.899689
frame00302 0.398143 82.654282 343.937073 251.373306 443.905792
frame00302 0.324689 939.259338 330.688812 1079.401123 384.880157
frame00302 0.521931 1097.081665 344.006500 1247.318970 415.652008
frame00302 0.303062 44.701881 364.617645 271.095703 487.774292
frame00303 0.410952 60.548622 346.993591 244.938278 456.702637
frame00303 0.330062 933.252502 331.114532 1079.028198 385.879364
frame00303 0.520176 1096.213623 343.842041 1249.106201 415.028961
frame00304 0.325391 931.789307 331.767639 1081.250122 385.706665
frame00304 0.528283 1095.846191 344.565277 1250.781738 413.746277
frame00304 0.434954 14.282064 361.993042 266.082947 486.082153
frame00305 0.269762 47.759056 350.447784 211.058594 448.514862
frame00305 0.316663 934.067444 332.010254 1079.698730 384.459564
frame00305 0.536297 1095.965332 344.551453 1245.366699 410.645477
frame00305 0.475836 2.026672 369.490845 250.733627 488.884521
frame00306 0.246155 40.587120 349.508148 200.874191 448.130859
frame00306 0.316133 933.471191 333.142944 1076.581421 383.655060
frame00306 0.540026 1096.396729 345.789124 1246.179565 410.506927
frame00306 0.474200 0.000000 369.764526 238.319992 490.324463
frame00307 0.215059 30.834541 349.954041 188.462234 454.847626
frame00307 0.307418 932.999268 333.884827 1078.838623 384.656677
frame00307 0.524604 1097.762695 346.011902 1245.646973 410.125214
frame00307 0.493102 0.000000 367.939697 228.470642 492.569794
frame00308 0.318701 926.550964 335.409973 1073.083008 385.663239
frame00308 0.514713 1100.296387 347.074890 1247.274780 412.604370
frame00308 0.537583 0.000000 370.403137 223.278030 495.232544
frame00309 0.301775 931.860046 335.558716 1074.056274 385.230316
frame00309 0.516061 1101.009766 348.146576 1243.053955 412.038940
frame00309 0.496301 0.000000 372.239532 200.086548 498.401886
frame00310 0.304907 929.946350 335.435089 1070.792358 384.978882
frame00310 0.510877 1102.000610 347.398041 1243.014893 412.240814
frame00310 0.511502 0.000000 377.961700 185.605133 503.112885
frame00311 0.307056 929.267517 335.403992 1073.753296 385.540680
frame00311 0.505675 1101.715576 346.968597 1244.195312 410.611389
frame00311 0.488184 0.000000 374.491394 173.222870 507.955872
frame00312 0.314626 926.552002 335.802429 1074.382446 385.392761
frame00312 0.511061 1099.161743 347.136475 1249.575073 411.344360
frame00312 0.401161 0.000000 375.666107 149.235092 508.103973
frame00313 0.314999 927.268311 336.525238 1074.950317 385.726624
frame00313 0.515464 1097.613403 347.512268 1253.051880 412.007446
frame00313 0.353304 0.000000 374.100281 136.413284 500.366394
frame00314 0.310572 928.375549 336.211548 1077.864014 385.256500
frame00314 0.511649 1096.863770 347.556274 1253.897217 410.288025
frame00314 0.352340 0.000000 378.674255 125.435410 496.568298
frame00315 0.316265 935.685364 337.003693 1080.249268 381.560699
frame00315 0.531827 1093.476807 348.152618 1252.446045 408.446350
frame00316 0.331133 939.621033 336.793488 1078.581421 376.686401
frame00316 0.561987 1095.766479 349.572479 1255.385498 409.036011
frame00317 0.349640 936.081909 335.404602 1078.190796 378.008789
frame00317 0.562021 1095.491333 348.469635 1253.449829 410.904846
frame00318 0.340120 936.971191 334.192657 1082.642090 377.896088
frame00318 0.567476 1094.343262 348.538147 1253.097900 410.185089
frame00319 0.331880 942.162598 333.359955 1086.598999 376.611755
frame00319 0.556436 1094.054688 347.589600 1247.293823 406.794922
frame00320 0.345099 937.317566 334.595673 1080.784790 377.258148
frame00320 0.565802 1094.513428 348.143463 1250.251709 407.570496
frame00321 0.322078 938.731995 335.278931 1077.907104 377.001007
frame00321 0.576059 1094.365356 347.986725 1248.821289 406.926178
frame00322 0.344945 932.072449 333.561859 1076.121338 377.237518
frame00322 0.561172 1096.404907 347.582458 1249.428223 407.312012
frame00323 0.336250 932.984863 334.384399 1074.805420 377.011688
frame00323 0.566201 1095.896484 348.137085 1249.728271 408.026306
frame00324 0.340703 930.910645 334.808563 1075.086182 377.732330
frame00324 0.563633 1097.077026 348.533569 1249.773071 408.543732
frame00325 0.325466 933.910278 334.178284 1075.832031 377.548767
frame00325 0.570544 1096.179321 348.298279 1250.591919 408.264923
frame00326 0.331517 936.256409 335.432953 1073.346069 375.740692
frame00326 0.575546 1094.327393 347.866943 1250.451904 406.425873
frame00327 0.339653 937.071228 334.139526 1077.702026 375.717560
frame00327 0.571299 1093.437256 347.326721 1249.002075 407.078766
frame00328 0.326922 937.286072 333.333008 1080.253418 376.003815
frame00328 0.579861 1093.895142 346.826599 1251.450928 408.354401
frame00329 0.318513 935.652954 333.582703 1078.328735 376.464386
frame00329 0.590700 1091.735840 346.980713 1251.851318 409.392914
frame00330 0.310390 937.719971 332.578003 1080.924438 377.484955
frame00330 0.585671 1092.263672 347.210663 1251.788208 410.455444
frame00331 0.336481 941.392456 334.322266 1082.832153 377.113403
frame00331 0.562423 1095.547119 348.990875 1250.564941 409.695587
frame00332 0.340932 940.737549 333.866699 1083.618408 377.177094
frame00332 0.561309 1095.834106 348.263550 1251.426880 409.949890
frame00333 0.340860 940.962830 333.676514 1083.621338 376.419586
frame00333 0.558482 1095.812500 348.278046 1250.552856 408.311829
frame00334 0.342071 939.860535 333.942352 1084.053711 376.771667
frame00334 0.557998 1096.464478 348.551575 1250.536865 409.103485
frame00335 0.341758 941.665039 333.854614 1084.288086 377.228271
frame00335 0.560679 1094.359009 348.268250 1251.243164 409.613525
frame00336 0.325041 939.617615 333.272034 1081.569092 376.363800
frame00336 0.577653 1093.135742 347.944946 1250.133057 408.190033
frame00337 0.329807 936.352661 333.821777 1080.019287 376.492676
frame00337 0.588150 1092.552002 347.669189 1251.937866 408.938293
frame00338 0.360071 938.077087 335.250671 1082.166504 375.967560
frame00338 0.555804 1096.497559 348.843994 1252.004639 407.637146
frame00339 0.361522 932.225464 335.452942 1082.461914 378.526031
frame00339 0.555657 1095.060425 348.991150 1253.836914 410.543030
frame00340 0.343673 936.751099 334.581451 1080.540649 377.204987
frame00340 0.570134 1092.052490 347.846130 1250.098633 406.268616
frame00341 0.355807 933.857971 335.628815 1073.483521 375.880951
frame00341 0.562074 1097.255127 347.935822 1249.951416 406.146057
frame00342 0.351514 933.755859 335.193207 1077.197632 377.111389
frame00342 0.575346 1095.789917 348.636139 1252.769409 409.059845
frame00343 0.341933 934.500000 334.763580 1077.341431 376.547729
frame00343 0.571223 1096.058472 348.105438 1251.257446 407.487030
frame00344 0.369033 934.741760 334.278412 1076.073242 376.484985
frame00344 0.557910 1098.649170 348.052399 1253.166626 408.384338
frame00345 0.352143 932.016296 334.767273 1074.011230 376.377472
frame00345 0.576777 1093.256226 347.137787 1251.981079 407.219543
frame00346 0.365712 933.501221 335.227448 1079.792847 377.209442
frame00346 0.556154 1095.800781 349.309753 1251.988770 407.485413
frame00347 0.354950 934.994568 334.848114 1083.537354 377.684418
frame00347 0.550118 1096.398804 348.804688 1253.334229 409.005859
frame00348 0.328654 937.806152 334.471985 1080.957764 376.234711
frame00348 0.583612 1091.630737 347.432678 1251.367920 407.690887
frame00349 0.325056 940.167297 333.815674 1080.090698 376.443237
frame00349 0.577493 1094.262939 348.145844 1251.117310 408.340454
frame00350 0.337368 940.327026 334.679077 1080.437012 376.883240
frame00350 0.564149 1094.576172 348.904602 1252.555908 408.851166
frame00351 0.332345 943.854309 335.086456 1084.720215 377.189941
frame00351 0.549508 1096.034302 349.652924 1249.552979 408.029083
frame00352 0.355307 940.147034 335.741974 1080.062134 376.602264
frame00352 0.552806 1097.812256 349.102386 1253.671631 409.019714
frame00353 0.353331 936.220947 335.464691 1080.869995 377.607666
frame00353 0.558519 1096.438354 349.323883 1253.480713 409.995636
frame00354 0.338657 935.977661 336.109314 1078.816895 377.617035
frame00354 0.563870 1095.894897 349.536255 1254.394165 409.877533
frame00355 0.354038 935.930542 336.209534 1077.794067 377.850342
frame00355 0.548729 1098.766479 350.018646 1253.119507 409.643951
frame00356 0.351449 934.774475 334.819000 1078.557617 378.061981
frame00356 0.556172 1097.712891 349.209137 1252.913940 411.776764
frame00357 0.353790 935.051392 334.363373 1080.121826 377.540497
frame00357 0.561496 1097.268555 348.865601 1254.448730 410.775299
frame00358 0.353474 934.202881 334.637421 1081.215942 377.784882
frame00358 0.557835 1095.262695 348.402405 1252.648193 409.244110
frame00359 0.345351 936.270203 334.511292 1080.757812 377.484344
frame00359 0.562714 1095.169800 348.648102 1250.838623 407.631348
frame00360 0.331673 937.870789 335.752625 1074.938232 376.832092
frame00360 0.569921 1095.589966 349.012299 1249.616455 406.566833
frame00361 0.345130 936.853943 334.725006 1075.103638 376.294830
frame00361 0.565205 1094.977661 348.199432 1249.432129 406.461212
frame00362 0.338131 932.673584 334.730713 1070.180908 375.952271
frame00362 0.575269 1095.553955 347.717194 1252.376465 408.073761
frame00363 0.340681 932.246704 334.240326 1072.055542 376.310059
frame00363 0.570025 1096.021851 347.622284 1251.756104 407.544464
frame00364 0.346495 934.242188 334.491699 1071.016113 375.498199
frame00364 0.579491 1094.944092 347.118774 1251.742065 407.224823
frame00365 0.343392 932.970215 334.391510 1071.410400 375.827148
frame00365 0.581719 1093.820923 346.247314 1253.166626 407.047821
frame00366 0.340044 935.214966 334.962952 1074.089111 375.879974
frame00366 0.567382 1093.178589 346.710632 1249.875977 406.220459
frame00367 0.342403 933.830200 334.233856 1072.902588 375.841522
frame00367 0.584498 1090.846924 345.961517 1251.814209 406.917358
frame00368 0.345273 933.888306 334.557648 1073.002075 375.688599
frame00368 0.589471 1092.160889 346.455688 1252.935669 406.932617
frame00369 0.345567 933.258789 334.856018 1072.822021 375.782257
frame00369 0.584155 1091.279053 346.298218 1252.090942 406.966797
frame00370 0.342378 935.577148 334.730469 1073.403076 375.100708
frame00370 0.574517 1093.165405 346.154022 1251.876709 405.955994
frame00371 0.325255 937.283936 335.560577 1069.442383 374.463409
frame00371 0.584502 1093.581665 347.584106 1251.495483 405.838684
frame00372 0.326987 938.565125 335.119965 1076.423706 376.195404
frame00372 0.571715 1092.752441 347.882019 1247.831177 405.726227
frame00373 0.326851 938.022583 335.140961 1072.869629 375.532776
frame00373 0.585895 1092.768555 347.575287 1250.713379 406.477692
frame00374 0.343512 936.335815 335.495361 1072.227539 375.637543
frame00374 0.569584 1095.307739 347.524109 1250.251099 405.103973
frame00375 0.339403 935.371643 335.217316 1073.677246 376.268524
frame00375 0.568723 1097.710327 348.915314 1250.044312 407.062256
frame00376 0.228564 167.429901 322.049561 249.398361 357.264160
frame00376 0.360031 932.772522 333.122467 1085.240601 378.328461
frame00376 0.547817 1095.025269 348.240295 1250.442261 408.760101
frame00377 0.254950 170.231247 325.124084 254.919510 357.882812
frame00377 0.342376 939.965088 333.795776 1083.959351 375.600372
frame00377 0.521151 1101.531982 349.811432 1247.005127 406.526581
frame00378 0.322498 940.237915 335.426422 1078.520020 375.261383
frame00378 0.556561 1096.521729 348.832916 1247.438354 405.074921
frame00379 0.298001 945.109131 336.052551 1076.154907 374.269623
frame00379 0.568344 1095.125977 348.420593 1246.628662 403.869446
frame00380 0.214719 175.911636 322.406586 259.710876 358.834808
frame00380 0.298471 946.065674 333.867981 1080.444946 374.709869
frame00380 0.561925 1097.899414 348.475555 1245.790283 404.628815
frame00381 0.244267 173.230774 321.881226 256.121826 356.868896
frame00381 0.312174 947.004761 333.394440 1084.871704 375.127411
frame00381 0.544246 1098.812500 348.132355 1244.333862 405.235168
frame00382 0.243453 174.799805 321.939117 255.716278 356.648804
frame00382 0.313784 947.359985 333.371033 1084.456909 375.059204
frame00382 0.542713 1099.926880 348.394440 1244.733765 405.354614
frame00383 0.218627 174.818802 322.620148 259.440338 359.062164
frame00383 0.303277 947.283569 334.033417 1081.724731 374.792145
frame00383 0.554823 1097.315186 348.458405 1244.581787 404.659393
frame00384 0.311858 945.112061 335.048187 1079.014038 374.162048
frame00384 0.562804 1096.469238 347.678375 1245.006104 403.098816
frame00385 0.202637 176.126587 323.045197 261.250763 359.277527
frame00385 0.327472 941.213074 334.096313 1084.094116 376.116180
frame00385 0.545312 1095.988037 347.938995 1244.566528 404.736084
frame00386 0.247855 170.433731 322.163086 256.859436 357.473236
frame00386 0.337749 938.534790 333.822449 1082.746460 375.860901
frame00386 0.542619 1098.070557 348.357208 1246.582031 405.556061
frame00387 0.322614 938.144165 334.440002 1079.680054 376.090729
frame00387 0.564182 1094.851440 348.098663 1247.789185 406.589874
frame00388 0.313751 945.976868 335.553406 1082.702026 375.054565
frame00388 0.561100 1094.171875 348.493073 1245.298096 404.234680
frame00389 0.286798 950.830017 334.567139 1087.989136 375.038605
frame00389 0.554986 1097.048706 348.969421 1243.526367 404.483093
frame00390 0.206752 175.618301 324.187286 258.840759 359.734131
frame00390 0.305193 947.619995 334.256622 1088.162354 376.328522
frame00390 0.538337 1099.807983 349.933899 1245.755493 406.922729
frame00391 0.310830 948.520447 334.391174 1089.538330 376.976807
frame00391 0.533610 1098.415894 348.993835 1243.834717 405.741394
frame00392 0.216579 171.800980 323.406830 253.871704 358.452332
frame00392 0.313570 947.582947 333.442352 1091.114746 377.231720
frame00392 0.535459 1096.677124 347.819611 1242.715088 405.508148
frame00393 0.205939 173.699799 323.274170 255.609741 358.326294
frame00393 0.312412 942.403625 333.388611 1087.245850 377.395660
frame00393 0.542788 1096.427124 347.536835 1244.969849 406.104523
frame00394 0.221015 171.692825 323.348450 253.335052 358.360199
frame00394 0.301630 945.763184 333.430420 1088.908325 377.621948
frame00394 0.549502 1094.313843 347.739136 1244.378296 406.545197
frame00395 0.215205 172.694778 323.723785 253.168945 357.648621
frame00395 0.315405 947.718140 333.659668 1090.933472 377.107727
frame00395 0.533480 1098.166748 348.625488 1243.801514 406.235748
frame00396 0.315811 941.645752 334.124847 1085.536255 377.405762
frame00396 0.543748 1099.052734 349.084442 1247.834717 407.743439
frame00397 0.324092 942.425232 334.304413 1089.005859 378.339966
frame00397 0.535148 1100.675293 349.714966 1249.496582 409.471344
frame00398 0.202170 176.404755 323.740540 252.973450 359.618225
frame00398 0.326667 940.767822 334.280670 1086.722534 379.159210
frame00398 0.534930 1100.293701 349.103546 1247.323975 410.524750
frame00399 0.323947 947.239868 335.787842 1088.892090 378.444763
frame00399 0.535718 1098.549927 350.691803 1247.004517 409.486084
frame00400 0.333218 945.022278 336.705048 1085.974243 377.764221
frame00400 0.542383 1101.437012 350.581116 1249.194824 408.833191
frame00401 0.218674 176.684265 325.291779 251.781082 358.868500
frame00401 0.330152 941.129517 334.470703 1088.024780 378.498230
frame00401 0.525811 1103.959473 349.279602 1247.360352 409.118256
frame00402 0.321468 943.767029 335.319092 1078.639893 374.563110
frame00402 0.545167 1099.229858 347.499359 1243.868530 402.324310
frame00403 0.322863 939.467529 335.361511 1075.654175 374.461517
frame00403 0.552970 1101.715576 347.791046 1246.606079 402.654602
frame00404 0.307549 939.383545 335.307465 1075.559326 375.238586
frame00404 0.555281 1100.123779 347.929810 1247.128784 403.660278
frame00405 0.326609 941.732666 336.084839 1082.382690 377.049805
frame00405 0.543878 1102.080200 348.783173 1246.251953 406.098602
frame00406 0.207421 180.972900 326.407440 257.215240 360.281738
frame00406 0.340020 936.928772 335.947296 1083.172119 378.547424
frame00406 0.536012 1105.451904 349.281372 1248.412842 407.470459
frame00407 0.238562 178.451263 324.271118 253.662643 357.475220
frame00407 0.368246 935.520020 335.008759 1085.886963 379.117584
frame00407 0.524288 1103.810059 348.507172 1247.160034 407.008514
frame00408 0.237823 175.464661 325.134613 258.314392 357.369476
frame00408 0.326457 946.004883 334.359375 1088.019287 375.876709
frame00408 0.524922 1102.659790 348.683380 1243.856323 404.048828
frame00409 0.255130 178.078339 323.328369 258.773224 357.619781
frame00409 0.320007 946.243591 334.299377 1081.137817 374.688934
frame00409 0.529095 1102.831909 347.997894 1242.051270 403.596100
frame00410 0.273356 178.027008 323.464478 256.728577 356.473206
frame00410 0.323007 946.653809 334.062256 1082.979370 375.043945
frame00410 0.521423 1103.893433 348.068573 1242.385986 404.117828
frame00411 0.280740 177.835632 323.405823 253.159164 355.842102
frame00411 0.341692 944.163574 334.091949 1081.987061 375.618439
frame00411 0.515977 1107.691650 348.674805 1245.499390 406.075989
frame00412 0.218342 180.024048 323.609192 254.358917 359.540863
frame00412 0.362512 941.737061 334.589539 1080.869385 377.305664
frame00412 0.524526 1108.759644 349.041656 1248.617554 407.912994
frame00413 0.345251 943.402771 336.154297 1084.607056 377.394501
frame00413 0.509537 1108.773560 350.983948 1247.206665 407.186310
frame00414 0.346341 943.058350 335.922119 1086.106567 377.445679
frame00414 0.509765 1108.786133 350.648804 1247.360840 406.678558
frame00415 0.226838 181.194382 325.012817 249.155609 357.605347
frame00415 0.356408 937.889160 335.978363 1080.033081 379.230621
frame00415 0.516478 1109.143311 350.712708 1249.039429 410.443909
frame00416 0.200969 183.425262 327.249176 258.452454 359.748138
frame00416 0.344192 941.890198 336.236847 1087.294678 378.114044
frame00416 0.524474 1104.225220 349.638489 1245.998291 405.593140
frame00417 0.265586 175.279465 323.289856 250.008774 356.671478
frame00417 0.343984 934.733276 335.040894 1082.246826 379.233887
frame00417 0.531781 1105.223145 348.933624 1247.646240 408.608704
frame00418 0.244971 174.966202 323.816559 252.023468 358.450531
frame00418 0.349502 934.954346 335.736053 1082.748779 379.303284
frame00418 0.524221 1106.440918 349.252716 1247.872681 408.118042
frame00419 0.270520 180.344223 323.530548 257.395691 356.321808
frame00419 0.344517 936.268799 334.215424 1080.175659 376.442627
frame00419 0.537789 1104.596313 347.713867 1247.967651 405.907410
frame00420 0.200857 180.303894 324.454407 262.155182 360.036163
frame00420 0.316354 942.213684 334.855072 1079.755493 375.932617
frame00420 0.544273 1104.216187 348.292511 1247.062256 406.057831
frame00421 0.228556 178.190979 323.559204 259.182037 358.416595
frame00421 0.324787 942.394043 334.644684 1083.664429 376.957092
frame00421 0.540781 1101.362427 347.698059 1244.934448 405.230194
frame00422 0.243896 179.998337 324.566437 261.085846 358.078583
frame00422 0.313560 948.645020 334.734924 1083.414429 374.832214
frame00422 0.527501 1102.569336 348.187256 1241.443237 402.662689
frame00423 0.277750 177.078949 322.269470 253.695770 357.373718
frame00423 0.347103 939.392029 333.838562 1079.645752 376.557159
frame00423 0.527709 1104.833862 347.687439 1246.768311 408.068268
frame00424 0.225523 178.344116 323.361938 255.940399 358.247559
frame00424 0.342808 939.757080 334.170013 1080.226807 376.765686
frame00424 0.533225 1105.424072 348.622803 1248.025024 407.402740
frame00425 0.315991 942.878662 335.119629 1077.057007 375.627319
frame00425 0.544492 1102.970093 348.551697 1246.749756 407.077820
frame00426 0.246901 176.936417 322.830658 258.107025 358.462158
frame00426 0.326077 941.733093 333.597504 1078.536377 375.875977
frame00426 0.541423 1104.761963 348.052032 1247.095703 407.612762
frame00427 0.232354 177.525009 324.429108 253.270859 358.751373
frame00427 0.348865 940.034058 335.510254 1082.574707 377.684204
frame00427 0.519421 1107.506836 349.556213 1247.407349 407.619629
frame00428 0.203446 181.592850 326.004059 261.463959 361.845734
frame00428 0.309771 935.850342 337.292969 1076.803955 378.643280
frame00428 0.560656 1100.354492 350.679810 1248.215454 410.298401
frame00429 0.245571 179.186157 324.867065 253.347305 359.602997
frame00429 0.205161 828.262634 338.261810 927.962646 382.845398
frame00429 0.297999 939.147949 337.193970 1078.930908 380.279846
frame00429 0.539044 1101.767334 350.811340 1244.668945 411.415894
frame00430 0.213236 182.669800 324.638031 262.194641 362.240906
frame00430 0.305698 938.769043 336.352142 1074.400635 377.095184
frame00430 0.546896 1104.455933 349.483307 1246.317261 407.387695
frame00431 0.223464 181.755905 325.804840 259.565155 359.148132
frame00431 0.334732 937.732178 335.270966 1081.791016 377.162567
frame00431 0.532089 1101.362427 348.352509 1244.943359 405.114410
frame00432 0.210316 181.184006 325.876495 260.677155 359.196655
frame00432 0.323588 944.507324 334.761047 1083.564331 375.836548
frame00432 0.533000 1101.423706 348.014252 1243.910034 404.239960
frame00433 0.220271 178.660751 325.972931 251.466919 358.207520
frame00433 0.337930 940.592163 335.288635 1079.912354 376.834106
frame00433 0.521746 1106.028198 349.521332 1246.467163 405.935669
frame00434 0.209830 178.410782 323.955780 252.672134 359.741394
frame00434 0.360585 937.835083 334.848206 1079.124023 377.928009
frame00434 0.519177 1110.742188 349.395935 1250.775635 409.222748
frame00435 0.340579 939.656372 336.076294 1082.754028 378.304993
frame00435 0.518797 1108.603638 350.597595 1249.739014 407.081390
frame00436 0.319901 943.314514 335.859528 1080.743652 378.070160
frame00436 0.510680 1108.267944 350.414886 1247.119263 408.526367
frame00437 0.328708 944.256531 336.312256 1077.364136 377.780823
frame00437 0.517082 1109.918945 350.055359 1245.917969 408.206604
frame00438 0.335260 941.947998 335.720673 1079.503906 377.984955
frame00438 0.523118 1106.057373 349.275024 1246.379761 408.559662
frame00439 0.216441 181.649261 324.191986 260.337463 359.464447
frame00439 0.337179 942.624756 334.426971 1078.133789 375.265106
frame00439 0.528104 1104.990479 347.804749 1244.690430 404.537903
frame00440 0.234133 179.608093 323.248596 258.824982 358.631531
frame00440 0.333898 940.041992 333.931793 1076.471924 375.341339
frame00440 0.534395 1105.586182 347.355072 1245.940674 404.348297
frame00441 0.256578 180.008759 323.729797 255.631012 356.137238
frame00441 0.323894 940.735168 333.317017 1078.758057 375.045868
frame00441 0.534675 1106.122192 347.647430 1246.651855 404.385437
frame00442 0.204910 180.681946 324.045410 260.274078 359.833008
frame00442 0.337098 940.081055 333.798035 1077.358398 376.042969
frame00442 0.543220 1104.196899 347.272156 1248.041138 405.384338
frame00443 0.334908 941.093811 335.128784 1072.534302 375.184174
frame00443 0.527976 1112.014038 348.919830 1248.632690 405.880035
frame00444 0.258668 175.649734 324.941010 249.808411 357.960968
frame00444 0.324357 945.875305 334.324524 1080.240112 375.895386
frame00444 0.510630 1108.457153 348.589813 1243.142212 405.632477
frame00445 0.324485 944.453247 335.472778 1081.201172 377.226746
frame00445 0.521467 1106.643921 349.141388 1245.152100 406.790527
frame00446 0.331494 943.186646 334.836670 1080.367920 377.064178
frame00446 0.523583 1105.513672 348.247467 1244.401611 406.508118
frame00447 0.250510 176.844238 325.277710 251.795670 358.760681
frame00447 0.336382 940.991821 334.431885 1077.725342 377.036285
frame00447 0.510283 1109.632812 349.091125 1245.490601 406.818909
frame00448 0.350867 941.601868 336.570557 1071.814697 375.321411
frame00448 0.531467 1110.163574 350.005219 1252.033813 407.106171
frame00449 0.270913 173.797165 323.400177 249.874176 354.358185
frame00449 0.320250 946.573853 333.321777 1081.460449 375.165771
frame00449 0.517042 1105.274658 348.220154 1243.005615 404.493347
frame00450 0.311912 179.049988 324.267151 251.664703 353.934418
frame00450 0.326027 948.053284 333.630249 1081.182739 374.478638
frame00450 0.492649 1111.692993 348.792328 1242.571899 404.088654
frame00451 0.259875 175.466141 320.386658 251.665329 356.357758
frame00451 0.328488 940.705200 332.867279 1077.210327 376.327515
frame00451 0.527150 1106.117188 347.719482 1247.248535 408.891266
frame00452 0.238195 176.311111 323.888977 256.079712 357.921082
frame00452 0.351442 942.133911 335.536652 1086.222046 378.159119
frame00452 0.521639 1105.386475 349.236603 1246.086182 407.089600
frame00453 0.266841 181.901764 323.500275 258.369263 357.042725
frame00453 0.357237 941.232239 334.819489 1083.413208 377.346588
frame00453 0.513516 1106.830078 349.144836 1247.490112 408.713898
frame00454 0.221718 180.755035 325.612396 257.522339 357.437286
frame00454 0.331972 942.115356 335.140503 1081.601807 375.916107
frame00454 0.530614 1103.686646 349.516602 1246.740845 406.651428
frame00455 0.308003 171.898575 322.174896 249.413574 354.692078
frame00455 0.326017 944.742126 333.621429 1080.505859 375.228729
frame00455 0.512356 1108.819458 348.997192 1243.906982 406.049866
frame00456 0.286534 172.727295 323.868317 250.725418 354.916107
frame00456 0.334154 943.419067 333.472321 1083.214722 375.120789
frame00456 0.482831 1110.834229 348.476318 1241.662476 403.437592
frame00457 0.245958 179.384033 326.057037 254.653809 357.195587
frame00457 0.335186 943.886108 334.344116 1081.089966 375.050873
frame00457 0.479888 1111.530884 348.678925 1242.511475 403.316010
frame00458 0.282290 179.715729 323.474518 253.464432 354.522827
frame00458 0.338597 942.909180 332.915344 1079.533936 374.746399
frame00458 0.494250 1109.667847 346.903442 1245.034668 404.045654
frame00459 0.204545 179.377350 325.080872 257.621735 358.751953
frame00459 0.336338 943.161560 334.066833 1077.182495 375.301727
frame00459 0.504025 1110.365479 348.240845 1245.447021 403.708252
frame00460 0.262386 175.336304 322.622162 256.367340 355.622742
frame00460 0.339649 943.145508 333.306702 1078.559692 374.994843
frame00460 0.500611 1108.207397 347.850372 1244.847290 403.404541
frame00461 0.288472 173.884949 322.243896 254.653107 353.875366
frame00461 0.348933 944.841431 332.666992 1084.181396 375.136322
frame00461 0.492136 1108.537720 347.703766 1244.911011 403.349426
frame00462 0.323901 944.066040 334.933716 1078.512695 375.610016
frame00462 0.505318 1109.489624 349.034668 1244.230835 404.770203
frame00463 0.273675 182.363724 324.453583 254.617935 353.504486
frame00463 0.332149 943.534607 333.427368 1082.918579 375.155457
frame00463 0.506283 1106.254150 347.453583 1243.893921 404.573456
frame00464 0.241735 180.257782 325.965973 252.637314 357.182770
frame00464 0.332917 945.964600 334.330658 1081.685059 375.530579
frame00464 0.485528 1111.886353 349.176941 1242.638184 404.768250
frame00465 0.277882 176.961609 322.398743 251.245331 353.780426
frame00465 0.339843 945.074585 333.138306 1082.946167 375.866394
frame00465 0.495266 1112.568359 348.521210 1246.492432 405.785645
frame00466 0.275995 180.940369 325.292206 254.436035 355.420776
frame00466 0.330450 946.063965 333.841156 1083.335571 375.098511
frame00466 0.500520 1109.563721 348.538910 1244.992188 404.703491
frame00467 0.269547 179.196701 323.675842 253.751831 355.449036
frame00467 0.316514 938.792603 334.188232 1076.214478 375.904938
frame00467 0.516500 1108.190674 349.103394 1246.037598 407.222504
frame00468 0.268238 177.799210 321.497131 258.413177 355.853394
frame00468 0.317516 946.338196 334.036163 1082.437256 375.261810
frame00468 0.525270 1102.370728 347.873077 1241.761353 404.583588
frame00469 0.225949 181.149521 323.983612 261.583405 357.235016
frame00469 0.325013 944.120972 334.471527 1085.541260 376.577454
frame00469 0.533736 1099.850952 347.543213 1242.895630 404.652679
frame00470 0.231243 181.135941 323.055237 261.982880 358.790100
frame00470 0.332002 942.346313 333.929047 1081.175293 376.353607
frame00470 0.540026 1101.162598 346.790436 1244.414307 405.478424
frame00471 0.233988 178.084717 322.549255 253.165207 356.914459
frame00471 0.324821 944.407898 333.789124 1081.145264 376.258728
frame00471 0.538628 1102.000122 347.852417 1244.534668 405.872253
frame00472 0.258832 176.926132 322.097412 253.169159 355.913666
frame00472 0.313567 946.457642 333.829865 1082.668701 376.033173
frame00472 0.536515 1100.694946 347.774506 1241.938232 405.171631
frame00473 0.247130 181.365829 324.822723 257.566498 356.758575
frame00473 0.312419 943.634521 334.425964 1081.729614 375.377167
frame00473 0.526555 1102.558838 347.989014 1241.880859 404.255768
frame00474 0.249058 176.100037 322.347076 252.775650 354.705536
frame00474 0.333018 938.956665 334.085754 1078.539551 375.547211
frame00474 0.546003 1102.135864 347.369080 1244.073975 403.880005
frame00475 0.222007 177.616089 321.930450 253.669968 355.990936
frame00475 0.336884 935.766846 334.282928 1076.649292 376.025452
frame00475 0.541800 1105.465942 347.427917 1247.587524 405.350372
frame00476 0.241862 175.244781 321.980774 252.288437 355.360626
frame00476 0.333248 938.129761 334.066528 1079.702881 376.332855
frame00476 0.539647 1101.563477 347.412537 1245.009277 405.282684
frame00477 0.244763 176.751419 323.068848 254.332642 356.852234
frame00477 0.327544 941.485657 334.150269 1079.741455 376.224243
frame00477 0.525283 1106.825928 348.591278 1246.175293 406.980927
frame00478 0.239837 180.855164 324.582275 259.901855 357.717102
frame00478 0.207715 834.528503 337.122620 928.607666 376.439453
frame00478 0.303694 945.749146 334.108856 1082.140015 375.493011
frame00478 0.523912 1104.634766 347.929596 1243.629883 405.330841
frame00479 0.249112 179.557770 324.862518 255.971222 355.901062
frame00479 0.311974 944.266296 334.390869 1081.767090 375.527191
frame00479 0.512950 1106.031616 348.350250 1243.095581 404.878418
frame00480 0.256579 177.619553 323.333527 253.838120 355.672821
frame00480 0.335862 938.748901 333.819397 1079.510498 376.420105
frame00480 0.519349 1107.857178 348.166992 1246.661987 407.416260
frame00481 0.269145 174.682068 321.365936 252.084518 354.208374
frame00481 0.326604 938.169434 333.628815 1077.997803 376.085754
frame00481 0.532322 1105.118286 347.815552 1246.132568 406.799194
frame00482 0.236544 180.175095 323.544220 256.118652 355.669464
frame00482 0.326366 936.201538 333.684662 1077.089966 375.635834
frame00482 0.540323 1101.766113 347.282074 1246.691162 404.780060
frame00483 0.306107 936.109314 334.861450 1075.083618 375.887299
frame00483 0.557711 1099.377563 347.108459 1248.125366 405.771149
frame00484 0.215602 176.092361 324.016052 257.677856 357.388733
frame00484 0.302249 948.627441 333.935822 1088.518677 375.873993
frame00484 0.526863 1100.008179 348.143951 1241.659790 404.260742
frame00485 0.269476 167.287827 320.124298 250.687531 354.581818
frame00485 0.302549 941.201416 333.271301 1082.921387 376.656860
frame00485 0.558149 1094.557861 347.280701 1244.089355 407.113098
frame00486 0.231413 176.417007 323.748016 258.291504 356.700165
frame00486 0.294443 941.032104 333.706116 1081.927368 375.466187
frame00486 0.551250 1096.723877 347.652618 1243.955566 405.118561
frame00487 0.318139 941.949219 334.075928 1084.001099 376.294312
frame00487 0.548211 1094.536255 348.170166 1245.065186 405.227509
frame00488 0.204478 181.490036 325.401123 258.441528 357.735992
frame00488 0.315628 946.812866 333.255188 1090.374023 377.320343
frame00488 0.536964 1095.637207 347.780334 1244.595947 405.728668
frame00489 0.326000 934.648743 334.140991 1080.699707 377.498474
frame00489 0.551555 1097.038330 348.036682 1247.097046 407.022552
frame00490 0.244948 170.323013 321.469757 254.735123 356.442413
frame00490 0.349748 935.577637 333.236420 1082.101685 376.611084
frame00490 0.542014 1099.091187 348.465607 1249.504639 408.122131
frame00491 0.262053 168.992798 322.376617 255.093719 356.374695
frame00491 0.336098 941.774780 333.325317 1084.951416 375.386810
frame00491 0.536215 1098.973145 348.866119 1245.845459 406.162109
frame00492 0.218826 174.884872 322.231964 261.606262 358.099365
frame00492 0.346145 938.030273 334.223145 1081.619263 375.616028
frame00492 0.536065 1099.088989 347.914795 1246.516968 405.308289
frame00493 0.232847 177.510208 323.893616 259.558502 356.473206
frame00493 0.319556 945.537781 334.036102 1087.231812 375.618134
frame00493 0.537740 1097.887695 348.721893 1244.478638 405.632355
frame00494 0.261198 176.067993 322.752655 254.787979 356.659119
frame00494 0.332763 944.884399 333.263245 1090.141479 377.249146
frame00494 0.520481 1101.098877 348.611694 1246.232300 408.042236
frame00495 0.347364 936.102234 335.553497 1085.219482 377.888519
frame00495 0.532831 1101.524170 348.905334 1248.993896 408.684967
frame00496 0.204933 182.671295 325.742004 264.552948 358.678314
frame00496 0.330716 942.289490 334.412201 1088.847290 377.721069
frame00496 0.539184 1098.965088 348.629639 1248.037231 408.480347
frame00497 0.326732 938.734802 335.966614 1081.210693 377.913452
frame00497 0.539377 1103.882324 349.529388 1249.101562 408.080505
frame00498 0.262242 175.877518 322.218994 250.550674 356.282623
frame00498 0.333315 936.385620 335.100677 1081.006592 379.185944
frame00498 0.532785 1104.381836 348.659698 1245.872437 407.926056
frame00499 0.226702 177.367279 323.653717 251.221771 357.800171
frame00499 0.315953 936.266724 335.902985 1076.605713 378.604584
frame00499 0.538615 1104.422363 349.522827 1246.135498 407.938660
frame00500 0.314082 941.281799 336.089722 1082.032837 378.227295
frame00500 0.535345 1104.088135 350.216858 1247.583618 408.520782
frame00501 0.325409 938.195923 334.629364 1084.156250 379.753510
frame00501 0.539167 1102.307373 348.626312 1249.203979 411.405701
frame00502 0.340387 940.937500 335.617279 1086.615112 378.831421
frame00502 0.529978 1100.811279 349.541962 1247.638428 408.359070
frame00503 0.218748 168.858810 322.603180 249.729675 358.894958
frame00503 0.333628 937.558960 333.474670 1088.549072 379.955261
frame00503 0.528416 1100.465210 348.456055 1249.583130 411.275177
frame00504 0.202875 176.564972 325.360168 261.700134 360.425293
frame00504 0.333533 939.958984 334.947418 1086.649170 378.196930
frame00504 0.530365 1102.028320 349.864960 1249.467651 409.212067
frame00505 0.303365 944.637939 334.833588 1086.052856 377.030792
frame00505 0.557619 1096.090088 348.695435 1247.116943 407.431396
frame00506 0.288442 949.009338 334.456604 1086.213623 376.134888
frame00506 0.551430 1096.995972 348.318359 1243.549072 405.607239
frame00507 0.263622 168.479187 321.524323 250.689926 356.214874
frame00507 0.318385 946.896240 332.622192 1090.298096 377.455658
frame00507 0.534563 1097.872803 347.613647 1244.709473 407.517120
frame00508 0.292649 947.534241 334.659088 1087.427490 375.763672
frame00508 0.538676 1099.082153 348.353363 1241.389038 403.454437
frame00509 0.252792 172.374847 321.484497 252.461517 355.132996
frame00509 0.330366 943.743591 332.884766 1085.608032 376.450409
frame00509 0.536071 1102.607666 347.126434 1245.626465 406.312531
frame00510 0.326201 942.413391 335.085449 1081.006226 375.465454
frame00510 0.536045 1102.875854 348.250244 1245.078247 403.405396
frame00511 0.286876 174.274200 320.616608 252.154404 352.644714
frame00511 0.343415 937.589600 333.507141 1081.062500 376.047150
frame00511 0.532775 1105.413696 347.594116 1246.983887 405.002838
frame00512 0.250986 176.336838 322.248993 253.200851 354.612488
frame00512 0.336976 938.586914 333.986786 1080.678833 375.977325
frame00512 0.534657 1103.477539 347.754486 1246.450439 404.534210
frame00513 0.313192 943.047791 335.547394 1078.530884 374.963837
frame00513 0.538925 1100.877930 348.048706 1244.781982 402.083313
frame00514 0.238508 177.999237 323.240356 255.691223 355.415375
frame00514 0.331671 942.607422 333.806183 1083.428467 375.917725
frame00514 0.536934 1102.350708 347.517303 1245.111938 405.262054
frame00515 0.231667 173.689667 323.267120 254.246765 356.793701
frame00515 0.323744 949.169250 333.628693 1090.465332 375.538544
frame00515 0.515557 1103.006470 347.672363 1240.607178 403.699463
frame00516 0.250646 173.184326 323.762268 254.248383 356.344879
frame00516 0.335084 950.772827 333.536255 1092.553955 375.132172
frame00516 0.509738 1104.552490 348.016205 1240.969727 403.163300
frame00517 0.233889 175.098572 323.716125 253.939896 356.864594
frame00517 0.337130 948.849487 333.652496 1093.955078 376.853119
frame00517 0.512060 1105.030396 348.248810 1242.703491 405.711182
frame00518 0.227043 173.397217 323.798035 250.448578 357.474976
frame00518 0.357988 938.147888 333.805511 1089.913452 379.807526
frame00518 0.515734 1103.822266 348.520203 1248.798950 410.629150
frame00519 0.203426 181.388107 325.518799 258.028351 358.206238
frame00519 0.337970 935.552246 335.278412 1083.003418 379.007111
frame00519 0.536906 1100.636475 348.888489 1248.221680 409.344879
frame00520 0.324810 937.709351 335.890778 1082.277344 378.598145
frame00520 0.535903 1103.699707 349.362091 1248.991577 408.663483
frame00521 0.256035 178.741302 321.862091 254.814484 354.727692
frame00521 0.368236 936.406311 334.526550 1083.901001 378.299438
frame00521 0.525077 1106.679688 348.161041 1248.005981 407.182556
frame00522 0.236457 179.275757 320.872406 258.236816 356.371307
frame00522 0.343280 940.898132 334.424072 1077.934692 375.478699
frame00522 0.530252 1105.677734 347.600037 1244.669434 404.610748
frame00523 0.241077 175.718826 321.417999 252.743927 355.313934
frame00523 0.344854 940.258667 333.904755 1079.226562 375.557770
frame00523 0.536778 1104.538330 347.146729 1244.933594 403.914368
frame00524 0.343152 938.125488 334.840057 1079.163086 376.304474
frame00524 0.536619 1104.099731 348.029144 1247.791870 404.893280
frame00525 0.318869 942.002014 335.433441 1080.716797 375.694824
frame00525 0.546893 1099.240479 348.080048 1244.275635 404.623322
frame00526 0.222812 172.949951 322.377075 252.302124 356.696136
frame00526 0.336159 945.033691 333.607544 1085.676392 376.042389
frame00526 0.522143 1105.084106 347.856750 1244.640015 405.349670
frame00527 0.317774 951.180420 333.907532 1087.120605 375.154877
frame00527 0.535734 1100.527100 347.367340 1241.017456 403.238251
frame00528 0.203213 179.442261 322.200256 254.678162 356.601929
frame00528 0.343845 943.151245 333.577271 1083.185791 375.644867
frame00528 0.530216 1104.264648 346.926361 1244.497559 404.674347
frame00529 0.317149 945.002197 334.743408 1078.357300 374.820465
frame00529 0.547578 1100.408081 347.336304 1243.331055 403.650177
frame00530 0.340856 941.221619 335.214142 1080.370972 375.753113
frame00530 0.533692 1105.582153 348.276978 1246.849854 404.515198
frame00531 0.246280 175.905090 321.151184 252.501083 355.539368
frame00531 0.338101 938.767334 333.707947 1077.967896 375.738007
frame00531 0.538624 1101.673584 346.753265 1243.980957 404.080536
frame00532 0.330121 943.023621 335.118500 1078.727905 375.181976
frame00532 0.539729 1101.564209 347.420624 1244.038452 403.316895
frame00533 0.319806 950.413940 333.857574 1088.502441 376.541168
frame00533 0.523741 1104.028564 348.023834 1244.223511 405.044678
frame00534 0.228772 174.001099 322.782349 256.821228 358.332642
frame00534 0.316216 944.411377 334.043030 1086.848511 376.982025
frame00534 0.535507 1099.988892 348.515869 1246.136230 407.613617
frame00535 0.350020 942.891235 334.371643 1086.645996 376.820831
frame00535 0.545297 1095.113770 348.093475 1245.839722 406.031677
frame00536 0.364598 936.911621 334.863312 1082.153442 376.864014
frame00536 0.538861 1100.137695 349.344330 1249.933716 407.737091
frame00537 0.384499 934.165894 335.173645 1086.672241 378.419128
frame00537 0.522339 1102.379517 349.880829 1252.040039 408.754913
frame00538 0.318550 947.723633 334.201050 1089.779175 377.050751
frame00538 0.533574 1100.719238 348.946930 1246.652710 407.504852
frame00539 0.263213 174.527206 321.110901 254.392319 356.364471
frame00539 0.304410 943.206116 333.146484 1080.929810 375.893707
frame00539 0.555749 1095.217285 346.826538 1243.764771 406.122406
frame00540 0.255190 171.130402 320.670532 253.106720 355.572754
frame00540 0.308696 943.151245 332.976318 1083.827148 376.352600
frame00540 0.560111 1093.381592 346.880341 1243.723389 405.679810
frame00541 0.272867 172.529221 322.414520 252.065506 354.248688
frame00541 0.314567 947.748047 333.525421 1087.908203 375.454346
frame00541 0.538050 1098.900879 348.356659 1243.177734 404.967133
frame00542 0.205782 180.781403 323.755981 262.770752 359.071320
frame00542 0.316255 945.831238 334.093262 1089.352051 377.223297
frame00542 0.544129 1097.968384 348.480255 1246.695190 407.787354
frame00543 0.205833 175.244965 322.711578 260.630981 358.666351
frame00543 0.375493 934.445068 334.500153 1085.910034 378.956573
frame00543 0.534416 1100.049316 348.793549 1251.455566 409.104065
frame00544 0.366478 929.655212 334.473114 1080.655273 379.763336
frame00544 0.539572 1098.692749 349.344696 1251.313110 410.479767
frame00545 0.353802 934.562866 334.742981 1081.354004 379.879547
frame00545 0.541133 1095.906616 348.803802 1250.335327 411.186157
frame00546 0.353434 936.699829 336.139832 1077.955322 377.886078
frame00546 0.562710 1094.104492 348.480377 1252.086914 410.723145
frame00547 0.345755 932.750000 335.377625 1078.076904 378.815155
frame00547 0.562712 1095.601685 349.097107 1253.903320 412.394989
frame00548 0.362118 933.616882 335.310913 1080.266968 379.108795
frame00548 0.533925 1097.921631 349.612823 1251.061523 411.446411
frame00549 0.373406 930.756897 334.333221 1081.704346 378.899414
frame00549 0.539823 1099.149414 349.023712 1253.145508 411.232178
frame00550 0.360917 931.402222 333.316620 1082.676025 378.688568
frame00550 0.545922 1097.690674 348.189819 1251.791138 410.818512
frame00551 0.352596 931.592468 335.368774 1079.140381 379.594513
frame00551 0.546359 1097.557129 349.944153 1251.342529 411.781403
frame00552 0.352618 938.580078 336.028595 1081.574219 378.455139
frame00552 0.548953 1098.591797 350.639130 1251.606079 409.425415
frame00553 0.230824 178.514786 324.352661 254.419281 357.364563
frame00553 0.325609 943.803223 334.182129 1089.632812 377.778168
frame00553 0.526471 1102.739502 349.321533 1246.018799 407.998505
frame00554 0.257928 176.620850 323.308289 254.199615 355.179932
frame00554 0.343812 944.452209 333.350555 1091.052856 376.269196
frame00554 0.520385 1103.495728 347.920380 1244.561401 406.440918
frame00555 0.222560 178.229843 322.597717 256.552948 356.440460
frame00555 0.323101 944.809204 333.770660 1083.044678 375.655334
frame00555 0.547864 1100.637085 347.157227 1243.224487 404.766357
frame00556 0.214988 174.048950 321.553223 252.035400 357.466095
frame00556 0.333319 939.958801 333.109406 1079.956299 376.134888
frame00556 0.544630 1103.014893 346.704620 1246.037109 406.777985
frame00557 0.238270 176.149002 323.129211 253.769012 356.029297
frame00557 0.323931 949.334412 333.421082 1090.027588 375.735138
frame00557 0.523615 1101.415161 347.716034 1240.673706 404.282196
frame00558 0.233992 176.109024 324.122894 256.776978 356.526581
frame00558 0.330590 949.150513 333.626648 1091.055908 375.146240
frame00558 0.520412 1101.642456 347.599182 1240.117310 403.159119
frame00559 0.236260 177.009399 322.852661 257.022217 356.173401
frame00559 0.326167 943.790833 333.899414 1082.407593 375.665222
frame00559 0.538065 1100.616333 347.559967 1243.686646 404.939484
frame00560 0.302628 174.305740 320.771912 251.034149 352.897888
frame00560 0.340729 939.796021 333.210938 1081.472778 375.695679
frame00560 0.529622 1103.749756 347.424561 1245.058350 405.078308
frame00561 0.258335 176.540253 322.285828 255.261688 356.935425
frame00561 0.323850 942.846741 333.867249 1081.174561 376.095642
frame00561 0.545549 1098.278931 346.845001 1242.223267 404.792389
frame00562 0.303537 176.230286 322.704926 252.366562 356.587128
frame00562 0.317543 943.366638 333.230286 1078.453613 376.001160
frame00562 0.523767 1104.576782 347.672211 1242.792603 406.890930
frame00563 0.305111 176.840744 323.305511 253.899658 354.311493
frame00563 0.324705 946.576904 333.630035 1086.668213 375.271118
frame00563 0.501579 1107.920166 348.311096 1242.298828 405.382843
frame00564 0.221232 179.496460 325.277893 256.380371 357.852417
frame00564 0.318380 951.014404 334.408539 1084.203369 375.380859
frame00564 0.501513 1108.362183 348.866089 1242.085938 403.676788
frame00565 0.328295 948.861633 334.538666 1080.749878 375.597443
frame00565 0.513531 1108.397949 348.433990 1243.268066 404.390717
frame00566 0.337025 950.166382 334.404572 1084.602539 375.582092
frame00566 0.502522 1109.514160 348.264008 1242.997314 403.937531
frame00567 0.292681 176.211990 322.476624 253.188568 354.759308
frame00567 0.332122 944.358521 333.428375 1084.756836 375.455780
frame00567 0.495743 1109.442505 348.108856 1244.194214 405.936249
frame00568 0.318410 175.618301 321.299591 247.250839 352.413116
frame00568 0.332572 943.192627 332.694672 1083.453491 376.378479
frame00568 0.510094 1107.555176 347.931580 1244.822144 406.699158
frame00569 0.255865 182.202896 323.690247 259.639526 355.785828
frame00569 0.328581 943.328308 333.489441 1081.797729 374.743439
frame00569 0.514260 1107.657349 347.595032 1245.807129 405.608337
frame00570 0.304516 175.900909 321.581055 256.093323 354.362244
frame00570 0.334642 944.794250 333.120514 1084.156616 375.447845
frame00570 0.500302 1110.699707 347.962006 1245.675049 406.712402
frame00571 0.276785 178.441330 323.933228 256.335358 354.603027
frame00571 0.314308 948.092407 333.835815 1086.196167 375.509491
frame00571 0.523956 1101.507812 347.844604 1242.000488 404.506348
frame00572 0.303667 177.059631 322.172089 252.454681 354.183899
frame00572 0.307661 941.459229 333.188110 1078.563843 375.537598
frame00572 0.529175 1103.596680 347.544098 1243.817017 406.764374
frame00573 0.248055 180.307846 323.348999 251.753815 355.091583
frame00573 0.316733 946.053955 333.806152 1079.778076 376.106506
frame00573 0.524755 1107.572144 348.367279 1244.376709 406.267303
frame00574 0.228686 182.132568 324.332336 257.116119 357.404114
frame00574 0.330319 947.955017 333.918823 1082.513916 375.202026
frame00574 0.498486 1109.138672 348.192047 1241.700562 404.305725
frame00575 0.263360 178.981247 321.659180 256.474915 356.067139
frame00575 0.343570 944.187866 333.766754 1081.192261 375.914612
frame00575 0.505174 1111.562988 348.371124 1246.525635 405.987396
frame00576 0.243254 177.225464 323.719574 253.726166 356.544769
frame00576 0.333929 947.734924 334.112732 1084.344971 375.546173
frame00576 0.496503 1110.080811 348.576782 1243.757446 404.282196
frame00577 0.301652 174.864471 321.224091 250.859863 354.538605
frame00577 0.311021 945.316528 332.672760 1080.667480 375.434601
frame00577 0.524606 1104.111328 347.248901 1243.448608 406.135376
frame00578 0.264701 182.979401 323.997345 261.909546 356.938538
frame00578 0.318297 945.602173 333.465088 1082.729858 374.756195
frame00578 0.515013 1105.523682 346.950958 1243.065186 404.577209
frame00579 0.293488 176.071899 321.106110 251.868408 353.769623
frame00579 0.332675 939.359619 333.130005 1081.012451 376.375519
frame00579 0.523865 1105.217529 347.283783 1245.300049 407.335266
frame00580 0.285990 176.665100 321.819000 255.058380 355.101593
frame00580 0.311766 944.694336 333.300446 1082.831055 375.921753
frame00580 0.519623 1103.945435 347.317413 1242.584961 405.931183
frame00581 0.234815 179.079865 322.335999 260.208374 357.747559
frame00581 0.331906 943.142395 333.323822 1080.964233 375.011688
frame00581 0.521667 1108.266479 347.314575 1246.629883 406.319977
frame00582 0.214658 176.085190 320.262360 259.528564 357.862091
frame00582 0.336656 940.660522 333.287231 1078.364258 375.410400
frame00582 0.525227 1106.656128 346.770630 1246.938599 406.478912
frame00583 0.262187 175.148483 320.074799 255.638824 355.030731
frame00583 0.338544 943.784180 333.049652 1082.890869 375.772217
frame00583 0.507166 1109.846313 347.389679 1246.018921 406.518463
frame00584 0.295845 177.629211 322.242126 256.842804 355.014557
frame00584 0.319686 944.347900 333.043121 1084.442261 375.523682
frame00584 0.518063 1102.912720 347.044983 1242.236450 405.706116
frame00585 0.256656 179.827042 323.439026 257.828735 356.979034
frame00585 0.308038 950.215149 333.738770 1082.439087 374.508698
frame00585 0.529376 1100.996216 347.326324 1239.507568 403.449036
frame00586 0.224942 182.154327 323.326935 262.977417 358.327576
frame00586 0.332260 947.217102 334.057220 1083.927734 374.759277
frame00586 0.518977 1106.294678 347.336761 1243.726074 403.369781
frame00587 0.277524 168.659271 319.162964 248.566269 353.434509
frame00587 0.348431 939.507812 332.498932 1079.020508 375.914520
frame00587 0.517293 1108.246460 347.100342 1247.415527 407.087067
frame00588 0.322110 947.477661 333.552460 1083.298218 374.182587
frame00588 0.539526 1102.320801 347.225311 1246.008179 403.267944
frame00589 0.240322 170.129700 321.699890 253.703308 355.928680
frame00589 0.326210 951.575378 332.702393 1087.373291 373.919556
frame00589 0.518295 1104.070923 347.421509 1243.346680 403.618378
frame00590 0.210296 175.294464 322.304688 256.595428 355.306976
frame00590 0.313010 950.615479 332.999756 1087.208618 374.198486
frame00590 0.519767 1104.875732 347.876129 1243.823364 403.849304
frame00591 0.268258 169.775055 321.325500 250.765839 354.439178
frame00591 0.341093 952.439209 332.279877 1090.818604 373.938354
frame00591 0.517758 1103.868042 347.327911 1243.028198 404.258301
frame00592 0.314728 944.875488 333.698486 1082.171143 375.220886
frame00592 0.541041 1098.680908 346.212006 1241.528076 403.260681
frame00593 0.303092 943.223633 334.494019 1079.816406 375.201385
frame00593 0.542584 1097.304443 347.527954 1242.337158 402.852600
frame00594 0.239231 173.883759 322.413971 256.473114 357.832336
frame00594 0.335162 941.444641 334.252167 1083.309692 376.850067
frame00594 0.541295 1102.936035 348.207367 1246.725342 407.499420
frame00595 0.247191 174.670395 320.230469 257.141602 358.108246
frame00595 0.363993 936.936584 334.438812 1085.296997 378.986389
frame00595 0.532144 1105.681641 347.692963 1248.160889 409.067566
frame00596 0.265083 172.736481 322.282715 255.764618 356.995789
frame00596 0.347640 944.485352 333.814209 1091.583130 376.956268
frame00596 0.521622 1103.496460 348.171936 1245.475098 407.539825
frame00597 0.237548 174.934998 323.572540 255.337906 357.626617
frame00597 0.330450 943.382935 334.168274 1083.857788 375.544739
frame00597 0.529224 1102.268799 347.750366 1243.071045 404.819641
frame00598 0.248572 176.132294 321.864044 253.906998 355.040741
frame00598 0.338662 940.190430 333.448242 1082.620728 376.104126
frame00598 0.539132 1101.713379 346.968719 1246.290771 404.841003
frame00599 0.208036 172.587463 322.329865 250.354889 355.302521
frame00599 0.346632 945.458374 332.778412 1091.672607 376.863342
frame00599 0.520271 1102.960083 347.651550 1246.141235 406.665375
frame00600 0.256798 168.450150 322.040100 249.487900 354.850037
frame00600 0.320207 944.830688 333.551971 1087.324585 375.833374
frame00600 0.535737 1098.835205 348.619293 1244.781250 406.227112
frame00601 0.332573 941.652954 334.398315 1083.723389 377.190308
frame00601 0.555716 1093.369141 347.562622 1244.514771 406.174347
frame00602 0.337621 943.699646 334.338928 1083.621582 375.661652
frame00602 0.553192 1095.306274 347.932465 1245.115479 405.498749
frame00603 0.293141 171.470566 322.066528 251.322662 353.874054
frame00603 0.318029 946.944031 332.901978 1088.023438 375.230255
frame00603 0.533711 1098.774292 348.009674 1242.935913 404.722931
frame00604 0.213786 178.816147 324.109741 261.001556 355.572052
frame00604 0.211885 823.799377 336.807556 928.492188 376.618896
frame00604 0.316163 950.795288 333.799408 1095.166992 375.910034
frame00604 0.527646 1095.834961 347.395142 1238.893799 401.923157
frame00605 0.237571 176.775543 322.798248 250.944901 354.584076
frame00605 0.332906 945.256409 333.317200 1085.655273 375.566864
frame00605 0.525352 1101.376709 347.325500 1242.618042 404.330811
frame00606 0.301361 946.882324 334.693665 1085.707397 375.086670
frame00606 0.525412 1100.665771 348.123291 1243.718384 401.814087
frame00607 0.282363 176.482727 319.633759 255.835724 353.763611
frame00607 0.343187 940.812073 333.221008 1080.170410 375.791290
frame00607 0.520534 1108.125488 347.328033 1246.186401 405.966614
frame00608 0.253064 175.005966 322.299377 256.891144 355.465637
frame00608 0.341480 943.783020 333.389923 1083.239502 375.228546
frame00608 0.516232 1108.695312 348.143433 1246.149048 405.180084
frame00609 0.277122 175.847702 321.949097 252.955170 354.968109
frame00609 0.330194 945.092712 332.781586 1085.670898 375.780792
frame00609 0.522998 1105.601196 347.174713 1244.804077 405.172943
frame00610 0.256067 178.413483 323.977600 259.429199 356.656433
frame00610 0.318690 949.359131 333.781281 1088.025146 375.100891
frame00610 0.515433 1105.598755 347.733643 1242.239868 403.953247
frame00611 0.285339 174.286331 322.563782 251.237579 354.607117
frame00611 0.340582 943.598572 333.535309 1084.128784 375.879974
frame00611 0.520478 1105.679688 347.869751 1243.768066 405.952881
frame00612 0.245107 171.975006 320.931244 251.136719 355.580200
frame00612 0.360368 939.439636 334.106842 1081.924927 376.327271
frame00612 0.532635 1102.953979 347.334137 1243.946655 404.236115
frame00613 0.292742 171.124496 319.893127 253.689728 355.142700
frame00613 0.369617 936.537231 333.211426 1083.869385 377.247345
frame00613 0.534525 1103.452026 346.993103 1247.564087 407.714264
frame00614 0.295077 168.190948 320.465820 253.647644 356.399139
frame00614 0.374797 934.331116 333.825470 1086.321655 378.486053
frame00614 0.524238 1106.395142 347.827393 1249.220825 408.658478
frame00615 0.289375 167.490875 320.818604 249.134598 356.000244
frame00615 0.361935 932.933228 334.308228 1084.294434 379.918671
frame00615 0.521779 1106.206299 348.304443 1248.712280 409.678802
frame00616 0.264120 176.830872 324.505890 253.150558 356.193970
frame00616 0.345836 940.741882 334.675385 1085.824707 377.738617
frame00616 0.522570 1103.866455 349.237762 1247.224121 407.985870
frame00617 0.277806 175.175995 324.416901 246.741653 355.664703
frame00617 0.330773 945.440308 334.382965 1085.034302 377.631042
frame00617 0.499611 1109.448120 350.070923 1245.479248 408.864838
frame00618 0.279660 173.830338 322.375549 250.235519 354.968567
frame00618 0.339161 943.405762 333.566498 1085.446899 377.425476
frame00618 0.519743 1106.145996 348.233185 1245.450928 407.833862
frame00619 0.285027 178.188797 324.167633 251.611496 353.453278
frame00619 0.320422 944.230713 334.196655 1081.760742 375.243988
frame00619 0.516136 1105.119507 348.510498 1241.865967 404.556458
frame00620 0.280374 176.374893 323.695557 251.782532 354.629700
frame00620 0.320941 946.404968 333.619476 1082.591309 375.565613
frame00620 0.520606 1106.302979 348.599060 1243.980591 405.211823
frame00621 0.248918 176.711334 324.143097 252.307449 355.582672
frame00621 0.201394 834.437866 337.179840 932.573364 378.079285
frame00621 0.322985 946.406372 334.185974 1081.457520 375.605682
frame00621 0.515321 1107.498657 348.953979 1243.763550 405.092407
frame00622 0.242401 179.439911 325.187195 253.202499 356.339935
frame00622 0.329282 945.605530 334.420349 1081.733521 375.221130
frame00622 0.515684 1105.027832 348.057892 1240.657593 404.326019
frame00623 0.255360 178.610458 325.666229 250.499451 354.217255
frame00623 0.325457 943.583679 334.204956 1078.895386 375.052002
frame00623 0.512190 1107.202148 348.546570 1242.858643 402.698578
frame00624 0.272777 176.698135 322.948730 255.132278 355.895691
frame00624 0.356864 944.370850 333.253510 1083.222534 375.557159
frame00624 0.503328 1108.410889 347.663422 1245.029907 405.162262
frame00625 0.280812 177.853836 322.486115 255.505432 354.453094
frame00625 0.347921 943.015259 333.094666 1081.579346 375.121643
frame00625 0.509645 1106.418701 347.517609 1244.776855 404.652588
frame00626 0.249369 180.747375 324.739532 254.669769 355.911469
frame00626 0.335508 944.900513 334.052917 1080.829956 374.865356
frame00626 0.506451 1107.392334 348.115509 1242.692627 404.590729
frame00627 0.207182 182.752960 325.982574 261.066345 357.966400
frame00627 0.332402 945.412598 334.716034 1081.604980 374.997162
frame00627 0.505516 1108.774658 348.942719 1243.343506 403.249969
frame00628 0.204438 181.770157 325.510925 260.972534 358.623383
frame00628 0.335765 944.788452 334.345673 1080.429565 375.045441
frame00628 0.518076 1106.119263 348.113800 1243.668823 403.429077
frame00629 0.224971 180.931580 325.469360 257.826477 356.502563
frame00629 0.330488 945.323364 334.293549 1081.056519 374.924683
frame00629 0.513760 1105.770752 348.445190 1242.505859 403.565857
frame00630 0.317961 945.492859 334.554779 1079.901245 375.243530
frame00630 0.522730 1104.967773 348.135010 1243.797852 403.323822
frame00631 0.316095 171.757675 320.316467 249.116302 352.176392
frame00631 0.334891 944.956116 332.297913 1082.485107 375.602814
frame00631 0.490958 1110.815674 346.816589 1244.107422 404.884827
frame00632 0.264772 172.501541 323.185944 252.178787 356.202087
frame00632 0.330252 947.599792 333.328552 1084.514893 375.481567
frame00632 0.486924 1109.331665 347.639435 1241.995972 404.659332
frame00633 0.218931 180.188354 325.046539 257.565063 357.047241
frame00633 0.336077 945.479614 334.227661 1083.505127 375.891266
frame00633 0.501911 1109.956787 348.875610 1245.425781 404.401886
frame00634 0.202156 182.493408 326.154114 259.242889 358.471161
frame00634 0.342572 946.308044 334.814301 1084.493530 375.513550
frame00634 0.497036 1108.619263 348.389099 1242.795166 402.136688
frame00635 0.234819 178.427414 325.484955 254.277481 356.202972
frame00635 0.341910 946.635254 334.167816 1087.437988 375.533752
frame00635 0.493282 1109.019287 348.868134 1244.244019 404.131256
frame00636 0.207597 181.860428 324.953918 258.785583 358.246826
frame00636 0.330562 947.183105 334.241638 1083.182861 375.229492
frame00636 0.513456 1106.256592 348.251251 1243.826660 403.340881
frame00637 0.269467 173.487762 321.379700 249.621902 355.081940
frame00637 0.346607 942.799988 332.445160 1082.193481 376.380829
frame00637 0.509652 1109.286377 347.353363 1246.682007 407.209961
frame00638 0.265085 173.210922 321.507629 249.405151 355.395172
frame00638 0.339809 940.911560 332.642059 1079.066650 376.509369
frame00638 0.517392 1107.673462 347.249207 1246.544922 407.191132
frame00639 0.304732 172.855133 321.194244 245.956787 352.749176
frame00639 0.330444 942.521362 332.279846 1078.681152 375.547058
frame00639 0.520144 1106.585205 347.036346 1245.293579 406.045898
frame00640 0.297432 172.832718 321.633026 248.198929 353.134308
frame00640 0.328667 939.604980 332.470703 1075.239502 374.921143
frame00640 0.512055 1107.156006 346.874634 1243.346924 404.498932
frame00641 0.348971 167.593704 320.972046 247.378067 349.549286
frame00641 0.210953 835.719116 335.678192 935.705688 375.364075
frame00641 0.285683 947.444946 332.358429 1078.000732 373.621887
frame00641 0.496680 1106.742065 347.885559 1240.697144 402.890594
frame00642 0.349183 170.589981 319.902252 251.092758 350.269409
frame00642 0.334512 943.895996 332.560028 1078.560547 373.417999
frame00642 0.480097 1108.303101 347.571930 1241.441895 403.033844
frame00643 0.341032 175.053650 320.982819 252.874969 349.610657
frame00643 0.313973 944.786987 333.101013 1079.150391 373.135864
frame00643 0.490673 1105.331787 347.402618 1239.165527 400.974182
frame00644 0.257632 177.374878 322.630157 257.446655 355.882812
frame00644 0.327939 944.123413 333.928986 1076.701660 374.054901
frame00644 0.505156 1105.297729 346.918396 1241.100830 401.748810
frame00645 0.266376 177.509979 322.045166 253.726334 354.362274
frame00645 0.339404 945.324463 333.319611 1081.558716 375.585388
frame00645 0.502597 1109.737061 347.643127 1244.853027 403.306213
frame00646 0.276981 177.878143 322.433929 253.491394 353.449524
frame00646 0.330589 946.051636 333.549927 1081.033203 375.616119
frame00646 0.508978 1106.699463 347.850586 1244.225586 403.134125
frame00647 0.268244 176.170029 323.280914 254.809433 355.198578
frame00647 0.351625 948.634033 333.606506 1084.578613 374.935455
frame00647 0.483050 1110.625244 348.497284 1243.971069 403.234680
frame00648 0.323020 172.717117 321.842651 249.267639 352.298859
frame00648 0.336202 946.825867 332.905273 1083.252563 375.081909
frame00648 0.481413 1110.345947 347.522583 1242.059570 403.703217
frame00649 0.247746 172.551300 321.737152 250.744553 355.803436
frame00649 0.321023 947.537231 333.772583 1080.208252 375.004547
frame00649 0.511285 1105.530762 348.064758 1242.925049 404.858856
frame00650 0.284418 177.330338 323.283600 254.418091 353.982117
frame00650 0.345339 946.272217 332.626434 1086.158569 374.266174
frame00650 0.511088 1109.036499 347.269531 1244.789307 403.538483
frame00651 0.329126 941.562378 334.923676 1084.091187 374.794006
frame00651 0.536492 1097.145630 346.728180 1244.203003 401.384125
frame00652 0.342754 947.109009 333.817200 1092.886475 376.283295
frame00652 0.526127 1099.144775 347.507568 1242.166748 403.964111
frame00653 0.354435 938.983398 334.436157 1089.473755 379.829468
frame00653 0.520781 1101.449219 348.812653 1248.818359 409.421051
frame00654 0.339857 941.439575 334.514984 1089.167847 379.538940
frame00654 0.525097 1099.890747 348.626770 1246.159790 408.550934
frame00655 0.346025 940.771179 335.297852 1089.561768 378.962006
frame00655 0.513873 1100.758545 349.354797 1246.578369 407.582642
frame00656 0.348675 941.481873 336.407318 1087.790771 377.395905
frame00656 0.527903 1099.244751 349.295807 1246.792847 406.206879
frame00657 0.361327 942.589600 334.250885 1089.823486 377.855621
frame00657 0.524393 1101.988037 348.190216 1246.103271 407.675781
frame00658 0.236763 176.262436 322.902252 251.809814 356.615540
frame00658 0.363709 942.647766 333.808777 1091.145142 377.678986
frame00658 0.518283 1103.011719 347.688232 1244.734131 407.067200
frame00659 0.344557 940.441772 335.273132 1086.889526 378.724365
frame00659 0.534628 1100.644409 348.684052 1248.286621 409.187897
frame00660 0.334874 943.606934 336.108246 1087.579224 378.667389
frame00660 0.536384 1099.688843 349.460663 1246.600220 408.072662
frame00661 0.359178 942.671204 334.893036 1088.577759 378.742767
frame00661 0.533335 1101.073242 348.842926 1248.425049 409.518158
frame00662 0.346425 941.275940 333.778137 1089.009277 379.208221
frame00662 0.531627 1100.608643 348.323059 1248.313477 410.009125
frame00663 0.356725 940.608032 334.498566 1087.205933 378.135345
frame00663 0.529382 1101.514160 348.447540 1248.349365 408.890533
frame00664 0.326414 944.595459 334.397064 1087.140503 376.803345
frame00664 0.541022 1098.373047 348.426422 1245.609619 406.663391
frame00665 0.340298 945.762451 334.511566 1088.698486 376.932037
frame00665 0.540555 1096.875488 347.880310 1245.587158 405.237366
frame00666 0.211362 177.351227 323.844391 259.048523 359.632507
frame00666 0.314234 946.035645 334.254486 1084.518433 375.399567
frame00666 0.551508 1096.840698 348.002533 1243.292969 404.107056
frame00667 0.338106 942.424072 334.259277 1085.739624 376.526520
frame00667 0.551345 1094.869019 347.962067 1246.597656 405.624146
frame00668 0.372446 938.301941 334.493469 1083.805786 377.313202
frame00668 0.536208 1098.056152 348.760803 1247.598389 407.198029
frame00669 0.384907 934.240723 334.660156 1086.242188 377.843506
frame00669 0.553242 1094.065063 347.513977 1251.134033 408.182983
frame00670 0.359573 933.385254 335.980133 1076.740356 377.059357
frame00670 0.568366 1095.981201 348.133881 1252.840454 409.102142
frame00671 0.365499 929.854004 334.834167 1082.416260 378.535645
frame00671 0.555774 1093.324097 348.119690 1252.582031 408.722778
frame00672 0.370661 933.380859 333.936371 1083.119629 377.522522
frame00672 0.566558 1093.213867 346.808899 1251.119263 408.505554
frame00673 0.372566 929.121948 335.572083 1079.832642 378.772705
frame00673 0.549057 1096.343872 349.781525 1254.839355 412.048157
frame00674 0.351472 933.637695 336.415222 1084.167969 379.184967
frame00674 0.536129 1096.983521 350.259003 1249.601685 409.870728
frame00675 0.374716 933.466431 335.781372 1086.377808 379.480133
frame00675 0.536461 1095.512573 349.337891 1249.625610 409.609161
frame00676 0.380959 930.841370 337.377289 1084.210815 380.280090
frame00676 0.517094 1099.045166 351.364624 1251.122803 409.908356
frame00677 0.247011 176.977829 327.329132 252.398621 360.550476
frame00677 0.390236 932.345703 336.788025 1088.212769 381.297089
frame00677 0.484099 1104.278687 351.802887 1248.973877 412.708923
frame00678 0.223281 178.531876 327.497833 254.816162 362.318726
frame00678 0.379118 931.308350 336.494171 1085.951660 380.970276
frame00678 0.502261 1100.166748 350.240540 1247.574219 412.315338
frame00679 0.363732 939.498901 335.612823 1092.808594 380.453156
frame00679 0.508309 1098.814941 349.913269 1245.875366 409.800507
frame00680 0.361790 933.450989 335.608521 1089.558960 381.274292
frame00680 0.532687 1096.698120 349.902374 1250.542847 411.485352
frame00681 0.217598 173.665833 324.139282 253.721100 360.839844
frame00681 0.360227 937.608337 334.843140 1088.441895 379.920837
frame00681 0.537850 1097.578735 349.852600 1249.130249 411.776154
frame00682 0.370690 930.647827 335.904510 1081.395142 378.749756
frame00682 0.552002 1094.495728 349.231415 1250.575439 410.094788
frame00683 0.366538 929.642334 336.009521 1076.624634 378.474762
frame00683 0.556032 1096.032593 349.247345 1251.357666 411.046997
frame00684 0.379221 928.446655 336.031555 1077.819092 378.682281
frame00684 0.556819 1095.881836 348.677765 1255.741943 409.531738