frame00001 0.324551 785.023804 333.731812 881.421509 371.518341
frame00001 0.240993 939.199219 336.148041 1070.127930 378.207092
frame00001 0.515838 1108.849121 346.854309 1257.701294 415.097046
frame00002 0.279920 780.185303 333.646454 892.030884 373.403198
frame00002 0.229070 935.459656 336.185669 1073.856934 380.322784
frame00002 0.497638 1115.004395 348.607941 1262.615845 414.293304
frame00003 0.255969 791.488342 332.255981 887.814941 367.779297
frame00003 0.297725 934.190125 335.947998 1078.063721 378.662567
frame00003 0.519860 1110.008423 347.761383 1268.344360 420.793701
frame00004 0.240533 796.940674 331.358551 896.406311 367.522675
frame00004 0.297183 933.598572 335.729523 1077.691284 378.191010
frame00004 0.515956 1111.336060 348.136230 1264.075684 415.095245
frame00005 0.317967 806.497070 333.324615 900.711670 369.839233
frame00005 0.268497 941.483521 333.983032 1081.780273 377.205780
frame00005 0.539945 1101.202637 347.438171 1254.542725 413.969574
frame00006 0.306346 805.535339 333.101440 899.705566 368.976135
frame00006 0.266532 937.580200 334.658325 1080.475342 378.028351
frame00006 0.548309 1100.389282 347.140747 1258.682983 414.391693
frame00007 0.281206 815.622559 336.391663 904.224548 371.307983
frame00007 0.263664 944.179382 335.863861 1073.090576 375.421814
frame00007 0.522697 1101.605469 350.085693 1243.968506 407.324554
frame00008 0.390170 796.371826 336.270569 888.822876 369.794708
frame00008 0.212872 953.455505 335.789368 1089.155884 378.300873
frame00008 0.533541 1094.737427 347.982208 1243.799194 405.632996
frame00009 0.340044 790.840088 336.524292 886.320862 369.897766
frame00009 0.222135 938.183289 337.167938 1075.777588 379.626251
frame00009 0.540041 1099.607300 350.758362 1251.012817 406.869293
frame00010 0.366869 789.395874 337.332031 884.211914 371.483032
frame00010 0.207123 942.483521 337.493896 1080.307861 380.370056
frame00010 0.535335 1099.384521 350.736511 1250.899292 408.741241
frame00011 0.302523 799.516602 337.219452 893.498535 372.561249
frame00011 0.218120 941.550903 336.701904 1074.871582 378.930359
frame00011 0.546071 1101.041504 350.833282 1250.650757 407.731903
frame00012 0.289183 803.215027 336.710724 896.648560 371.699890
frame00012 0.245518 939.992615 336.438995 1073.793213 378.441101
frame00012 0.543378 1099.516479 349.951599 1249.366943 406.111725
frame00013 0.243801 799.047119 335.437561 898.016357 371.058167
frame00013 0.294619 939.158630 335.069946 1076.740234 377.361969
frame00013 0.526753 1104.649170 351.520325 1252.660034 406.312317
frame00014 0.220396 179.819412 324.207184 261.795685 355.910248
frame00014 0.224809 807.051086 335.573975 899.342041 370.555542
frame00014 0.282340 940.679932 335.409912 1072.833008 375.490845
frame00014 0.520369 1104.423340 350.993622 1250.238770 405.840698
frame00015 0.216889 803.946472 336.250549 893.551697 367.867920
frame00015 0.302602 943.866821 335.629425 1078.688843 375.358887
frame00015 0.521600 1105.059937 350.695343 1249.949463 403.068237
frame00016 0.229868 804.393066 335.410217 895.378052 368.809540
frame00016 0.299356 940.986206 335.018036 1078.035400 376.146240
frame00016 0.522980 1104.600952 349.761475 1250.274902 404.301208
frame00017 0.298264 939.064087 335.867523 1073.191406 374.777649
frame00017 0.544682 1102.218140 350.421631 1250.793823 404.798828
frame00018 0.292962 794.871704 336.080811 885.741882 366.950989
frame00018 0.303908 945.426514 336.533051 1082.089844 377.391754
frame00018 0.504628 1104.395996 352.444672 1248.861450 404.358582
frame00019 0.240489 420.419434 332.142853 530.798401 372.434753
frame00019 0.288105 798.603027 336.732361 889.939880 365.809479
frame00019 0.290907 943.855347 336.681549 1077.570557 376.776459
frame00019 0.502926 1105.787231 353.288483 1248.244385 403.935089
frame00020 0.202655 416.656372 330.198059 532.656799 373.918091
frame00020 0.285948 790.842041 335.114044 882.346863 364.906219
frame00020 0.296288 946.047852 336.055267 1078.586548 375.768799
frame00020 0.510756 1107.576660 353.724854 1250.341553 403.443115
frame00021 0.213804 183.977676 323.521027 272.032104 357.696075
frame00021 0.317820 789.101501 333.699493 878.906616 364.251404
frame00021 0.295125 942.757080 334.995972 1078.596802 375.829590
frame00021 0.523512 1106.349731 352.415985 1252.619507 405.450043
frame00022 0.213434 184.564804 324.474670 272.628601 358.049744
frame00022 0.289038 789.788757 333.932556 879.627014 364.633087
frame00022 0.308584 942.166443 335.265045 1078.503418 375.993317
frame00022 0.513240 1106.471436 352.553986 1251.667725 404.353210
frame00023 0.281354 795.867615 335.480316 883.300903 364.115723
frame00023 0.306246 942.748352 336.353699 1078.886963 375.811127
frame00023 0.521971 1104.508179 352.744141 1252.107056 404.874268
frame00024 0.313945 790.288818 334.675751 879.300659 363.628784
frame00024 0.293765 944.304321 335.693787 1081.342041 375.868835
frame00024 0.518271 1102.821533 351.667084 1249.780640 403.440155
frame00025 0.328306 790.103455 334.025757 883.264282 363.884277
frame00025 0.314263 940.473083 335.144501 1078.871704 376.406738
frame00025 0.503409 1106.455811 351.720764 1250.676758 403.509460
frame00026 0.211773 181.034332 324.141327 269.755188 358.455170
frame00026 0.315523 792.031250 334.269562 880.187073 365.110474
frame00026 0.327284 946.212463 334.756622 1084.149048 376.212463
frame00026 0.500854 1106.294678 351.693115 1249.478638 404.028046
frame00027 0.261456 177.934723 323.183685 264.822968 355.184479
frame00027 0.281758 795.517273 334.630371 886.052551 366.279236
frame00027 0.325391 944.986023 334.533875 1084.037842 376.050598
frame00027 0.516322 1105.522705 351.386444 1251.668213 404.950348
frame00028 0.310214 792.090210 336.641876 873.680969 364.150726
frame00028 0.321253 941.245361 336.900238 1076.652344 376.010681
frame00028 0.517630 1105.578857 351.644714 1255.578003 406.167969
frame00029 0.328895 786.279907 334.900848 875.211060 363.423920
frame00029 0.307335 943.897400 335.908752 1075.731323 375.334167
frame00029 0.510883 1107.301270 352.533173 1251.420776 402.643433
frame00030 0.208043 182.379761 324.040924 269.585632 355.973297
frame00030 0.306142 780.036377 333.814117 871.463684 363.909332
frame00030 0.311079 942.023987 335.328644 1076.575562 375.296356
frame00030 0.518629 1103.747925 352.457336 1252.265869 402.313629
frame00031 0.250812 179.518524 323.667114 268.471130 353.867004
frame00031 0.285482 788.890686 333.604431 885.010498 364.094177
frame00031 0.313718 942.381836 334.885559 1079.947388 375.086121
frame00031 0.512000 1103.584961 352.276215 1250.827393 402.453064
frame00032 0.248907 176.582703 322.917847 259.471100 351.428528
frame00032 0.259556 794.255981 335.382202 890.450439 367.390106
frame00032 0.310695 947.654114 335.165771 1084.392578 375.674133
frame00032 0.495522 1105.223267 351.748718 1248.807861 402.931946
frame00033 0.210664 176.994553 322.164429 264.312286 354.477142
frame00033 0.280931 797.514404 336.061279 890.519958 367.491089
frame00033 0.323048 947.273499 335.885040 1084.553711 375.708130
frame00033 0.501398 1103.832275 351.114258 1249.317871 403.861328
frame00034 0.261903 792.237061 336.767883 881.506836 366.931946
frame00034 0.329366 938.931030 336.962280 1077.772095 376.428925
frame00034 0.512479 1102.499756 351.793121 1253.608276 405.041199
frame00035 0.229143 804.385986 338.467804 886.881836 366.700745
frame00035 0.333664 939.011902 338.578003 1074.006104 375.785950
frame00035 0.530593 1100.649170 352.061920 1254.615723 405.528595
frame00036 0.217733 810.222839 340.030670 892.114319 367.503113
frame00036 0.301854 938.698181 339.769409 1071.688110 376.355591
frame00036 0.552924 1096.436035 352.900696 1254.758789 406.485809
frame00037 0.257021 800.968750 340.061584 884.878662 369.038025
frame00037 0.314808 942.078735 340.167480 1077.104370 377.958984
frame00037 0.521278 1099.863892 353.168732 1252.889282 405.717194
frame00038 0.233874 811.022034 340.824524 897.322998 370.969818
frame00038 0.316748 939.975037 339.798737 1073.132202 378.077667
frame00038 0.518139 1104.838135 354.619415 1253.699219 407.302704
frame00039 0.249085 812.507568 339.980499 896.732239 368.384369
frame00039 0.280909 947.008179 339.114288 1077.554321 376.466705
frame00039 0.537304 1096.797607 353.044464 1250.338013 404.474976
frame00040 0.237859 803.069702 338.498932 888.196655 367.536072
frame00040 0.294220 940.273376 338.644196 1070.561035 376.903839
frame00040 0.542925 1097.391602 352.926666 1255.228760 406.775757
frame00041 0.271740 789.531860 338.707733 875.190918 365.947266
frame00041 0.315092 940.768311 340.137543 1072.508301 376.855164
frame00041 0.524331 1095.589111 353.749969 1254.229370 404.233185
frame00042 0.203376 799.532593 338.163300 886.653748 367.926086
frame00042 0.339209 938.885376 338.517700 1072.368408 376.747070
frame00042 0.533509 1094.463135 352.922913 1251.661133 403.825134
frame00043 0.218100 636.225098 328.938171 743.206482 363.128540
frame00043 0.251496 786.042175 337.920441 870.032654 365.103607
frame00043 0.337976 941.328064 339.806335 1075.067505 377.209045
frame00043 0.510353 1089.100586 352.024750 1252.004883 403.252869
frame00044 0.283375 645.756592 329.685638 748.399719 360.555206
frame00044 0.263342 776.276184 337.388153 864.006104 365.989532
frame00044 0.349579 941.258789 340.303925 1077.572754 377.820251
frame00044 0.499177 1086.868896 351.148529 1253.835205 403.267334
frame00045 0.314451 652.122803 330.719299 750.072021 359.578644
frame00045 0.252923 773.275146 337.061890 860.339966 365.521027
frame00045 0.338199 939.085754 340.725616 1074.597290 378.775543
frame00045 0.504100 1087.882568 351.843414 1258.910645 407.589691
frame00046 0.205213 629.860168 328.809692 740.315613 365.479675
frame00046 0.209392 791.535522 338.766602 880.884888 368.214722
frame00046 0.345967 935.801147 340.066406 1072.907959 378.510071
frame00046 0.521014 1090.277222 352.781952 1254.400879 405.280060
frame00047 0.279109 639.485229 328.183624 744.934448 362.957733
frame00047 0.221511 789.067993 337.587677 873.654785 366.509277
frame00047 0.349673 938.034668 339.990326 1071.626953 377.154602
frame00047 0.518958 1086.985840 351.174225 1254.164307 404.404938
frame00048 0.232302 624.853149 327.179779 737.352417 365.451996
frame00048 0.350277 932.556213 339.579041 1070.246216 378.856140
frame00048 0.526793 1089.980835 352.143433 1256.638672 406.381134
frame00049 0.218556 625.758484 327.326202 737.489380 365.284424
frame00049 0.353566 933.487915 339.479370 1071.975342 379.594330
frame00049 0.513793 1092.111938 353.401062 1256.903198 406.959137
frame00050 0.240896 633.811096 328.915314 738.088135 364.874451
frame00050 0.201139 794.734253 338.419434 879.786316 368.154358
frame00050 0.358723 933.413208 340.235779 1070.450684 378.806152
frame00050 0.513027 1092.103149 352.832367 1258.015625 407.153229
frame00051 0.224001 627.320435 327.454163 739.437988 365.945618
frame00051 0.217163 799.677856 338.542847 888.597534 369.444458
frame00051 0.326174 936.294800 339.702545 1073.533813 378.171509
frame00051 0.522411 1087.865356 351.575623 1253.121094 404.852631
frame00052 0.268975 635.742249 327.422272 741.840576 362.900604
frame00052 0.218323 793.790955 337.284088 884.310059 369.087769
frame00052 0.328862 937.252869 339.568054 1075.987183 379.404266
frame00052 0.519971 1084.512817 351.335602 1255.646240 406.983856
frame00053 0.296652 638.192810 329.012756 742.630005 363.337860
frame00053 0.345006 933.092529 340.591370 1073.618164 379.834106
frame00053 0.514318 1085.903809 351.668518 1259.697388 408.192383
frame00054 0.301481 637.226624 327.357178 743.736938 362.026245
frame00054 0.202070 788.983887 336.532959 882.992676 368.823822
frame00054 0.338898 933.159912 339.630432 1072.269165 379.686340
frame00054 0.515482 1083.322632 351.303772 1256.091797 406.222107
frame00055 0.203395 805.815674 338.290802 899.457764 370.059021
frame00055 0.315609 937.261353 338.604401 1074.484741 378.280304
frame00055 0.532405 1087.984497 351.597076 1251.413818 403.523102
frame00056 0.228165 623.243774 327.090271 739.596802 366.277710
frame00056 0.331754 936.161743 339.637756 1072.392700 377.869049
frame00056 0.518404 1085.985474 351.647614 1251.332275 403.979523
frame00057 0.202858 615.540466 326.748749 737.381714 367.623444
frame00057 0.204769 802.090332 337.595917 899.645386 369.891357
frame00057 0.320817 934.616089 338.778503 1074.525635 379.008850
frame00057 0.532394 1085.885010 352.234222 1254.187744 405.976837
frame00058 0.276168 624.445984 326.770508 737.557678 364.182739
frame00058 0.330757 933.207092 339.616028 1069.338989 377.998779
frame00058 0.525643 1082.691528 350.947235 1252.569946 404.198395
frame00059 0.257675 623.324524 327.548523 738.691162 364.742706
frame00059 0.314130 936.111084 339.878784 1070.543701 376.875763
frame00059 0.520035 1085.260010 350.977936 1251.121338 402.071167
frame00060 0.201087 617.132446 326.190155 734.899231 367.136871
frame00060 0.315864 934.924622 339.274261 1069.689453 377.988342
frame00060 0.527694 1087.488403 351.810669 1250.692139 403.616974
frame00061 0.269259 625.875916 325.533966 740.574402 363.642395
frame00061 0.326050 931.301025 339.677460 1069.179443 378.669556
frame00061 0.513849 1086.883545 351.233887 1254.378052 404.439056
frame00062 0.214016 622.433838 327.795197 737.715515 365.213562
frame00062 0.205308 797.412231 337.267212 893.190002 368.561005
frame00062 0.318999 933.135498 339.261505 1075.222900 379.939941
frame00062 0.526437 1085.132324 351.838409 1256.953369 406.067993
frame00063 0.218328 804.672241 338.353363 895.295715 368.861664
frame00063 0.323385 937.819824 338.806519 1075.210693 379.613892
frame00063 0.521872 1089.125854 352.336151 1253.957275 405.083252
frame00064 0.312796 940.237183 339.592041 1074.513062 379.155304
frame00064 0.518668 1091.101318 353.340424 1253.595337 406.267303
frame00065 0.307400 940.115051 339.291534 1076.455200 378.473633
frame00065 0.518971 1092.692993 354.461243 1252.457764 406.585297
frame00066 0.310456 936.266724 339.904938 1075.294922 380.130676
frame00066 0.523647 1086.284058 353.929810 1251.628174 405.329041
frame00067 0.253289 430.968811 337.476593 532.213928 372.838867
frame00067 0.303650 939.610291 338.314819 1080.089600 379.633118
frame00067 0.518102 1087.625488 354.048187 1249.741089 404.334412
frame00068 0.289015 426.980927 336.375305 533.413513 374.046539
frame00068 0.288669 940.078491 337.053436 1083.937866 380.148834
frame00068 0.519631 1089.923096 353.658539 1248.125244 405.635437
frame00069 0.248178 428.459320 336.884125 533.376770 373.525024
frame00069 0.305369 938.006042 338.039825 1079.847534 379.830994
frame00069 0.515631 1089.963135 353.531250 1248.696289 404.227997
frame00070 0.205546 433.140533 337.536682 537.289307 372.817017
frame00070 0.315104 939.588745 339.901245 1075.891724 379.098663
frame00070 0.517127 1088.355469 354.311493 1252.552734 403.367859
frame00071 0.297602 938.452759 339.893250 1075.359375 379.293549
frame00071 0.528074 1087.560791 353.868378 1253.567383 405.172058
frame00072 0.300454 942.241089 339.310883 1075.166504 378.441406
frame00072 0.528725 1089.566162 353.698730 1252.814819 404.352356
frame00073 0.226253 425.948944 336.454376 533.692078 373.256165
frame00073 0.204064 801.618164 338.656891 899.443237 369.548492
frame00073 0.313504 938.280396 338.466309 1078.682129 378.980347
frame00073 0.517087 1092.409912 353.652191 1250.140259 403.369873
frame00074 0.203292 429.189789 336.175598 536.259216 373.216644
frame00074 0.201934 793.632507 337.601532 894.763184 369.208252
frame00074 0.309733 937.230835 338.959198 1076.978027 379.188354
frame00074 0.509769 1090.512939 353.797607 1251.198608 403.564575
frame00075 0.230677 432.344940 336.246155 535.299255 373.064728
frame00075 0.301744 943.503113 338.154358 1078.618652 378.675781
frame00075 0.525379 1091.193726 353.944824 1250.942505 403.560699
frame00076 0.222865 429.538300 335.456787 534.927795 374.262054
frame00076 0.322432 938.085205 338.417480 1074.644653 379.428894
frame00076 0.534207 1090.186523 353.782013 1252.755981 406.685638
frame00077 0.229082 623.305420 326.516449 734.799927 364.443665
frame00077 0.326338 942.482422 339.421967 1074.200317 378.844421
frame00077 0.517418 1087.787476 353.158722 1253.165161 407.346222
frame00078 0.220088 620.077881 326.537994 731.674133 363.703156
frame00078 0.318094 941.442810 338.991119 1074.743530 379.754913
frame00078 0.512999 1088.165405 353.405426 1254.043457 407.033508
frame00079 0.214426 435.880371 335.083008 540.403687 375.128052
frame00079 0.235085 621.149414 326.344299 732.291138 363.647003
frame00079 0.325031 943.086304 338.775635 1075.521484 379.897095
frame00079 0.516022 1086.106445 353.397400 1253.830322 407.075043
frame00080 0.288478 442.159180 337.112244 541.123779 373.989471
frame00080 0.215938 615.561951 329.037872 726.207764 364.111298
frame00080 0.322047 938.074951 338.691589 1073.409180 379.837646
frame00080 0.515470 1085.110962 353.456390 1252.567383 405.898315
frame00081 0.265863 443.681519 337.060303 545.223755 373.255615
frame00081 0.224372 613.891479 329.903168 724.698547 363.255035
frame00081 0.320171 934.416260 339.304840 1071.274780 380.424011
frame00081 0.517203 1086.195190 352.565460 1256.982910 406.657013
frame00082 0.230642 440.798828 337.210205 548.377563 375.286102
frame00082 0.274151 620.215271 329.450256 731.307739 362.206665
frame00082 0.334018 935.434692 339.897186 1072.642822 379.291382
frame00082 0.520267 1081.930908 351.395874 1257.880859 405.314514
frame00083 0.236776 443.037415 337.531830 544.748047 373.610352
frame00083 0.240797 617.111145 330.028687 727.932678 363.358978
frame00083 0.328444 937.328613 339.639832 1071.230347 379.014374
frame00083 0.518192 1084.326050 352.157349 1255.225586 404.462067
frame00084 0.278309 440.177277 337.747925 544.954041 374.675720
frame00084 0.243006 620.858521 330.385498 731.049866 363.208649
frame00084 0.319249 937.466736 340.035339 1069.151611 378.944458
frame00084 0.532141 1080.600708 352.194885 1253.676880 404.521240
frame00085 0.244371 441.113434 336.062225 550.906067 375.479187
frame00085 0.309099 622.028687 328.543152 732.896729 361.147552
frame00085 0.327099 934.598938 340.426514 1068.826172 379.079529
frame00085 0.521186 1080.122803 351.520630 1254.863037 404.575989
frame00086 0.280183 445.920380 336.524689 551.902039 373.698334
frame00086 0.306907 615.824280 328.555054 729.877625 360.264832
frame00086 0.326569 934.030151 339.476379 1068.425537 378.947174
frame00086 0.515288 1083.765259 351.515045 1255.421143 403.352051
frame00087 0.299660 448.751495 336.005035 547.614624 372.575867
frame00087 0.268548 607.199585 328.866028 723.294189 362.885925
frame00087 0.332142 934.214539 338.994965 1070.524658 378.865204
frame00087 0.506472 1086.632324 351.735107 1251.997192 402.209564
frame00088 0.287543 444.322327 335.953644 548.021362 372.586304
frame00088 0.279433 600.486328 328.365906 723.644409 363.204346
frame00088 0.326873 937.033813 338.346710 1071.599121 377.081726
frame00088 0.512249 1082.179688 349.885437 1248.857544 399.112701
frame00089 0.238246 445.975830 334.841858 555.477356 372.631531
frame00089 0.365817 606.587585 327.207977 724.803406 358.549957
frame00089 0.322967 938.103577 338.682587 1072.585938 376.985474
frame00089 0.505490 1077.931519 347.550842 1249.626709 398.596893
frame00090 0.223328 443.521973 336.230408 552.935913 373.796631
frame00090 0.365480 603.848022 329.264435 722.799133 360.806641
frame00090 0.322326 939.789429 339.018250 1075.071289 376.600250
frame00090 0.495679 1083.472290 349.258820 1252.586426 400.778748
frame00091 0.233165 449.232666 336.923889 560.204651 373.426270
frame00091 0.412791 601.584961 330.884491 721.560791 360.263153
frame00091 0.304664 935.031860 340.000214 1071.701172 378.173187
frame00091 0.498733 1077.575073 349.395203 1254.297119 402.028229
frame00092 0.220823 451.934021 337.038300 560.014465 372.430481
frame00092 0.377516 594.170410 331.259552 716.849854 361.324615
frame00092 0.298730 937.306824 340.133484 1072.813232 377.894714
frame00092 0.500279 1077.548096 349.635254 1252.661133 400.528046
frame00093 0.401020 588.487061 330.834808 717.906189 362.555359
frame00093 0.305810 941.427063 339.178833 1077.836670 375.947571
frame00093 0.491096 1082.605103 348.293304 1252.027466 399.126617
frame00094 0.230627 446.893005 337.095093 552.228271 372.236694
frame00094 0.357024 592.213379 330.224884 717.727661 362.494415
frame00094 0.312491 938.788330 338.554016 1073.045776 376.304901
frame00094 0.506103 1083.546021 348.326996 1253.331543 400.179626
frame00095 0.211909 447.189087 335.911560 555.819214 371.958954
frame00095 0.391173 586.453613 329.139374 713.957764 361.203217
frame00095 0.295810 937.104004 337.774109 1071.913940 375.636841
frame00095 0.511752 1079.998291 346.101837 1252.129517 399.535217
frame00096 0.443585 580.950256 328.170258 718.497986 361.172913
frame00096 0.292042 934.086243 338.256165 1071.569580 375.227264
frame00096 0.505357 1078.189941 345.068329 1251.053345 397.493622
frame00097 0.441518 578.316467 327.713898 713.976501 362.700317
frame00097 0.329087 929.500854 338.707947 1071.420166 376.440186
frame00097 0.497734 1082.379395 346.313660 1254.057983 399.358551
frame00098 0.250504 456.115692 336.773712 560.635132 372.723572
frame00098 0.364488 583.405212 330.527802 709.554749 362.834930
frame00098 0.351116 933.678833 338.757263 1068.744629 377.227173
frame00098 0.489884 1091.609985 349.556213 1257.997559 401.277344
frame00099 0.221192 451.553925 337.322601 556.813232 374.268188
frame00099 0.374421 587.739929 330.277039 710.436768 362.643158
frame00099 0.306051 938.874817 338.821564 1068.637695 375.990570
frame00099 0.492479 1084.779053 349.042389 1251.210693 400.344635
frame00100 0.268606 456.673126 338.191467 551.059204 372.048950
frame00100 0.260270 576.305786 331.029968 699.239990 365.456207
frame00100 0.296694 934.673584 337.792328 1068.283081 377.950470
frame00100 0.501073 1091.625000 350.967560 1252.537109 402.492767
frame00101 0.236072 456.555542 337.820251 552.079834 371.880249
frame00101 0.270420 575.488342 330.835083 697.222412 365.224548
frame00101 0.312810 934.193237 338.042542 1069.446289 378.188934
frame00101 0.485826 1093.197510 350.680084 1252.709717 403.052429
frame00102 0.213555 460.017853 338.663696 554.040527 371.513916
frame00102 0.303023 574.449890 332.146942 693.709473 364.527313
frame00102 0.308781 934.561768 338.284485 1068.068115 377.614563
frame00102 0.485778 1093.338379 349.958984 1254.250732 401.475494
frame00103 0.200864 461.146790 337.964966 557.322693 370.284393
frame00103 0.351674 573.314087 331.817383 691.432861 361.272644
frame00103 0.294622 932.373291 337.007385 1064.822021 376.037415
frame00103 0.502187 1091.701904 347.959839 1256.807983 401.612854
frame00104 0.363918 571.562134 330.334717 692.495483 361.672546
frame00104 0.301460 933.661438 337.221832 1066.720215 375.196747
frame00104 0.496203 1090.946045 348.021606 1252.714355 400.079681
frame00105 0.213669 449.358246 339.380219 552.068665 372.605347
frame00105 0.339711 572.435120 332.146149 695.815735 363.549957
frame00105 0.290246 937.031860 337.489197 1071.890869 375.963318
frame00105 0.501788 1086.080078 347.494141 1251.182739 398.999237
frame00106 0.284559 456.343018 337.923492 552.263672 372.069550
frame00106 0.251650 567.588257 330.559692 693.080505 365.648560
frame00106 0.331461 934.057251 337.262482 1071.209961 376.881012
frame00106 0.497224 1091.145142 349.798798 1251.461060 399.300385
frame00107 0.219388 453.062469 337.211334 555.960571 371.730103
frame00107 0.349982 564.760132 330.285889 694.633423 363.842590
frame00107 0.309363 937.562988 336.062500 1079.463013 375.859924
frame00107 0.494526 1084.757202 346.157043 1249.204834 397.731689
frame00108 0.334600 552.311951 328.738464 682.907654 364.921875
frame00108 0.307618 931.790283 335.866760 1073.310791 376.041595
frame00108 0.505596 1086.280640 346.101044 1250.382080 398.486023
frame00109 0.212705 459.832794 336.695587 557.393005 370.787750
frame00109 0.307910 550.322815 329.789886 678.162842 365.577026
frame00109 0.321074 928.587891 336.195068 1074.555298 377.231659
frame00109 0.499484 1090.673218 347.117584 1253.525513 399.821655
frame00110 0.341759 549.877441 328.671265 683.541992 365.574402
frame00110 0.317132 932.056519 336.392273 1075.049072 376.627625
frame00110 0.498689 1087.498779 346.559845 1251.414307 399.075378
frame00111 0.363010 554.477905 329.705627 680.123596 363.769348
frame00111 0.317395 934.186951 336.008362 1077.707153 376.106598
frame00111 0.489690 1086.981689 345.291290 1248.795288 398.017792
frame00112 0.218639 453.926147 337.409943 555.726196 371.300110
frame00112 0.356608 559.452820 331.286255 681.623291 362.881500
frame00112 0.295574 938.663818 335.523285 1078.116333 375.027893
frame00112 0.493025 1085.759644 345.199432 1248.003296 397.295105
frame00113 0.261861 457.186554 337.451691 556.255981 371.726196
frame00113 0.268955 552.039551 330.824005 677.412048 365.556305
frame00113 0.317543 936.461304 335.699127 1076.119995 375.458496
frame00113 0.494418 1091.268799 347.535461 1249.411865 398.885071
frame00114 0.213434 460.211517 338.090179 558.582092 371.138519
frame00114 0.339576 558.036499 331.273315 678.823364 362.486176
frame00114 0.290431 932.857605 335.840973 1071.402344 376.385681
frame00114 0.501149 1089.059814 346.419769 1254.120728 400.708649
frame00115 0.392570 559.654785 330.107605 679.269043 361.408081
frame00115 0.294353 930.291748 335.639465 1069.572876 376.454437
frame00115 0.501718 1088.106079 344.855164 1254.676514 401.690369
frame00116 0.355040 554.140625 331.278076 676.269897 363.200012
frame00116 0.297366 933.336121 335.915894 1073.100098 375.339752
frame00116 0.498375 1089.696533 346.142090 1253.275391 399.555023
frame00117 0.381326 560.013184 332.166321 683.286072 363.847290
frame00117 0.309420 939.373413 336.339874 1079.383057 375.062134
frame00117 0.488707 1089.356445 345.578827 1251.296265 399.844421
frame00118 0.396311 551.495728 329.003571 679.323425 365.345581
frame00118 0.319544 927.563599 336.321320 1072.542847 377.471436
frame00118 0.497579 1092.985107 345.626892 1253.130737 402.431000
frame00119 0.398722 554.764832 330.916473 680.935059 365.138214
frame00119 0.298045 932.012329 336.482635 1075.032227 376.656189
frame00119 0.498175 1091.393799 345.414032 1252.367798 402.073730
frame00120 0.416565 557.232178 331.251434 677.072083 362.423676
frame00120 0.289609 931.187012 336.152985 1075.845337 377.548462
frame00120 0.503721 1085.945435 344.356628 1254.464111 403.009125
frame00121 0.415192 556.819214 330.833679 680.207153 363.514679
frame00121 0.303822 934.117371 337.004272 1076.684448 376.867950
frame00121 0.494630 1088.305664 345.357788 1253.113770 402.101929
frame00122 0.366444 556.858582 333.025024 677.624451 365.304260
frame00122 0.289344 938.927612 337.360840 1077.562256 375.952789
frame00122 0.489372 1091.617432 347.152222 1250.538574 401.343903
frame00123 0.420216 555.092529 332.338623 674.767822 363.552063
frame00123 0.279605 939.017273 336.147095 1078.715698 376.002533
frame00123 0.489256 1089.717529 344.103455 1249.199219 401.032043
frame00124 0.438491 555.466675 332.066895 676.200623 362.896149
frame00124 0.281924 939.380188 335.272858 1079.141724 375.224976
frame00124 0.490782 1089.038940 342.700653 1249.841675 399.927399
frame00125 0.429337 557.984924 332.063904 674.394836 362.850342
frame00125 0.303384 944.132568 335.328156 1080.711426 374.153900
frame00125 0.478569 1092.012817 342.538971 1248.688477 398.736206
frame00126 0.428039 555.453552 329.987061 673.293091 362.022247
frame00126 0.270437 939.671692 334.556519 1073.112549 374.160858
frame00126 0.503775 1088.619019 341.675934 1247.623657 398.672089
frame00127 0.410026 552.618042 330.687347 672.175354 362.555878
frame00127 0.267699 936.691040 335.124298 1070.203369 374.033447
frame00127 0.505898 1088.567383 343.132721 1248.294800 398.474792
frame00128 0.373371 548.341553 328.630371 674.435547 364.045319
frame00128 0.292456 933.349731 335.101105 1070.530029 374.578766
frame00128 0.501345 1092.635498 345.339661 1250.685303 399.419678
frame00129 0.377551 547.392944 327.833954 674.865784 364.013428
frame00129 0.294129 929.392639 334.652405 1067.286621 375.290466
frame00129 0.503833 1093.143311 345.099060 1252.391113 400.986786
frame00130 0.397470 545.808472 328.180756 673.842041 363.607513
frame00130 0.303586 932.106628 335.013672 1070.247314 374.626617
frame00130 0.476620 1096.376953 344.868408 1249.893188 399.074768
frame00131 0.382051 547.599854 328.408386 676.127625 364.482758
frame00131 0.296144 935.521729 334.959778 1072.243042 373.676727
frame00131 0.482230 1094.740601 345.114410 1247.996826 397.850647
frame00132 0.369752 544.093140 329.201172 680.764648 366.317657
frame00132 0.284398 936.992188 335.048065 1073.462402 373.170197
frame00132 0.499181 1093.421753 345.467865 1248.858765 397.331512
frame00133 0.420348 544.801392 329.635132 674.260498 364.961517
frame00133 0.281483 934.802734 334.559906 1070.371704 373.933167
frame00133 0.516497 1089.095337 341.812836 1250.713501 399.722229
frame00134 0.370770 542.561096 331.447418 670.590942 365.121704
frame00134 0.274627 937.192627 335.048279 1072.303711 374.354370
frame00134 0.512303 1089.573364 343.255585 1251.111938 399.040680
frame00135 0.315514 544.368652 332.834778 672.376160 366.686890
frame00135 0.270444 940.378784 335.823456 1074.022583 374.522461
frame00135 0.506824 1091.408447 345.158173 1249.771240 398.799835
frame00136 0.325898 542.549805 331.870758 673.641418 368.037689
frame00136 0.270197 936.535339 335.739624 1071.730347 375.262329
frame00136 0.520411 1087.075439 344.444397 1248.501221 399.229614
frame00137 0.345050 541.417236 331.323914 677.115356 368.564362
frame00137 0.203305 816.581177 339.213531 923.176514 372.511292
frame00137 0.287695 937.265259 336.188873 1075.175293 375.010803
frame00137 0.501543 1089.692871 345.121521 1246.898315 397.342285
frame00138 0.222260 444.250336 337.670563 555.953613 374.306732
frame00138 0.272267 535.355591 330.135803 678.010864 370.806000
frame00138 0.304401 930.933899 336.756439 1071.537354 375.501892
frame00138 0.512277 1095.217651 347.400940 1250.716309 399.084167
frame00139 0.230121 440.192322 337.126923 552.267761 375.085602
frame00139 0.276738 532.688904 329.804565 676.030640 371.342041
frame00139 0.289624 934.087158 335.617340 1074.918945 375.036285
frame00139 0.504809 1093.097656 346.714600 1247.557617 399.321442
frame00140 0.224222 454.518005 335.259308 560.611938 373.778870
frame00140 0.252978 531.342651 328.659943 668.198486 369.679199
frame00140 0.294410 936.704407 335.752472 1072.808350 375.328583
frame00140 0.497500 1096.928833 347.977966 1249.054199 400.393982
frame00141 0.263692 449.359406 336.105988 560.788391 374.668030
frame00141 0.262937 531.237671 329.109222 671.661316 369.657898
frame00141 0.268504 936.634399 335.900574 1069.890625 375.189514
frame00141 0.512339 1095.052124 348.358215 1249.567627 400.286041
frame00142 0.261150 454.685120 335.718384 563.112549 374.308350
frame00142 0.264650 532.173706 328.822540 671.542419 368.529633
frame00142 0.291260 933.893311 336.049408 1070.033936 375.211548
frame00142 0.494249 1099.420410 348.635315 1252.389893 400.913330
frame00143 0.255182 447.740417 335.915009 559.793823 373.719727
frame00143 0.286510 533.073608 329.642517 678.223572 369.774170
frame00143 0.301880 934.114624 336.092316 1069.438965 374.377075
frame00143 0.488415 1101.254517 347.808441 1251.161621 400.841339
frame00144 0.211075 179.159103 328.395630 266.025940 358.460876
frame00144 0.245447 437.651398 334.488586 553.257507 375.200745
frame00144 0.286405 533.542236 327.426361 680.555298 370.479614
frame00144 0.291400 941.470703 335.074738 1076.820557 373.540344
frame00144 0.476787 1098.017456 346.887207 1244.196045 398.026428
frame00145 0.227328 450.136902 334.076691 563.014465 375.239838
frame00145 0.319053 532.945190 326.738434 677.128235 368.821564
frame00145 0.291817 940.024109 334.604279 1074.931519 374.068024
frame00145 0.473802 1098.683838 346.169617 1246.763916 398.339417
frame00146 0.413142 542.686462 326.744843 684.520935 365.386719
frame00146 0.317569 937.879150 335.188599 1070.867798 373.182220
frame00146 0.471028 1098.421143 344.134918 1251.095825 398.955505
frame00147 0.204359 181.609940 325.553284 266.807159 354.980957
frame00147 0.400989 538.161560 324.817413 684.747986 364.542755
frame00147 0.303879 936.233154 334.252014 1072.400391 373.368530
frame00147 0.466146 1098.473145 344.520386 1250.439209 397.667603
frame00148 0.410591 539.949829 325.486053 685.478882 364.276337
frame00148 0.303285 935.365723 334.106415 1074.050903 373.198792
frame00148 0.461442 1098.189697 343.210114 1250.279053 396.771790
frame00149 0.224609 182.509186 324.889465 270.645782 356.745422
frame00149 0.395981 535.421082 325.373077 683.044678 365.734039
frame00149 0.310816 937.334290 334.588348 1074.287842 373.907959
frame00149 0.460914 1100.553589 344.200470 1251.808594 398.205292
frame00150 0.201523 181.334656 326.468597 267.319397 357.362762
frame00150 0.217921 448.901001 333.527649 569.018860 375.800232
frame00150 0.389098 531.749634 326.129181 682.578613 366.828461
frame00150 0.299355 940.976868 335.432343 1074.707031 373.437683
frame00150 0.452131 1104.299194 346.086487 1250.099609 397.662933
frame00151 0.209485 446.550842 337.450165 563.654663 374.974976
frame00151 0.339042 539.649902 330.102692 684.191895 367.635254
frame00151 0.284576 943.143250 336.862885 1072.900269 373.331818
frame00151 0.447065 1102.327881 345.581116 1245.769287 394.678345
frame00152 0.392795 539.860840 329.113434 680.446533 366.725647
frame00152 0.283333 943.235107 336.295380 1071.795898 373.836243
frame00152 0.447225 1102.326294 344.363098 1247.167114 396.176819
frame00153 0.347658 535.359802 328.359985 682.624878 369.513641
frame00153 0.296936 941.874756 336.231537 1075.348877 374.477966
frame00153 0.454546 1102.015869 345.378235 1247.453491 396.046143
frame00154 0.207574 448.599304 335.203339 568.249878 375.343597
frame00154 0.376697 535.172241 328.672089 679.402161 367.716339
frame00154 0.204172 820.667480 337.173950 927.467712 371.477203
frame00154 0.283385 941.891418 336.129333 1072.148804 373.646423
frame00154 0.458118 1100.707275 344.404816 1245.737305 395.470642
frame00155 0.384972 536.530212 327.579102 681.535950 366.829987
frame00155 0.282864 944.301392 335.589813 1072.593262 373.264801
frame00155 0.455054 1102.630249 344.969452 1247.964844 395.792175
frame00156 0.217635 180.470139 324.945923 266.899963 356.771973
frame00156 0.411586 526.169678 324.258179 677.671021 367.363190
frame00156 0.297954 939.705261 334.620056 1074.114746 373.779572
frame00156 0.457379 1104.247314 344.993835 1250.320068 398.597931
frame00157 0.209619 183.624573 325.952850 273.054077 359.698212
frame00157 0.220665 455.589111 333.036255 569.327026 374.632324
frame00157 0.349986 528.487305 326.841431 670.623657 367.322601
frame00157 0.294301 942.261292 334.631165 1077.555908 374.303894
frame00157 0.463050 1100.390625 345.093842 1248.840088 397.975311
frame00158 0.201190 183.539764 326.074524 272.157013 359.850952
frame00158 0.243800 453.338654 332.884949 571.900146 375.962463
frame00158 0.324423 523.379456 326.290161 669.125488 368.155273
frame00158 0.319033 939.329895 334.909790 1076.656860 374.807465
frame00158 0.456828 1105.319214 345.728455 1251.109741 399.027252
frame00159 0.245851 449.805145 333.515961 569.506592 376.998383
frame00159 0.323513 525.807983 326.525574 673.115540 368.955200
frame00159 0.299299 941.538696 335.393555 1075.713013 373.840881
frame00159 0.466077 1103.297241 346.907501 1249.546143 398.668671
frame00160 0.355390 533.729187 327.656281 679.482544 368.303131
frame00160 0.280550 943.350830 335.481293 1072.748291 373.405457
frame00160 0.457664 1104.400757 345.841400 1247.877441 396.764069
frame00161 0.359768 535.386108 328.041107 675.142822 367.752747
frame00161 0.291677 942.213440 335.479156 1072.820923 374.508911
frame00161 0.447922 1104.399902 345.025452 1246.700195 396.595642
frame00162 0.204757 183.683960 327.259766 269.651062 357.446014
frame00162 0.245326 448.199280 333.714081 565.899109 376.446106
frame00162 0.305263 527.869141 325.817719 671.734314 368.381226
frame00162 0.294460 943.345947 334.859741 1076.263306 373.879395
frame00162 0.440735 1107.947632 346.374176 1245.206055 395.779510
frame00163 0.202930 183.443665 326.371124 271.345184 357.890259
frame00163 0.262872 449.275848 333.207550 569.311096 376.687897
frame00163 0.332859 529.180969 325.290466 675.752563 367.709778
frame00163 0.295349 938.781433 334.267761 1073.978149 373.681274
frame00163 0.454253 1104.546753 345.317261 1247.146362 396.334930
frame00164 0.210173 184.584427 325.903687 272.454681 356.929382
frame00164 0.254673 446.464874 332.227356 570.968384 376.870361
frame00164 0.340736 526.643738 323.893951 676.991577 367.612366
frame00164 0.296563 937.167358 334.426300 1073.982666 374.308105
frame00164 0.456907 1103.835571 345.842407 1247.972534 398.471069
frame00165 0.286960 179.340698 323.627808 266.277100 354.839508
frame00165 0.283182 443.891266 329.899536 571.143433 378.020538
frame00165 0.315326 516.960571 322.153076 672.136230 369.790649
frame00165 0.318562 939.000977 333.609619 1080.925903 374.050049
frame00165 0.453764 1105.787598 345.521423 1247.803101 398.464966
frame00166 0.242935 441.653503 330.279449 572.177856 376.007080
frame00166 0.350018 517.739502 323.111389 670.567627 367.312164
frame00166 0.309303 936.543945 334.433167 1075.959595 373.939941
frame00166 0.463697 1103.155884 344.665863 1249.214355 396.867920
frame00167 0.273485 443.217834 331.664856 571.289917 378.249756
frame00167 0.300403 517.846680 324.542755 670.918884 369.843414
frame00167 0.315981 939.882446 334.830017 1076.409546 373.442505
frame00167 0.475917 1102.219482 346.864227 1248.043213 399.493195
frame00168 0.298334 438.589447 334.191132 561.447571 378.902893
frame00168 0.204989 517.864441 325.153992 675.307312 375.480133
frame00168 0.294551 940.953735 335.128418 1076.905273 374.256561
frame00168 0.483847 1102.856445 348.619659 1244.542847 398.645905
frame00169 0.248259 177.690125 326.559174 260.907532 355.799500
frame00169 0.343104 432.760437 333.961304 558.575562 381.443726
frame00169 0.290399 940.646729 334.432526 1081.511719 374.868378
frame00169 0.495152 1102.902344 349.402527 1243.953857 400.165283
frame00170 0.237033 177.859467 326.646271 262.564240 357.959259
frame00170 0.357716 431.487885 334.432709 556.609863 381.350037
frame00170 0.209785 826.108704 337.599396 929.926147 370.673462
frame00170 0.288171 939.927429 334.304718 1082.540649 376.157715
frame00170 0.485407 1103.942261 349.148865 1242.856445 401.241058
frame00171 0.227790 183.040787 326.999268 268.555817 358.439545
frame00171 0.382922 429.122375 334.082001 556.992493 381.231506
frame00171 0.300909 935.205933 335.124512 1076.432861 375.281738
frame00171 0.494798 1107.952393 350.508240 1246.200684 402.389038
frame00172 0.202877 181.542633 327.647003 270.088776 360.285248
frame00172 0.384402 433.002747 335.152222 559.282104 380.770050
frame00172 0.271828 935.390076 335.307678 1074.804565 375.210480
frame00172 0.510699 1102.748779 350.591248 1247.199463 402.048889
frame00173 0.373820 434.256622 337.060852 552.545532 380.230499
frame00173 0.279014 936.638672 334.907654 1078.265869 376.257141
frame00173 0.506468 1101.407104 348.840332 1245.080933 402.468384
frame00174 0.224468 185.042572 328.273987 267.444031 359.594116
frame00174 0.411916 427.619080 337.095337 549.723999 382.823456
frame00174 0.293793 936.129395 334.630981 1081.132324 375.625305
frame00174 0.501086 1104.272705 349.351288 1242.349121 400.701721
frame00175 0.233796 185.273300 327.941711 268.625702 359.266998
frame00175 0.381017 429.950378 335.837585 554.370056 382.109375
frame00175 0.207893 829.073181 338.685547 926.503418 370.236847
frame00175 0.279060 937.074890 334.227905 1082.341309 375.672180
frame00175 0.507939 1100.067993 348.276306 1241.175049 400.713531
frame00176 0.414718 423.899780 338.172577 548.611084 382.209534
frame00176 0.296959 932.223816 334.501068 1080.295898 376.235382
frame00176 0.511429 1102.534424 348.692474 1242.938965 400.594666
frame00177 0.415546 425.353119 339.392487 542.874573 381.325592
frame00177 0.268955 938.845886 334.329468 1080.936035 376.514801
frame00177 0.520607 1101.108643 348.363983 1240.513672 401.455780
frame00178 0.387704 424.143982 339.561249 544.204773 379.863922
frame00178 0.269035 943.878784 334.835968 1083.138428 375.658600
frame00178 0.499312 1102.400146 348.473267 1239.341919 398.005585
frame00179 0.405510 417.086029 338.569824 541.203613 380.430054
frame00179 0.276775 944.855347 334.583862 1088.063843 375.023560
frame00179 0.494833 1103.205444 348.768799 1238.181274 397.384064
frame00180 0.393074 427.858276 338.315399 545.452576 379.218994
frame00180 0.275276 940.688354 333.870605 1083.500854 375.616760
frame00180 0.497223 1102.947510 347.129700 1240.570923 399.406586
frame00181 0.404373 427.421844 338.186066 547.824951 379.774200
frame00181 0.262683 938.753052 334.092621 1080.757080 376.451569
frame00181 0.510586 1102.620117 347.657562 1242.377808 401.631439
frame00182 0.405137 421.199921 338.597961 547.956055 381.648376
frame00182 0.280962 934.545593 334.931824 1081.726562 377.598907
frame00182 0.516462 1101.397949 348.897278 1243.329590 402.685486
frame00183 0.384392 419.986877 337.866150 546.884277 382.040588
frame00183 0.285587 934.825806 334.715179 1084.006714 377.632721
frame00183 0.502190 1103.400635 349.189758 1242.060791 402.235352
frame00184 0.383962 423.722656 337.822266 547.397095 381.119812
frame00184 0.286348 933.179810 334.568970 1082.172241 377.682831
frame00184 0.503933 1103.022705 348.369476 1242.877319 401.743408
frame00185 0.398603 418.097260 337.842712 548.383118 382.866913
frame00185 0.290251 934.946045 334.981293 1084.472412 377.783936
frame00185 0.503631 1102.961670 349.333893 1242.207153 402.541565
frame00186 0.419582 414.066315 337.818848 540.970154 383.063995
frame00186 0.295587 935.770630 334.618805 1084.003784 377.503784
frame00186 0.507935 1103.812988 348.576843 1241.067993 402.990997
frame00187 0.388046 414.186035 338.256165 538.810364 382.876526
frame00187 0.282281 943.243958 334.472656 1087.710327 376.121399
frame00187 0.488388 1107.911621 349.212372 1238.961304 399.963196
frame00188 0.395114 411.977386 336.605804 541.210693 380.643524
frame00188 0.274770 935.998779 334.449707 1084.708496 376.885315
frame00188 0.501557 1101.577393 348.434021 1238.447754 401.124878
frame00189 0.392048 410.288239 337.423248 539.779114 382.165314
frame00189 0.281980 933.356689 334.133728 1087.398193 377.239777
frame00189 0.496359 1102.019897 348.517059 1239.408325 401.909058
frame00190 0.403688 405.483459 336.688568 537.119629 382.836884
frame00190 0.278687 938.915344 334.049866 1087.934692 376.236755
frame00190 0.497704 1100.128418 347.855011 1234.517578 400.266388
frame00191 0.383940 405.260895 338.315308 535.830627 383.706085
frame00191 0.283245 943.239075 334.435730 1089.078125 375.869873
frame00191 0.487110 1106.491577 348.571136 1236.272461 399.566650
frame00192 0.379054 407.221375 338.124603 533.812988 383.884369
frame00192 0.287763 940.346008 334.237976 1087.895142 376.828705
frame00192 0.496807 1105.763672 348.371948 1238.526001 401.409302
frame00193 0.409973 408.862183 337.523193 541.721558 384.543488
frame00193 0.289343 933.289673 334.776886 1083.316895 378.061951
frame00193 0.497979 1103.537476 349.165375 1240.610962 403.898651
frame00194 0.200888 186.473755 329.033722 264.681213 359.202148
frame00194 0.407916 400.609009 338.028961 536.184326 387.123108
frame00194 0.309010 931.143433 334.933136 1085.770020 377.391785
frame00194 0.503759 1107.412598 349.520447 1241.818359 401.890961
frame00195 0.222099 185.696228 327.949310 266.672821 359.702667
frame00195 0.428448 403.783539 335.768463 540.402100 386.496277
frame00195 0.302467 935.765503 334.174347 1087.744263 376.304657
frame00195 0.497632 1104.546753 348.579102 1238.437622 401.502472
frame00196 0.245229 181.304810 326.388641 260.244934 357.251160
frame00196 0.426052 399.209869 335.028503 538.346680 388.174011
frame00196 0.308451 935.260071 333.776031 1085.375244 375.196655
frame00196 0.501666 1107.985474 349.468048 1241.349609 401.994629
frame00197 0.211979 183.053345 325.788757 261.613251 359.017639
frame00197 0.443664 396.601196 336.531036 532.318054 388.647522
frame00197 0.305498 936.897827 334.227051 1081.984619 375.348358
frame00197 0.500362 1109.361694 350.438507 1240.708740 402.358704
frame00198 0.269453 177.938309 324.397461 255.368500 355.538483
frame00198 0.435986 388.356812 335.102081 529.525635 389.307373
frame00198 0.304602 938.327881 333.703552 1085.087036 374.268921
frame00198 0.497142 1108.108276 350.084503 1237.361206 400.771637
frame00199 0.261115 181.131729 326.141266 257.643524 356.672516
frame00199 0.449819 386.859619 335.934784 526.592896 388.382416
frame00199 0.298770 937.944946 333.427155 1086.184570 373.860168
frame00199 0.492522 1105.726074 349.055725 1234.524658 399.671021
frame00200 0.264691 180.669678 325.891907 257.926880 356.692719
frame00200 0.435215 385.211548 335.241364 527.977844 388.938416
frame00200 0.304994 937.200195 333.508087 1084.724121 373.817139
frame00200 0.492454 1105.993530 348.826904 1235.297363 399.716003
frame00201 0.241477 182.213806 326.598480 259.159149 358.294708
frame00201 0.461127 384.075012 335.958496 522.908386 388.018738
frame00201 0.300217 937.725159 333.030853 1084.793457 373.215881
frame00201 0.490911 1107.739014 348.490204 1234.707764 400.069641
frame00202 0.210173 186.986389 328.394989 268.185913 360.446564
frame00202 0.446468 385.419983 335.833344 525.210632 385.768860
frame00202 0.298581 938.153076 333.080719 1086.708252 373.378174
frame00202 0.486566 1105.262329 347.255737 1233.665527 398.821442
frame00203 0.215766 186.374893 327.274414 264.423828 360.777100
frame00203 0.454055 390.742554 335.248047 524.048828 385.165802
frame00203 0.285021 936.901367 332.126984 1089.907471 376.166840
frame00203 0.488781 1103.402954 346.176270 1231.477173 401.580261
frame00204 0.455035 389.080505 335.867889 520.968384 383.718231
frame00204 0.298948 930.647705 333.304962 1084.801636 376.167419
frame00204 0.481329 1109.016724 347.522675 1236.781128 402.490082
frame00205 0.441422 382.124573 335.650513 514.948486 384.383118
frame00205 0.307013 932.290039 333.404480 1085.594971 374.784088
frame00205 0.486547 1107.740967 347.551331 1236.714111 401.494812
frame00206 0.201852 186.084564 327.089233 266.150391 359.209045
frame00206 0.409393 378.320435 332.459259 522.947754 384.317078
frame00206 0.301115 932.498535 333.612213 1084.640015 374.973389
frame00206 0.499051 1105.462646 347.871552 1238.511475 402.081299
frame00207 0.428382 378.107788 335.483307 517.185120 385.748047
frame00207 0.293301 936.987549 333.334991 1086.915649 374.309265
frame00207 0.493601 1106.133911 347.832306 1235.086304 400.938324
frame00208 0.424548 382.741119 339.020721 507.946045 384.062836
frame00208 0.272161 937.900391 333.149536 1086.835693 375.489105
frame00208 0.488996 1105.277588 346.867340 1233.287598 401.750244
frame00209 0.387063 389.837189 336.295288 515.485474 381.814117
frame00209 0.279346 937.788818 332.573273 1086.650146 375.140015
frame00209 0.488445 1105.790405 345.558136 1235.274414 402.154724
frame00210 0.386689 387.854004 335.088989 517.913696 381.704010
frame00210 0.278955 938.377319 333.268494 1085.229126 375.299377
frame00210 0.490904 1106.172119 346.871582 1236.075806 402.945465
frame00211 0.413648 384.788635 337.390015 511.571075 383.290985
frame00211 0.280620 937.191711 333.949860 1084.015137 374.875061
frame00211 0.473864 1109.395142 347.401611 1233.710327 400.735413
frame00212 0.409876 375.091095 334.440002 512.884155 386.124939
frame00212 0.312126 933.308167 332.965240 1084.983154 375.692841
frame00212 0.495222 1107.768799 347.060638 1237.012207 403.641357
frame00213 0.212933 190.741287 328.450623 270.165344 362.756805
frame00213 0.419589 367.548584 336.217377 506.548462 387.635773
frame00213 0.293921 941.009033 332.686310 1088.819824 373.258789
frame00213 0.483804 1105.614990 346.733154 1232.504150 400.314667
frame00214 0.208966 189.698654 326.731262 269.382202 361.990082
frame00214 0.410663 373.349243 333.798187 510.624023 386.367615
frame00214 0.288462 936.911743 332.375427 1083.478271 374.312225
frame00214 0.491012 1109.621094 347.000214 1235.915405 403.076660
frame00215 0.405449 367.423584 337.419434 500.227234 387.903381
frame00215 0.260791 943.696960 333.448303 1081.312378 373.165924
frame00215 0.490809 1106.875488 347.905182 1230.976196 401.371246
frame00216 0.408299 368.357666 334.549957 507.796906 386.754425
frame00216 0.291997 937.583618 332.701904 1080.344482 372.804901
frame00216 0.487400 1114.112305 347.711792 1238.210327 402.951660
frame00217 0.202045 194.514313 327.481140 272.578766 362.673248
frame00217 0.390700 367.467102 334.898621 504.815521 387.818237
frame00217 0.292907 936.071716 332.933044 1077.940308 373.120087
frame00217 0.505134 1112.700073 347.890778 1238.641479 403.690430
frame00218 0.377145 367.594635 337.192108 506.028259 389.443390
frame00218 0.304140 932.592163 333.641632 1075.125488 374.417847
frame00218 0.509587 1111.987183 348.031647 1240.785645 405.534515
frame00219 0.380902 361.696777 337.848907 497.754974 389.534943
frame00219 0.294635 936.752869 333.966064 1075.366699 373.897736
frame00219 0.507678 1112.003296 348.888733 1238.712524 405.694244
frame00220 0.375579 362.441895 336.824310 496.326019 386.473328
frame00220 0.308223 937.319336 333.482697 1077.799316 373.085327
frame00220 0.505699 1112.702637 347.849640 1239.450684 403.851074
frame00221 0.391336 359.360199 336.717560 493.420258 385.729462
frame00221 0.300960 942.714539 333.479553 1080.293457 372.349884
frame00221 0.482371 1115.027100 347.728058 1236.063477 402.370178
frame00222 0.391347 359.816315 337.876465 489.586060 385.605194
frame00222 0.278667 943.438110 333.067719 1079.964844 373.400482
frame00222 0.490851 1111.887451 346.852509 1234.591309 402.835938
frame00223 0.355276 359.354218 341.122772 484.659760 386.606384
frame00223 0.269923 944.706299 333.856354 1079.947266 374.170135
frame00223 0.505079 1109.430420 346.995758 1236.679443 404.110107
frame00224 0.343574 356.973511 342.116211 479.106079 387.392853
frame00224 0.273623 941.749573 333.563171 1075.648438 373.809692
frame00224 0.514602 1110.688232 347.096283 1237.805542 404.853912
frame00225 0.354951 354.998199 344.180054 475.419586 387.967407
frame00225 0.269925 942.926636 333.746643 1076.906006 373.850616
frame00225 0.513555 1111.077637 347.113403 1237.653320 404.742004
frame00226 0.362766 356.483002 342.098816 480.302185 387.528381
frame00226 0.275461 942.521973 333.106293 1077.265137 372.780304
frame00226 0.513653 1111.107666 347.177887 1236.230713 403.239990
frame00227 0.344292 352.486023 344.653107 473.833069 388.647491
frame00227 0.262467 945.168213 332.997803 1079.228882 373.380005
frame00227 0.516973 1109.561768 346.652039 1237.343750 404.502441
frame00228 0.210083 224.889908 334.637146 314.149170 371.433380
frame00228 0.366860 356.126953 340.897919 486.255035 388.478455
frame00228 0.274438 942.416016 331.742340 1079.618042 372.543945
frame00228 0.509043 1111.390869 345.783722 1235.855225 403.550018
frame00229 0.355702 358.282776 341.688812 488.830719 386.789978
frame00229 0.272985 943.561768 332.917297 1076.817749 372.223206
frame00229 0.514842 1111.863525 346.310669 1238.639648 402.921173
frame00230 0.349103 355.003174 343.970032 483.077209 387.549500
frame00230 0.269314 945.444092 333.653381 1077.967285 372.504974
frame00230 0.520806 1110.476196 346.519653 1238.694092 402.857330
frame00231 0.314073 347.483826 346.257690 475.906067 389.276978
frame00231 0.275985 949.141174 334.320160 1078.890137 372.576935
frame00231 0.519513 1111.650146 347.431122 1241.090576 403.431702
frame00232 0.211612 247.405823 341.416962 346.723572 380.745605
frame00232 0.325467 359.538147 343.201080 491.115692 386.916687
frame00232 0.303597 943.695435 333.996033 1078.329590 372.509552
frame00232 0.517552 1115.153931 347.922424 1245.425293 403.876038
frame00233 0.258727 253.038727 342.954468 356.065674 383.321472
frame00233 0.274974 361.799561 341.876495 488.731323 386.009827
frame00233 0.288899 949.634155 333.038605 1080.647705 372.130585
frame00233 0.510934 1115.771973 347.329926 1244.297607 403.355835
frame00234 0.314256 251.707733 342.825775 355.999634 382.952942
frame00234 0.281252 351.174133 342.474182 480.836761 388.837830
frame00234 0.288371 953.513184 332.896637 1081.268799 370.661469
frame00234 0.495757 1117.746704 347.628204 1241.762207 402.048248
frame00235 0.329259 259.974182 346.157440 370.294189 388.781403
frame00235 0.258637 373.673157 341.584320 492.014618 383.959900
frame00235 0.294584 950.788025 333.314575 1078.706909 371.205200
frame00235 0.502631 1117.119019 347.522400 1244.945312 402.720428
frame00236 0.373975 263.257782 348.909119 380.797974 394.496887
frame00236 0.292493 951.828247 333.206757 1078.601929 372.008820
frame00236 0.509158 1114.924194 345.908112 1245.295532 404.446167
frame00237 0.434898 257.106781 349.075073 375.099152 393.426727
frame00237 0.292752 949.685181 332.363098 1079.778076 372.292511
frame00237 0.518768 1110.424805 344.836884 1245.836670 404.220825
frame00238 0.451384 255.780945 351.115448 377.753754 397.157440
frame00238 0.307918 948.478027 332.715790 1077.592407 371.663269
frame00238 0.515894 1109.392334 345.448364 1247.637695 404.061279
frame00239 0.471166 255.410324 352.709808 376.095886 398.391296
frame00239 0.291582 949.911377 332.382355 1078.021851 372.110809
frame00239 0.507223 1107.566040 345.260956 1246.393555 403.828918
frame00240 0.478802 251.905594 352.466492 378.107025 400.465179
frame00240 0.201424 825.762695 337.571320 917.815491 370.225189
frame00240 0.298380 955.022278 332.493835 1079.271973 371.947174
frame00240 0.476859 1113.309448 345.221466 1244.784546 402.048553
frame00241 0.462447 252.297440 355.638977 379.846924 405.005188
frame00241 0.295780 949.026489 332.930847 1076.353027 372.860901
frame00241 0.484725 1110.496582 345.414734 1250.038940 404.588196
frame00242 0.447844 242.124603 355.046509 371.945679 405.471252
frame00242 0.302534 950.162659 332.414185 1077.293213 372.107117
frame00242 0.501684 1103.754150 345.332123 1252.179688 404.222107
frame00243 0.490455 233.573059 354.043610 364.277924 405.988342
frame00243 0.202396 829.096130 334.909973 911.765198 367.008667
frame00243 0.285540 952.510071 331.541046 1079.945679 373.270721
frame00243 0.490847 1100.777832 344.292419 1251.058105 404.924988
frame00244 0.502163 229.185165 353.369629 361.471222 407.198212
frame00244 0.211924 826.396851 334.195892 911.512207 367.555511
frame00244 0.287225 950.107422 330.663208 1080.038940 374.142151
frame00244 0.482209 1101.480591 344.430634 1251.187012 405.781952
frame00245 0.506995 219.146286 349.813965 353.721558 405.344696
frame00245 0.214106 826.327026 333.545105 912.651978 367.955048
frame00245 0.287550 953.153687 330.924713 1080.694336 373.378998
frame00245 0.479612 1102.084595 344.967896 1249.944214 404.697784
frame00246 0.556206 216.730774 353.682037 360.418396 409.955811
frame00246 0.221219 825.455444 333.897980 911.292236 367.555878
frame00246 0.291596 951.562012 331.064514 1080.927124 373.615753
frame00246 0.469008 1098.875244 344.278320 1250.792236 405.460999
frame00247 0.551623 206.810760 354.150696 356.337341 413.498901
frame00247 0.221077 827.673645 333.481445 912.347900 366.858643
frame00247 0.287476 952.037598 330.498566 1080.087158 373.502289
frame00247 0.474977 1097.440063 344.287537 1251.890381 405.603790
frame00248 0.525902 198.176849 354.548004 351.269043 416.460754
frame00248 0.247284 463.880554 323.332031 562.197144 369.884399
frame00248 0.212458 828.957886 333.379425 911.715637 366.352020
frame00248 0.287373 950.067627 330.482910 1081.425171 374.060211
frame00248 0.476092 1094.778931 344.480103 1252.385010 405.967987
frame00249 0.506829 190.081009 351.285156 330.068359 411.509491
frame00249 0.254006 458.439087 321.323303 563.346069 372.129242
frame00249 0.210695 830.319519 333.304199 913.293335 367.020996
frame00249 0.286026 949.105957 330.753448 1080.540894 374.136658
frame00249 0.480309 1096.752075 345.436218 1252.281616 407.014587
frame00250 0.528055 181.473999 350.475769 327.212646 415.710266
frame00250 0.282714 461.546082 320.478668 564.538696 371.901794
frame00250 0.291339 950.303406 330.359497 1081.497681 374.136047
frame00250 0.469252 1097.564209 344.951294 1250.960083 406.314789
frame00251 0.512737 175.910416 354.701294 328.781189 424.016357
frame00251 0.321984 455.723877 322.557037 561.955444 373.167145
frame00251 0.202766 833.914551 333.820923 912.587646 367.152649
frame00251 0.283138 950.636230 331.260559 1077.651001 373.308868
frame00251 0.469858 1097.057007 346.093140 1248.891968 405.580078
frame00252 0.533564 167.758499 353.289734 321.640259 426.273560
frame00252 0.322497 451.821960 322.020508 559.583374 374.410797
frame00252 0.296237 950.627319 331.437164 1077.630371 372.244263
frame00252 0.466820 1097.756592 346.050262 1249.401855 404.938385
frame00253 0.510316 161.789703 355.113464 319.584656 428.679688
frame00253 0.358215 442.224792 324.275818 554.128784 376.578613
frame00253 0.300122 950.891968 332.245605 1073.939697 371.292755
frame00253 0.460179 1101.222046 347.616882 1245.490967 403.106995
frame00254 0.496414 154.502014 347.661896 297.704803 427.358459
frame00254 0.425757 436.198120 322.113037 550.715820 379.184448
frame00254 0.306074 948.240479 331.099091 1074.373535 372.632721
frame00254 0.436870 1106.249878 346.838989 1240.118530 402.604858
frame00254 0.221322 128.577667 360.221344 346.768433 466.782043
frame00255 0.467767 148.088699 347.255768 279.971375 423.568268
frame00255 0.392508 424.402802 322.695892 540.884155 381.069214
frame00255 0.314093 949.377930 330.031433 1076.287720 373.555023
frame00255 0.430564 1111.083008 346.663849 1239.349976 402.455505
frame00255 0.256706 118.723816 359.214691 334.584656 469.337341
frame00256 0.444680 143.609329 348.212280 271.728668 423.655823
frame00256 0.369535 425.045166 324.069550 531.963257 379.996185
frame00256 0.287704 952.429199 330.321625 1073.537109 373.707733
frame00256 0.433655 1112.101440 347.879120 1238.252197 402.216461
frame00256 0.314414 105.770630 356.815552 324.058594 470.098511
frame00257 0.436110 135.502014 344.953674 265.093323 421.682770
frame00257 0.350646 423.117706 321.110931 537.075073 380.126923
frame00257 0.310933 952.043518 329.602356 1076.397217 375.077118
frame00257 0.440902 1113.614136 346.959717 1240.716675 404.110229
frame00257 0.275684 96.316162 356.226959 318.146484 473.382690
frame00258 0.356828 135.682587 341.656616 259.583649 413.730011
frame00258 0.381254 424.982574 321.547699 534.733521 375.607971
frame00258 0.310674 944.414368 329.240631 1075.304199 376.469574
frame00258 0.452372 1113.616455 346.173889 1239.052734 404.296844
frame00258 0.228569 83.078079 361.137939 313.926147 477.441284
frame00259 0.217034 143.641144 341.920319 259.842712 408.088409
frame00259 0.354703 423.222717 323.304199 535.235046 374.133667
frame00259 0.313646 941.575928 330.041534 1077.680786 378.344391
frame00259 0.458216 1114.027588 345.503326 1240.233887 405.288605
frame00259 0.329121 35.104370 369.756195 295.625763 489.856689
frame00260 0.207372 66.948921 348.203918 240.676117 447.777161
frame00260 0.354903 428.566742 322.741486 547.301331 372.562134
frame00260 0.297420 939.350830 331.530640 1077.876831 379.558289
frame00260 0.471050 1110.393188 344.890228 1240.772217 405.031281
frame00260 0.426603 22.016888 366.718872 290.414307 490.453491
frame00261 0.331244 428.223938 324.957336 540.598267 372.597809
frame00261 0.295984 939.721985 332.890839 1078.861084 380.033997
frame00261 0.470812 1110.906982 345.429199 1240.514404 404.737518
frame00261 0.497497 8.634815 369.750885 283.427063 492.633911
frame00262 0.285174 432.007690 324.526184 546.853943 373.259521
frame00262 0.286096 941.333923 334.318420 1078.597534 380.664307
frame00262 0.464316 1109.441406 345.718231 1236.969849 403.646332
frame00262 0.532936 0.000000 372.319336 274.288696 493.605469
frame00263 0.234804 429.658264 323.927460 553.498230 375.240997
frame00263 0.286798 939.537842 334.818298 1078.897827 381.146057
frame00263 0.476342 1106.983154 345.616821 1238.449585 402.975250
frame00263 0.515605 0.000000 371.944214 261.221039 492.774750
frame00264 0.214997 427.680115 322.945740 544.627197 374.160614
frame00264 0.291513 943.760498 334.715637 1079.621094 380.035370
frame00264 0.464859 1111.791748 346.611237 1235.927368 401.488617
frame00264 0.524572 0.000000 381.309601 250.013306 496.594574
frame00265 0.256762 435.928070 322.966736 553.689453 372.685272
frame00265 0.288363 939.846924 335.514404 1076.920288 379.638275
frame00265 0.488587 1104.937134 346.317719 1237.595215 401.326477
frame00265 0.509271 0.000000 381.573242 232.913208 500.536713
frame00266 0.297378 440.974670 322.697052 561.807861 373.137146
frame00266 0.290036 934.725220 335.555054 1074.799805 380.328369
frame00266 0.492051 1104.859497 346.105621 1241.585327 401.829895
frame00266 0.529742 0.000000 380.904327 217.112503 507.059387
frame00267 0.286241 438.035614 322.070465 567.396423 373.521393
frame00267 0.299331 933.434326 336.455841 1072.908325 380.658600
frame00267 0.484497 1103.993652 346.250641 1242.371826 401.584747
frame00267 0.500835 0.000000 379.750580 195.917999 511.581451
frame00268 0.311147 440.844666 323.790833 563.265930 372.678192
frame00268 0.296800 936.058289 336.643036 1073.386475 379.734222
frame00268 0.478148 1105.860962 346.831909 1242.294067 400.150269
frame00268 0.488997 0.000000 379.082703 186.882568 513.549500
frame00269 0.289181 438.865540 323.733734 565.754028 373.584167
frame00269 0.293885 937.215942 336.571228 1073.924438 379.237885
frame00269 0.488267 1103.979980 346.819916 1244.841064 400.473419
frame00269 0.433998 0.000000 377.675812 174.664612 510.852417
frame00270 0.270229 443.709351 325.515869 559.075928 371.392731
frame00270 0.289371 934.441406 336.530762 1076.475586 380.085999
frame00270 0.488806 1098.016113 346.796936 1246.918213 402.267120
frame00270 0.350255 0.000000 383.143616 149.124725 507.019501
frame00271 0.300398 438.321777 325.765045 555.310974 371.301880
frame00271 0.293919 938.825195 337.482330 1075.883911 379.583313
frame00271 0.452439 1103.452637 347.544434 1242.225342 400.728638
frame00271 0.344109 0.000000 389.231415 139.218918 503.785858
frame00272 0.320177 441.458405 327.390869 552.010742 368.775360
frame00272 0.299362 943.579041 336.870758 1080.414185 377.974609
frame00272 0.458316 1103.418213 348.649963 1244.476074 400.650146
frame00273 0.200181 195.534058 326.936523 271.538452 361.351349
frame00273 0.361820 435.610199 327.629547 546.059570 368.583405
frame00273 0.309155 940.477844 334.925415 1080.556396 375.841034
frame00273 0.487466 1099.718506 348.183167 1245.617798 400.525360
frame00274 0.218064 184.365311 325.762604 270.384216 357.736572
frame00274 0.327159 442.241180 327.406891 550.346558 369.620941
frame00274 0.297928 944.047302 333.122986 1083.480103 375.902740
frame00274 0.506596 1101.422607 348.998535 1246.431519 401.238556
frame00275 0.235705 179.485779 326.583496 264.645813 356.990051
frame00275 0.301735 429.094696 327.810181 544.545227 370.983887
frame00275 0.201420 829.961426 338.399109 925.951538 371.382080
frame00275 0.275790 946.567505 333.438843 1084.094482 375.815216
frame00275 0.509790 1101.950439 349.358765 1244.522949 402.542847
frame00276 0.227734 177.956360 325.918274 267.345215 357.993408
frame00276 0.305910 434.031250 326.534424 550.760315 369.814880
frame00276 0.202657 831.203247 338.284760 926.359924 370.737671
frame00276 0.299521 945.175903 333.032379 1084.817017 375.928284
frame00276 0.503370 1102.999512 348.669434 1245.801514 402.083862
frame00277 0.202970 178.132309 325.140198 270.463043 359.099518
frame00277 0.310956 433.253418 326.076324 551.873413 370.225708
frame00277 0.304488 943.021912 332.746979 1083.769287 376.252563
frame00277 0.508300 1101.561523 347.999481 1245.917725 401.453094
frame00278 0.213305 178.901382 324.739075 269.369751 357.379120
frame00278 0.337282 435.696716 326.171204 552.520508 369.452271
frame00278 0.299139 941.868164 332.694244 1084.052856 376.935944
frame00278 0.500723 1103.032959 348.517365 1246.402344 402.257751
frame00279 0.238743 177.167206 325.289825 266.017883 356.647186
frame00279 0.300310 432.659454 326.372284 550.482300 370.740814
frame00279 0.309039 941.693420 332.702850 1084.530762 376.433258
frame00279 0.507354 1103.286987 348.603058 1247.449097 402.709015
frame00280 0.248608 172.758209 324.928497 265.012207 357.743073
frame00280 0.273613 429.106415 325.814667 551.236694 372.255432
frame00280 0.313202 940.883667 333.094696 1083.068726 376.161407
frame00280 0.523715 1099.813721 348.391785 1247.432617 403.504028
frame00281 0.253682 176.089355 326.082214 268.656921 359.002960
frame00281 0.325257 435.938782 326.132233 554.045715 370.808655
frame00281 0.302340 943.100220 332.704620 1087.530762 376.627167
frame00281 0.515183 1097.734131 348.282349 1245.440186 401.703979
frame00282 0.224603 179.173203 326.163513 272.119629 360.424561
frame00282 0.346985 435.590363 327.196381 551.955200 370.832916
frame00282 0.292425 946.499512 332.937988 1088.380737 376.376160
frame00282 0.508054 1098.987427 348.578979 1243.278809 400.569031
frame00283 0.238593 180.471832 326.876221 274.889069 361.958771
frame00283 0.346043 437.846619 327.655182 553.811646 371.852997
frame00283 0.297580 943.057922 333.090729 1086.115356 376.317993
frame00283 0.515466 1097.603149 348.113983 1243.985107 400.870850
frame00284 0.230243 182.616180 326.932648 273.804230 360.261902
frame00284 0.322871 441.788696 327.155609 557.070923 370.949432
frame00284 0.309034 941.705078 333.083862 1086.393677 377.175293
frame00284 0.509379 1098.152954 348.031067 1245.872559 401.345856
frame00285 0.232963 176.151947 324.590607 271.785828 360.481476
frame00285 0.352226 437.049744 326.515106 556.009399 371.500488
frame00285 0.309884 941.084473 332.331055 1085.418701 376.954407
frame00285 0.516196 1099.544189 347.643951 1246.478760 402.294495
frame00286 0.254272 176.583069 324.715393 267.639832 358.348053
frame00286 0.354220 437.255554 326.639832 556.269470 372.344208
frame00286 0.315082 937.650269 332.775116 1081.467285 376.653564
frame00286 0.514910 1100.569092 348.196289 1246.822998 402.838348
frame00287 0.207265 183.915634 327.454132 267.472168 357.185760
frame00287 0.347191 441.852875 328.123627 558.908936 372.175079
frame00287 0.313927 935.663574 333.537628 1081.362183 376.812073
frame00287 0.521321 1098.350708 348.483276 1247.321533 399.873627
frame00288 0.334507 447.302582 330.478241 554.906799 369.084778
frame00288 0.277208 940.220642 334.122681 1076.376831 376.148712
frame00288 0.533055 1097.001221 348.217834 1247.041504 399.730682
frame00289 0.371222 446.270691 330.608246 552.735229 368.277039
frame00289 0.273010 940.827698 333.394806 1080.334106 376.839264
frame00289 0.534924 1092.206909 347.787323 1244.595337 399.704071
frame00290 0.342107 445.911194 329.953217 553.401428 368.861633
frame00290 0.285489 942.020569 332.979584 1082.998291 376.677002
frame00290 0.533689 1096.365234 348.171875 1247.548340 400.892944
frame00291 0.256144 433.430359 328.136932 547.511841 370.381256
frame00291 0.303492 946.584229 333.534149 1086.895508 375.711121
frame00291 0.530076 1096.275391 347.926697 1244.006592 399.683990
frame00292 0.287973 431.865204 329.496857 543.811829 369.309113
frame00292 0.217079 826.755737 338.271179 923.255554 370.630890
frame00292 0.294617 949.743103 333.480255 1090.210938 375.692261
frame00292 0.522240 1094.625732 347.966095 1241.476562 399.094330
frame00293 0.333777 442.282867 332.634766 548.417053 368.182892
frame00293 0.270313 947.495056 334.864624 1086.765015 376.655457
frame00293 0.542082 1091.979614 348.117218 1245.522949 399.522858
frame00294 0.391012 444.676239 329.581635 553.098816 368.386902
frame00294 0.308738 945.473328 333.194244 1089.131592 377.426392
frame00294 0.505915 1097.848999 348.191925 1243.989990 399.723480
frame00295 0.343681 451.370697 331.474915 552.888489 368.555725
frame00295 0.202096 833.066162 339.960114 924.811646 371.208771
frame00295 0.281093 941.679749 334.034790 1080.923218 377.767426
frame00295 0.537335 1091.470825 347.665710 1244.668457 400.185242
frame00296 0.380736 447.857849 328.377502 559.359009 371.011383
frame00296 0.306075 937.561646 333.255280 1081.839844 377.275360
frame00296 0.515225 1097.523315 348.821228 1246.770752 399.910461
frame00297 0.225694 184.336029 325.636139 270.494812 359.318756
frame00297 0.377304 451.631531 327.190613 561.204346 371.300995
frame00297 0.316418 945.106262 333.013580 1085.422729 376.404480
frame00297 0.502762 1100.672485 348.703857 1245.108032 399.543060
frame00298 0.237073 178.179764 325.017120 265.836609 358.529419
frame00298 0.388295 449.072815 326.844666 558.513916 371.237305
frame00298 0.284723 947.056396 332.442627 1085.373779 376.483276
frame00298 0.498703 1099.078247 349.438141 1243.126099 400.769196
frame00299 0.334522 462.419983 328.874695 561.571045 367.162537
frame00299 0.298749 938.600403 333.515778 1077.335693 377.944611
frame00299 0.518943 1096.854126 347.765381 1250.039307 402.554474
frame00300 0.386561 464.376038 330.047363 559.639160 366.128662
frame00300 0.308497 943.488892 333.370239 1081.002808 377.318237
frame00300 0.483676 1099.705811 347.880005 1246.561401 400.581390
frame00301 0.396843 466.175232 329.675873 560.639526 365.398499
frame00301 0.320217 944.140137 333.286957 1079.703369 377.614349
frame00301 0.481518 1102.821045 347.224274 1248.738037 401.889313
frame00302 0.209415 186.543152 326.271637 276.184387 359.893433
frame00302 0.405280 468.678864 327.302704 565.375244 366.507599
frame00302 0.314778 941.584351 331.555939 1083.292114 377.889893
frame00302 0.481624 1099.847534 347.064606 1247.974365 400.260803
frame00303 0.437977 462.204132 326.483246 566.868652 367.406494
frame00303 0.315205 938.584900 332.879639 1076.949219 377.447449
frame00303 0.509673 1101.994019 348.671844 1253.041748 403.353607
frame00304 0.230315 181.985336 325.903564 265.368866 356.965637
frame00304 0.290854 448.283630 326.479156 555.225586 369.975891
frame00304 0.321560 943.715149 332.825104 1084.092896 376.252136
frame00304 0.487558 1104.174805 348.551575 1247.865479 401.874298
frame00305 0.289036 174.280121 323.666504 257.617554 355.351074
frame00305 0.252549 438.565399 324.632599 553.206970 372.227020
frame00305 0.322526 936.738953 332.671143 1075.602051 375.204559
frame00305 0.508123 1100.563599 347.680298 1246.607544 403.499237
frame00306 0.246542 176.604019 321.933228 268.705261 357.330627
frame00306 0.396405 452.978241 324.735077 559.210083 367.357971
frame00306 0.312062 931.020142 331.018036 1075.868774 377.635376
frame00306 0.518066 1094.457764 346.111389 1247.411865 401.979431
frame00307 0.224630 175.005630 322.440948 263.603027 355.070984
frame00307 0.325345 441.537018 325.250122 553.031067 368.581573
frame00307 0.303051 937.406067 331.978882 1075.640503 375.626862
frame00307 0.515716 1099.056641 347.846069 1246.872070 402.338593
frame00308 0.219810 180.892365 324.412079 273.519043 360.725922
frame00308 0.343631 449.991608 325.488129 557.568481 368.374634
frame00308 0.312541 935.796631 331.977020 1076.285522 376.258911
frame00308 0.519835 1095.676270 346.500732 1247.697510 401.438721
frame00309 0.284669 175.968613 322.599091 261.511047 355.437439
frame00309 0.328259 449.742249 324.275848 558.295532 370.039703
frame00309 0.311865 936.668396 331.398285 1076.730347 375.981506
frame00309 0.520577 1096.850952 346.432922 1247.711060 401.872162
frame00310 0.258325 181.143112 324.095795 271.982239 358.022858
frame00310 0.416996 448.832581 326.351196 556.682983 370.539581
frame00310 0.300474 936.570129 331.498169 1078.618652 376.930023
frame00310 0.499324 1099.346680 347.442291 1245.372070 401.019806
frame00311 0.388311 464.190002 328.875488 560.053223 366.795471
frame00311 0.297515 943.165833 332.798615 1079.131226 377.333344
frame00311 0.481220 1100.338623 347.198608 1246.782104 399.715485
frame00312 0.375591 471.912262 327.545532 565.716980 363.689270
frame00312 0.300488 942.035522 332.412201 1074.588745 376.960114
frame00312 0.459059 1103.937256 346.667114 1246.729736 398.954224
frame00313 0.396807 467.285736 325.285004 570.160034 364.533234
frame00313 0.321065 941.621582 331.342651 1079.047729 376.614166
frame00313 0.453727 1105.695923 346.349945 1248.890381 399.862732
frame00314 0.249227 186.403046 325.633972 280.619537 361.221497
frame00314 0.375950 468.179565 326.981567 567.434143 367.228149
frame00314 0.295743 945.292969 332.316315 1084.175903 377.911316
frame00314 0.463596 1104.379150 348.053436 1249.564453 400.365448
frame00315 0.257584 185.616531 326.536652 272.352722 359.120514
frame00315 0.364792 458.579468 329.857971 561.232422 371.164856
frame00315 0.290958 947.907715 333.115936 1086.150513 376.889648
frame00315 0.454929 1105.237305 348.257660 1243.304199 396.261993
frame00316 0.309978 463.187561 329.622925 565.635864 369.302063
frame00316 0.290784 953.308472 334.192108 1088.549561 376.748688
frame00316 0.469109 1105.938477 348.250458 1248.010742 397.675079
frame00317 0.346541 465.802887 327.775116 569.612915 368.594727
frame00317 0.309135 947.441895 332.557770 1088.444092 378.372864
frame00317 0.455733 1105.696289 346.396973 1248.456055 396.942566
frame00318 0.225978 196.740997 324.192963 290.258179 360.379669
frame00318 0.346029 470.627289 326.384918 575.326843 367.752106
frame00318 0.295778 953.772949 331.594330 1091.207153 377.280457
frame00318 0.462236 1105.636230 345.947083 1249.232178 395.834564
frame00319 0.244790 195.389130 323.805573 288.681488 360.407776
frame00319 0.359084 463.748779 326.551300 571.158936 370.449615
frame00319 0.297627 956.350220 333.167603 1093.512207 377.478577
frame00319 0.433959 1108.203979 347.239136 1243.815430 394.012726
frame00320 0.217178 194.371399 324.854919 288.135803 361.543152
frame00320 0.358597 461.832855 327.146515 572.486145 371.040436
frame00320 0.319981 954.175903 333.415863 1095.798584 378.780670
frame00320 0.445622 1106.763794 347.250977 1246.301758 396.079010
frame00321 0.294614 189.252441 323.189484 282.122864 357.178650
frame00321 0.365205 460.588928 326.357208 571.969238 371.887634
frame00321 0.316960 954.333801 332.374634 1099.429321 378.544739
frame00321 0.441052 1105.193359 347.278961 1245.222412 396.942657
frame00322 0.219394 197.506439 325.338776 290.025146 363.467041
frame00322 0.385544 472.626526 327.932739 575.584656 370.236908
frame00322 0.326203 949.901978 333.605225 1094.975098 380.721405
frame00322 0.433669 1104.496826 347.039551 1247.632568 399.441589
frame00323 0.391794 471.991882 328.112122 577.448975 368.270782
frame00323 0.310335 954.815979 333.472168 1093.227783 378.551666
frame00323 0.437938 1106.030762 347.038574 1246.513306 395.971436
frame00324 0.377563 471.483917 328.251709 572.781311 367.630096
frame00324 0.302234 953.245789 332.557526 1087.601074 377.521271
frame00324 0.444782 1108.949219 347.188110 1248.791260 395.961731
frame00325 0.207410 194.188049 326.243011 284.992188 360.230896
frame00325 0.389202 473.215820 328.566772 571.652771 367.083771
frame00325 0.295860 955.632263 332.277496 1089.311768 377.606506
frame00325 0.432617 1108.360107 346.589447 1246.476807 394.348633
frame00326 0.380579 476.427948 327.750031 573.854736 365.333435
frame00326 0.290279 961.308472 332.567719 1089.393188 376.377441
frame00326 0.441145 1110.131470 346.543182 1248.802124 394.164307
frame00327 0.208963 191.412445 325.099945 286.640717 361.304962
frame00327 0.370112 475.228607 326.062866 573.354553 364.510498
frame00327 0.283193 951.930786 331.002014 1086.849121 377.251404
frame00327 0.444791 1105.260498 345.446381 1247.375000 394.518005
frame00328 0.202500 188.024429 323.820038 286.942657 361.583496
frame00328 0.366017 475.353821 325.378662 577.640015 364.710205
frame00328 0.285619 957.860657 331.350800 1087.951416 376.345947
frame00328 0.448423 1104.572632 345.846436 1246.093872 395.169220
frame00329 0.363820 189.567688 319.913452 281.997986 352.219482
frame00329 0.399715 468.095825 323.124023 572.053467 365.440460
frame00329 0.261533 835.844116 334.410858 932.662842 370.996765
frame00329 0.262270 955.833862 328.471863 1092.992188 376.982452
frame00329 0.449181 1097.082642 343.723419 1240.734985 393.001160
frame00330 0.307294 191.689880 320.135773 281.624451 353.047485
frame00330 0.343489 462.028473 325.189484 565.261658 367.397217
frame00330 0.246257 838.793457 335.029114 932.388916 370.781097
frame00330 0.266301 953.213745 329.402252 1092.599365 377.603455
frame00330 0.456863 1098.317749 343.513580 1241.137329 393.102997
frame00331 0.275519 199.310532 322.858154 287.779114 355.462097
frame00331 0.368682 472.064758 328.032074 565.879517 365.360565
frame00331 0.214259 838.142029 336.011139 928.108154 369.341248
frame00331 0.283414 949.674194 330.178833 1089.428955 376.964966
frame00331 0.425831 1103.141602 343.710266 1242.114990 391.976379
frame00332 0.311507 479.520538 329.178406 571.926392 362.016724
frame00332 0.313186 953.830078 331.363525 1085.967529 376.517303
frame00332 0.421641 1108.238403 342.441956 1249.570801 393.383148
frame00333 0.319065 479.667206 326.465790 574.835144 362.269135
frame00333 0.300252 956.618103 329.665741 1090.346802 376.336365
frame00333 0.437453 1104.975830 341.995056 1248.941406 393.689331
frame00334 0.319180 476.579163 327.715851 577.964111 364.423889
frame00334 0.218548 844.954346 337.362915 925.315857 366.987305
frame00334 0.304180 947.420166 330.712250 1084.798706 377.782745
frame00334 0.455420 1099.531494 341.447662 1250.323730 395.011841
frame00335 0.283498 201.829819 323.568817 289.975769 354.625610
frame00335 0.276839 467.848969 327.697021 565.046082 366.362000
frame00335 0.207279 844.437195 336.205536 929.022461 368.393341
frame00335 0.310525 948.201538 330.676392 1084.700562 375.976776
frame00335 0.425862 1106.595215 343.398071 1244.640625 392.464050
frame00336 0.289507 480.119019 328.029572 575.902466 364.272095
frame00336 0.206611 506.075439 325.628296 609.125977 361.233246
frame00336 0.212200 841.946167 337.009857 924.407410 368.455231
frame00336 0.302789 948.528503 330.582123 1083.195923 376.739380
frame00336 0.416527 1107.562134 341.470184 1247.825684 392.292755
frame00337 0.253850 203.392487 322.265717 293.385590 357.487762
frame00337 0.291277 475.417847 326.126282 574.968872 365.267822
frame00337 0.202338 502.678253 322.694794 614.677490 361.661469
frame00337 0.304743 950.767944 328.952423 1089.225342 375.829285
frame00337 0.428251 1107.068970 340.769440 1249.304443 392.262970
frame00338 0.248965 472.598938 328.415863 570.182800 365.494080
frame00338 0.299303 949.187927 330.670105 1082.534180 375.345490
frame00338 0.419505 1109.254150 342.142395 1245.795654 391.590363
frame00339 0.255354 478.574402 327.012360 581.182190 363.621552
frame00339 0.274772 508.276855 324.457397 608.905457 356.856873
frame00339 0.305122 953.334045 330.569550 1084.250732 374.459412
frame00339 0.413837 1108.860474 340.101196 1247.749023 390.201416
frame00340 0.312585 213.882263 321.163574 301.437378 353.496063
frame00340 0.222575 475.268524 325.567078 573.951904 364.489746
frame00340 0.308537 505.935089 321.904297 612.173401 359.249573
frame00340 0.327881 951.407349 328.417908 1090.509033 374.262817
frame00340 0.392429 1113.868042 338.285217 1247.192749 390.544861
frame00341 0.284684 219.488861 321.975555 307.729034 354.243347
frame00341 0.215360 477.841339 326.258026 575.551453 364.312958
frame00341 0.312191 503.347595 322.992950 606.581482 359.424408
frame00341 0.314367 952.691345 328.752594 1088.349487 374.810516
frame00341 0.393094 1116.143677 338.664948 1249.166382 390.586151
frame00342 0.291898 220.640717 323.161194 304.439819 352.594666
frame00342 0.231095 503.834076 323.092773 618.636169 364.797729
frame00342 0.326340 951.531616 330.650146 1087.240479 374.645721
frame00342 0.406448 1116.004883 340.914124 1246.845947 390.904938
frame00343 0.368558 218.130722 322.368622 303.619659 351.335724
frame00343 0.280086 504.876129 323.454407 619.318359 365.455841
frame00343 0.333890 949.343872 330.670715 1085.850952 374.115631
frame00343 0.389215 1122.312378 340.256500 1246.872925 389.904236
frame00344 0.368489 218.640747 322.569763 304.740356 351.629272
frame00344 0.266661 506.215881 324.867798 616.571960 365.546265
frame00344 0.314918 954.576050 330.505371 1088.337280 373.457855
frame00344 0.404710 1117.438599 340.556549 1246.410400 389.221802
frame00345 0.230985 216.284424 324.253632 303.208649 355.263519
frame00345 0.277032 510.074768 325.270447 617.376465 362.406311
frame00345 0.323604 953.207703 331.564392 1087.117920 375.081909
frame00345 0.411287 1116.212891 340.125763 1247.561157 388.819855
frame00346 0.271295 217.027130 323.057007 306.369354 355.544617
frame00346 0.278561 509.314636 324.287079 614.005127 361.432220
frame00346 0.315413 952.194702 330.909241 1085.539307 375.422455
frame00346 0.408524 1115.049683 340.067932 1246.357910 390.259308
frame00347 0.316148 210.518250 321.320099 296.687531 352.925323
frame00347 0.210046 476.641846 327.797577 570.364868 365.982086
frame00347 0.280183 506.873505 324.216187 612.659241 362.229309
frame00347 0.300542 947.806763 330.391663 1081.081665 375.009460
frame00347 0.413449 1111.132324 340.097870 1245.680908 390.037537
frame00348 0.295105 207.728745 322.620392 293.818268 353.311157
frame00348 0.205717 471.894348 328.409424 567.831909 366.360413
frame00348 0.248540 506.824890 324.320770 618.584106 363.539368
frame00348 0.300594 948.802185 330.716400 1084.177368 375.163269
frame00348 0.423904 1108.475220 341.103119 1246.071899 390.653961
frame00349 0.274774 208.813812 324.524323 291.846649 353.347107
frame00349 0.210875 470.652039 330.914917 562.982056 366.492065
frame00349 0.226050 511.061890 326.297607 621.253479 364.397461
frame00349 0.283401 947.915344 331.444794 1082.782471 375.742249
frame00349 0.416624 1108.225586 342.060852 1244.618896 390.635132
frame00350 0.244529 203.990097 322.879791 292.875244 356.466888
frame00350 0.248638 473.319122 328.024200 568.806335 364.801147
frame00350 0.294030 946.650879 331.706207 1082.880615 376.919922
frame00350 0.421012 1106.301880 342.956024 1246.606201 392.864410
frame00351 0.259037 203.208710 323.573730 290.036804 355.415771
frame00351 0.265489 466.462708 329.122925 563.087097 367.209106
frame00351 0.293270 949.083862 331.575378 1085.244019 376.178741
frame00351 0.446785 1103.171143 344.822327 1245.588013 394.582977
frame00352 0.270201 202.462463 323.893677 287.226288 354.483398
frame00352 0.277417 464.554291 329.019745 562.488037 368.128479
frame00352 0.295347 951.793762 331.768372 1087.182495 375.673706
frame00352 0.444968 1104.868896 345.250702 1245.334961 394.357758
frame00353 0.243226 206.727020 323.506012 293.215210 355.829041
frame00353 0.244264 474.899902 328.378326 569.902039 365.206879
frame00353 0.210122 509.097748 324.613647 616.719727 361.673828
frame00353 0.308287 950.975342 331.012115 1089.833496 376.564514
frame00353 0.426789 1105.673584 342.554626 1248.002808 393.050964
frame00354 0.239103 206.531662 323.310822 296.320435 357.355072
frame00354 0.241760 472.037201 326.915283 570.774902 365.101074
frame00354 0.304879 949.544800 330.804749 1087.567627 376.647156
frame00354 0.432865 1106.036255 342.608185 1248.729492 394.013275
frame00355 0.243045 204.704300 323.564087 294.108978 356.077850
frame00355 0.247114 468.961304 328.556274 566.072205 365.581818
frame00355 0.302147 952.806702 331.262299 1087.689087 375.514771
frame00355 0.439119 1102.737915 343.617920 1245.356689 393.492432
frame00356 0.273383 470.495422 328.132172 568.470886 364.346069
frame00356 0.312096 951.118469 331.080322 1090.211060 376.477417
frame00356 0.430892 1106.371582 343.133270 1246.394165 391.569763
frame00357 0.317656 470.946075 329.052277 566.215454 364.338470
frame00357 0.201121 837.785767 336.679962 928.089111 368.291687
frame00357 0.282437 945.305542 331.080566 1087.791016 378.280273
frame00357 0.443662 1098.577881 343.259613 1244.476318 392.219513
frame00358 0.272051 189.120789 321.006226 283.469604 356.494995
frame00358 0.365666 472.082886 325.498596 571.708130 364.833069
frame00358 0.234626 835.718323 336.011780 929.834534 370.407837
frame00358 0.261566 952.090942 329.400635 1091.214111 378.535187
frame00358 0.450858 1098.508423 343.898895 1243.505981 394.830383
frame00359 0.257392 189.258499 321.532532 287.470154 358.846863
frame00359 0.414693 469.089691 325.383240 570.666321 365.926880
frame00359 0.286633 953.938538 330.334259 1091.239136 376.455597
frame00359 0.467633 1098.337280 345.702698 1245.844849 397.187866
frame00360 0.323500 178.258820 320.846497 268.639832 354.293060
frame00360 0.380899 460.843048 323.911438 567.948547 368.048096
frame00360 0.299769 944.318726 330.092804 1084.036255 376.326416
frame00360 0.442045 1104.478027 345.809143 1243.700195 398.045105
frame00361 0.253328 179.129150 321.207336 277.508820 359.576111
frame00361 0.384580 469.243317 322.235413 576.625916 364.899811
frame00361 0.229742 836.920715 336.000732 930.730530 368.581146
frame00361 0.306278 941.820129 329.369751 1081.891357 376.859131
frame00361 0.467072 1095.107910 343.610016 1244.088623 397.550537
frame00362 0.349734 469.014130 324.784607 572.541443 364.693237
frame00362 0.322050 938.901428 331.450378 1078.450073 378.110535
frame00362 0.465345 1100.270752 345.602600 1248.045044 400.910156
frame00363 0.203180 187.759430 323.193176 284.401123 362.925354
frame00363 0.365090 474.837158 324.340118 577.600220 365.231049
frame00363 0.320750 941.721863 330.914825 1080.884888 377.949524
frame00363 0.457831 1100.937744 344.620056 1249.321167 399.853577
frame00364 0.271583 181.861328 322.664154 275.124847 359.617188
frame00364 0.353998 471.456238 323.563507 574.195679 366.039093
frame00364 0.321021 943.048218 330.509583 1083.195801 377.619202
frame00364 0.464676 1102.055786 345.487000 1249.037476 400.549591