frame00012 0.214042 1204.435303 294.658081 1293.760376 358.652557
frame00013 0.254410 1203.208862 290.856628 1299.470093 360.863098
frame00014 0.365502 1197.689453 279.866272 1311.096802 358.867096
frame00015 0.353281 1180.166260 270.391998 1308.043213 361.640961
frame00016 0.385484 1160.067383 271.948578 1299.613525 361.711578
frame00017 0.367702 1145.128662 271.636505 1291.582520 360.623718
frame00018 0.402798 1132.593872 270.220367 1290.605225 361.882568
frame00019 0.398004 1122.851685 269.875854 1286.846313 362.523163
frame00020 0.408837 1109.478027 268.063354 1282.644043 362.991760
frame00021 0.450729 1081.280396 273.934967 1266.631470 356.980194
frame00022 0.394918 1059.753174 271.616760 1250.384766 351.894714
frame00023 0.359841 1008.582397 263.487671 1237.391113 356.630127
frame00024 0.480303 933.096252 258.593353 1235.885376 361.683624
frame00025 0.442456 908.403320 256.274078 1215.566284 362.265167
frame00026 0.425867 901.796875 270.560181 1146.131836 345.083954
frame00027 0.402615 855.251709 266.046906 1155.036499 356.520935
frame00028 0.399903 847.000977 276.068604 1095.619141 349.510193
frame00029 0.403344 824.729736 273.314026 1088.328979 353.256561
frame00030 0.293069 791.741272 270.798340 1080.536255 354.865814
frame00031 0.446335 741.240967 263.192261 1037.228760 359.136536
frame00032 0.477346 712.636047 264.705414 1010.133911 364.888092
frame00033 0.447675 678.837402 263.721222 999.828796 366.201965
frame00034 0.415426 649.135010 262.442505 981.011475 367.789551
frame00035 0.464918 628.716187 263.310516 948.128906 365.071960
frame00036 0.424397 625.912720 261.556610 915.249023 354.879517
frame00037 0.377263 536.641846 257.010590 918.796692 365.094574
frame00038 0.522514 511.569244 256.220276 875.476685 364.504272
frame00039 0.506320 490.494446 254.838882 856.880432 368.375946
frame00040 0.494652 466.127777 256.073578 829.337158 368.429810
frame00041 0.546926 447.131317 259.832764 788.389282 365.482391
frame00042 0.469463 423.351166 258.222046 764.506104 363.373230
frame00043 0.331836 387.757416 257.792267 733.691406 363.108521
frame00044 0.562204 352.154846 256.103973 687.681641 375.250916
frame00045 0.589802 330.999695 258.453888 652.306030 375.099030
frame00046 0.573807 313.027405 260.176300 630.327148 373.963196
frame00047 0.546841 286.257874 263.188049 593.788330 369.894684
frame00048 0.527241 264.789185 263.554108 556.678528 366.422974
frame00049 0.491286 236.660767 262.045471 536.183105 364.508759
frame00050 0.463158 201.946686 258.868286 508.031433 367.589050
frame00051 0.565231 184.441452 256.625305 474.365692 367.417358
frame00052 0.549633 165.875931 258.559509 447.870453 365.913483
frame00053 0.627034 138.014618 263.749084 424.857330 366.045441
frame00054 0.615904 122.730072 270.076141 388.947815 361.622467
frame00055 0.606111 108.513870 272.795135 357.251923 359.407013
frame00056 0.616814 88.419044 271.964630 340.033447 362.632355
frame00057 0.447172 61.567772 270.253021 310.415894 373.439880
frame00058 0.566488 33.042164 263.723541 286.783417 376.011169
frame00059 0.633102 20.938292 267.667908 263.564514 372.774017
frame00060 0.655491 13.777399 272.109253 248.246918 372.612305
frame00061 0.631710 12.240171 275.300201 229.921906 369.030518
frame00062 0.604674 7.664242 275.190063 206.595596 369.571503
frame00063 0.564419 5.733280 276.850952 183.159027 366.606781
frame00064 0.526799 0.570145 275.675842 163.888428 365.232544
frame00065 0.509587 0.000000 274.951172 146.180359 365.084259
frame00066 0.461236 0.000000 275.426605 123.816132 366.269501
frame00067 0.387131 0.000000 276.138458 109.872055 361.202576
frame00068 0.331252 0.000000 282.656036 100.092636 361.564301
frame00069 0.224955 4.698882 285.975494 97.162689 365.333191
