frame00014 0.231685 1204.489990 292.928009 1295.955811 359.183594
frame00015 0.329009 1203.852173 289.504791 1305.321045 357.517212
frame00016 0.383550 1191.220703 279.191895 1309.506226 358.943542
frame00017 0.373463 1179.408447 271.274506 1307.961182 361.404358
frame00018 0.404486 1157.806885 274.222168 1298.328857 361.609741
frame00019 0.372690 1146.584595 270.057800 1292.181274 362.173615
frame00020 0.423755 1131.415894 273.603546 1288.362061 361.152161
frame00021 0.413853 1127.554443 271.428101 1288.581299 364.199707
frame00022 0.397200 1113.966675 268.962158 1283.030518 364.447540
frame00023 0.418449 1109.720947 268.173096 1282.305786 363.390411
frame00024 0.444655 1084.031860 273.868774 1266.375488 357.796814
frame00025 0.440045 1059.544434 273.497498 1251.994995 352.852814
frame00026 0.467342 1020.481934 269.295197 1245.025146 356.663208
frame00027 0.365332 953.325195 266.515869 1232.333496 361.128662
frame00028 0.502628 922.909180 257.969635 1235.507690 363.174835
frame00029 0.437320 901.618774 256.909241 1208.590210 362.130951
frame00030 0.418904 900.254639 271.396606 1147.406616 344.598206
frame00031 0.394410 879.208984 276.121887 1126.216553 342.041077
frame00032 0.473808 834.128113 264.503754 1142.647583 357.480774
frame00033 0.442172 834.649658 273.953003 1088.424805 350.065765
frame00034 0.363478 814.806763 274.923096 1085.000244 351.482483
frame00035 0.299210 769.002625 262.229279 1045.600342 362.223755
frame00036 0.427179 742.821594 263.527100 1037.576050 359.434906
frame00037 0.460936 717.998779 264.243195 1015.235291 363.542755
frame00038 0.418101 716.382690 256.433716 985.292603 348.634430
frame00039 0.451374 665.572021 264.021362 988.631470 368.094299
frame00040 0.437267 675.009644 256.321777 956.010010 351.037903
frame00041 0.422270 627.892029 261.559357 949.062622 365.564484
frame00042 0.404068 634.668213 259.981232 915.104126 353.518494
frame00043 0.308443 611.105591 260.618225 905.696045 355.014313
frame00044 0.489755 527.590820 256.020508 897.310486 362.785278
frame00045 0.544300 511.904602 256.795410 866.369629 364.872864
frame00046 0.510099 489.491638 254.817383 853.574768 367.913208
frame00047 0.506431 467.618713 257.099426 828.731812 368.060272
frame00048 0.518106 455.209534 259.664948 801.242676 364.916595
frame00049 0.503174 435.453156 258.069611 771.248901 363.539581
frame00050 0.454985 409.458618 259.146759 751.830688 360.719147
frame00051 0.387885 361.773315 257.541840 727.817505 376.712952
frame00052 0.542396 354.324097 256.389191 686.706543 373.389587
frame00053 0.608752 339.382324 260.230652 654.723755 373.839813
frame00054 0.574271 319.610779 260.370361 637.896301 373.082642
frame00055 0.559368 303.828156 262.625397 614.843994 370.698700
frame00056 0.493345 284.349060 262.175507 582.866211 366.999359
frame00057 0.531803 265.414978 264.675934 556.131897 364.557098
frame00058 0.461857 243.583679 262.594391 536.446045 362.247040
frame00059 0.429020 218.866882 260.607117 516.086304 364.971710
frame00060 0.502525 196.954422 256.199280 498.371429 367.452820
frame00061 0.549143 184.435806 256.861908 468.219666 367.790649
frame00062 0.560889 167.109512 258.569916 448.193909 365.422729
frame00063 0.605279 145.412842 262.755768 425.053040 366.738525
frame00064 0.618741 125.528351 267.632690 398.994598 364.546509
frame00065 0.618409 116.319649 269.711853 374.886780 362.736206
frame00066 0.593872 104.208206 272.049286 350.970215 359.890961
frame00067 0.613332 90.916367 270.629059 337.316101 361.347809
frame00068 0.526489 60.026711 270.468109 320.231903 369.779419
frame00069 0.499761 38.923294 259.229736 301.010132 378.208588
frame00070 0.602395 30.111313 264.043701 280.718414 375.854431
frame00071 0.633518 20.739698 267.375366 261.228790 374.015472
frame00072 0.650114 14.137144 270.890320 249.646942 373.514343
frame00073 0.643088 12.430859 275.024384 232.550491 369.512360
frame00074 0.617780 10.517530 274.677307 218.265839 370.426697
frame00075 0.579552 9.699183 277.891174 197.665680 366.275513
frame00076 0.560691 4.883633 276.862640 180.583130 365.298584
frame00077 0.520043 4.692650 276.542175 165.178558 362.821930
frame00078 0.509773 0.087552 277.661163 150.557312 362.182404
frame00079 0.473219 0.000000 274.267761 132.403320 365.961273
frame00080 0.424709 0.000000 276.229675 119.800453 362.831818
frame00081 0.372271 0.000000 276.836060 109.630928 360.796906
frame00082 0.307602 0.000000 283.600861 99.691345 361.276855
frame00083 0.241240 4.458914 285.698639 98.472900 361.726135
