frame00003 0.235746 641.052002 266.498230 732.938293 300.513550
frame00004 0.200917 792.351685 269.619598 880.476990 296.144897
frame00015 0.219215 643.449158 274.460938 737.253479 308.005066
frame00017 0.211979 625.488403 264.206512 747.788818 310.313385
frame00018 0.210028 627.370667 264.490448 749.521729 309.982330
frame00025 0.237210 633.649414 260.507568 746.440125 304.511932
frame00046 0.229588 618.079712 260.366058 753.848389 311.833282
frame00048 0.202095 612.316772 262.467743 750.950989 314.212067
frame00055 0.242005 625.398804 262.375977 744.065002 306.490326
frame00056 0.231665 622.393921 261.588470 745.411682 307.875549
frame00064 0.239279 613.886658 260.995422 744.716553 308.651978
frame00065 0.214598 624.380554 264.720612 734.725098 305.148651
frame00066 0.262710 622.489136 264.582611 738.484985 306.698273
frame00067 0.222765 617.703308 265.087494 739.138794 308.825317
frame00068 0.254583 616.031433 264.967468 745.205566 312.312103
frame00069 0.260285 620.355164 267.449524 736.328979 309.065125
frame00070 0.202946 606.793091 264.006927 744.280273 313.083344
frame00071 0.209234 606.882568 265.293549 745.613159 314.466492
frame00072 0.245272 616.307190 269.519836 739.704834 312.058746
frame00073 0.329443 629.007263 273.918182 730.565308 309.458313
frame00074 0.430010 635.297913 275.379517 722.512756 306.519531
frame00075 0.270863 617.366089 271.909515 732.394043 310.578644
frame00076 0.310367 628.269165 272.384583 730.862793 308.389893
frame00077 0.207738 612.100159 264.321625 739.055176 310.455902
frame00079 0.255669 614.644836 264.242126 732.147522 307.791718
frame00080 0.324381 621.818787 265.120392 725.734314 304.235168
frame00081 0.313795 620.118896 268.122620 724.980713 306.726379
frame00082 0.319418 625.258545 268.503113 726.669434 306.268585
frame00083 0.284429 624.210022 265.996582 732.515808 307.062775
frame00084 0.255290 623.025391 268.768066 727.885437 307.622986
frame00085 0.221577 615.743164 269.071625 727.552490 309.360077
frame00086 0.240074 619.462158 269.658264 726.315918 307.902588
frame00087 0.249725 624.997498 271.269226 724.704102 307.841949
frame00088 0.335337 634.299255 273.741089 716.646790 305.190247
frame00089 0.260090 634.180847 272.766571 717.988342 304.905304
frame00090 0.214094 620.666626 272.795990 720.696106 308.101501
frame00091 0.257056 627.966370 274.985291 715.843262 306.790283
frame00092 0.271289 626.626282 275.262756 714.260864 306.943207
frame00093 0.219387 619.024841 274.001404 717.873413 309.480713
frame00094 0.218124 621.192505 273.090698 717.568237 308.785828
frame00095 0.215910 618.258301 273.695221 716.392273 309.815826
frame00096 0.225426 619.711426 273.367645 715.822021 308.630951
frame00097 0.231482 619.851379 273.876678 721.504395 311.213043
frame00098 0.259468 625.830566 275.839874 712.527405 306.861664
frame00099 0.203953 614.450684 271.807709 719.364136 309.487396
frame00100 0.206880 609.651550 269.657074 720.159546 310.704956
frame00102 0.256264 618.569702 271.106598 711.485229 306.088776
frame00103 0.320024 629.436890 272.677155 709.632935 303.715668
frame00104 0.309313 627.831177 271.851776 709.639954 304.019562
frame00105 0.244629 620.663574 271.067871 714.794922 306.825531
frame00106 0.254441 617.162109 272.347137 711.504150 307.630005
frame00107 0.331828 628.862427 275.295990 705.988159 304.684723
frame00108 0.307522 625.718750 272.204346 709.065063 304.923645
frame00109 0.280945 622.885925 275.130066 705.992920 306.086060
frame00110 0.298590 624.865662 274.968872 705.547424 304.891846
frame00111 0.333871 627.433838 277.659668 701.217896 304.538300
frame00112 0.318049 629.049927 277.910400 703.508057 305.291107
frame00113 0.281769 622.794128 276.555725 707.996521 307.270874
frame00114 0.280815 625.664551 277.354340 705.420166 306.034363
frame00115 0.247483 618.250854 276.696625 706.135376 307.149933
frame00116 0.208826 612.023254 275.874908 711.866699 310.674103
frame00122 0.237173 612.118103 279.626526 708.169250 312.071106
frame00124 0.200428 615.411255 280.812988 710.377319 312.972473
frame00125 0.235740 619.030273 282.684753 703.462646 311.904541
frame00126 0.298650 627.496826 286.262238 696.871887 309.039429
frame00127 0.304366 624.367615 285.165436 698.250000 309.743652
frame00128 0.230458 618.844238 283.524078 705.392700 312.357666
frame00129 0.329819 628.930542 285.028931 700.449158 309.699158
frame00130 0.244614 617.713379 280.836914 707.531067 311.872467
frame00131 0.296590 622.448303 281.842102 703.529907 310.040710
frame00132 0.319243 617.933655 279.877777 701.098022 308.361542
frame00133 0.216460 615.158508 275.589264 712.117981 309.900696
frame00134 0.291997 622.063599 278.103027 702.784424 306.058838
frame00135 0.276871 617.959045 278.278809 706.375671 308.589508
frame00136 0.276682 618.486389 278.719330 704.821533 307.939453
frame00137 0.235709 616.046448 278.565338 709.491577 310.961700
frame00138 0.294680 625.717224 281.977112 703.595032 308.411713
frame00139 0.283826 626.320435 281.593628 707.235718 309.186157
frame00140 0.315535 625.957581 282.459686 706.655579 309.904205
frame00141 0.327333 626.012085 283.587799 703.459778 309.774323
frame00142 0.359984 633.312744 285.804382 699.670349 309.237030
frame00143 0.373966 638.784058 285.085724 703.083496 308.254791
frame00144 0.281402 626.508057 284.537018 707.252197 311.522186
frame00145 0.285736 627.038635 283.822571 708.789429 311.225739
frame00146 0.269796 626.737061 284.080017 710.641785 312.092773
frame00147 0.289997 629.678711 285.141785 708.515869 311.605469
frame00148 0.262687 627.638184 283.163391 714.982056 311.714233
frame00149 0.291542 626.822205 282.550018 713.009338 311.894287
frame00150 0.229434 622.217041 282.488220 716.172180 314.217468
frame00151 0.247570 622.327698 281.118561 716.417847 313.815308
frame00152 0.208741 611.409851 278.150940 716.111755 314.055511
frame00153 0.267903 625.005432 281.467194 714.217163 311.976624
frame00154 0.261133 628.958679 284.009552 714.833618 312.231598
frame00155 0.262714 626.416504 285.008942 714.133301 313.323822
frame00156 0.320545 643.083191 287.060730 716.504211 311.312622
frame00157 0.316476 638.540649 287.620331 717.645386 313.151947
frame00158 0.325263 639.299438 288.830231 717.926941 313.192139
frame00159 0.276223 635.796021 288.300232 720.676575 313.768982
frame00160 0.307528 635.607971 288.863892 716.807190 313.601746
frame00161 0.296415 639.886780 289.934418 719.126892 314.876068
frame00162 0.306279 641.373840 287.587677 721.998657 314.037689
frame00163 0.339571 648.620911 289.044983 720.582886 313.472626
frame00164 0.370144 649.917114 289.474579 719.183472 312.569855
frame00165 0.342301 646.007935 288.166168 720.285278 313.079651
frame00166 0.318050 641.622253 287.780945 719.639343 312.825043
frame00167 0.349700 650.949097 287.805115 720.231628 311.384796
frame00168 0.294918 641.128540 287.291199 721.511841 312.616425
frame00169 0.351540 652.401672 289.634186 720.558105 310.122681
frame00170 0.353474 647.100708 288.562347 722.256348 311.347687
frame00171 0.286943 635.598083 286.552887 725.785889 312.961456
frame00171 0.215417 1147.861450 317.010468 1263.820068 552.125671
frame00172 0.285354 633.497192 286.413513 724.241394 313.012451
frame00172 0.213948 1153.221436 321.012543 1263.416748 548.512573
frame00173 0.317733 633.784729 287.186279 720.575562 313.363098
frame00174 0.319493 636.478333 288.253845 721.728455 313.679474
frame00175 0.323191 642.449829 289.955872 722.206116 314.467194
frame00176 0.334856 645.709595 290.710846 719.719788 314.914734
frame00177 0.359786 651.220093 291.599152 717.969971 315.646698
frame00178 0.291264 647.965576 291.819244 722.365417 318.002197
frame00179 0.315836 651.847168 291.688507 719.610352 316.274902
frame00180 0.252518 644.588257 292.129456 721.105103 319.589203
frame00181 0.260462 644.731750 291.925171 721.016113 319.494629
frame00182 0.311093 646.572144 291.739746 718.520996 317.527893
frame00183 0.332169 652.164612 292.324677 720.604553 316.857635
frame00184 0.358021 649.555908 291.182770 717.546753 314.773102
frame00185 0.349408 647.234131 290.908752 716.288818 314.325134
frame00186 0.382678 645.302063 290.958923 712.794128 313.966949
frame00187 0.374565 648.011353 290.017548 711.608398 311.746521
frame00188 0.392807 655.687500 289.531128 716.237854 311.488556
frame00189 0.400469 650.656189 288.316986 712.917236 309.537506
frame00190 0.329911 639.671570 286.468048 716.029419 311.670380
frame00191 0.331281 644.915894 286.185944 714.597046 308.981415
frame00192 0.376253 644.231079 285.248840 712.033691 307.777832
frame00193 0.414970 650.124878 284.257294 713.978333 305.794617
frame00194 0.447079 649.951111 282.845093 712.858337 305.679077
frame00195 0.453915 652.280396 284.342651 710.276367 305.353546
frame00196 0.371618 651.392334 287.248718 715.228271 308.267822
frame00197 0.404881 652.146362 287.640869 712.876221 307.958160
frame00198 0.393108 648.372070 289.029724 711.188843 309.511505
frame00199 0.421272 650.747070 289.265686 710.780029 309.623352
frame00200 0.410948 653.220520 289.491821 712.965820 310.490143
frame00201 0.402363 653.132629 289.337067 715.424072 310.333618
frame00202 0.423201 652.886230 289.627899 712.887573 309.876953
frame00203 0.414263 653.903442 289.133148 714.986633 309.859222
frame00204 0.424477 653.784546 289.309875 713.706726 309.441498
frame00205 0.433798 651.370850 289.235199 712.105591 309.038269
frame00206 0.445272 653.375854 289.456268 712.274780 309.919952
frame00207 0.426829 649.776611 290.431213 711.154907 311.251251
frame00208 0.437850 650.714233 290.909485 709.946167 311.117371
frame00209 0.436363 652.011169 291.711395 710.603088 312.215240
frame00210 0.447530 652.383972 291.451447 709.791321 311.624268
frame00211 0.434662 651.193787 292.263916 708.331238 312.520813
frame00212 0.437219 652.551147 291.970428 710.227051 312.326233
frame00213 0.416404 647.109131 291.136200 709.653259 312.414490
frame00214 0.429314 651.209106 290.798950 709.596558 310.242828
frame00215 0.445902 647.571167 290.780670 706.269592 310.337158
frame00216 0.473916 651.484497 289.363190 707.805664 308.673248
frame00217 0.446943 652.092834 290.076599 710.084167 308.437897
frame00218 0.418830 653.262207 291.192200 711.208008 309.326538
frame00219 0.431489 651.379333 291.246521 708.960022 309.496521
frame00220 0.454540 651.593994 290.700409 707.906555 310.397491
frame00221 0.464781 655.062134 290.806030 708.688965 308.861420
frame00222 0.447381 648.920837 291.009796 706.738220 310.216064
frame00223 0.425212 645.946167 291.146027 708.580627 311.193268
frame00224 0.429684 640.429321 291.752441 702.171692 311.790161
frame00225 0.425425 643.557983 292.649658 702.778687 312.074860
frame00226 0.427441 640.929810 293.223419 700.329651 312.782257
frame00227 0.442383 637.103394 293.379761 698.333374 313.125916
frame00228 0.440009 638.621704 293.926453 698.614014 313.734497
frame00229 0.419059 640.675293 294.312592 699.260925 313.948029
frame00230 0.427914 636.970703 294.401428 698.723450 315.076843
frame00231 0.424375 637.132568 294.400421 699.814453 315.795135
frame00232 0.421820 639.038330 294.467682 701.331848 315.159973
frame00233 0.433845 635.814758 294.127014 698.450073 315.030426
frame00234 0.443062 637.145081 294.136993 696.866760 313.995575
frame00235 0.422969 638.297180 295.400879 696.433350 314.500000
frame00236 0.399407 638.909729 295.373962 698.508362 315.559479
frame00237 0.390187 636.793823 295.091949 699.179077 317.279083
frame00238 0.392979 636.330505 295.329712 697.207886 317.229309
frame00239 0.400466 633.629822 295.810211 694.556946 316.707611
frame00240 0.407743 636.874756 296.375031 693.582703 315.931183
frame00241 0.417782 638.570007 296.154297 695.058960 315.346924
frame00242 0.394926 635.092834 295.792236 694.842163 314.406097
frame00243 0.417623 633.990295 295.332367 692.878296 313.859772
frame00244 0.433618 634.935791 293.929596 692.994507 312.206512
frame00245 0.455676 635.655334 293.068878 694.267822 311.957245
frame00246 0.456084 636.948120 292.499298 694.478027 311.214600
frame00247 0.459911 639.323669 292.806946 694.262024 310.339539
frame00248 0.470009 638.110596 292.322083 693.848328 310.035004
frame00249 0.458174 636.830750 293.043793 694.061584 310.526642
frame00250 0.457621 635.954529 293.201721 692.423157 310.048157
frame00251 0.462354 636.951538 293.032410 693.219238 310.216187
frame00252 0.457808 634.949280 292.808258 692.296814 311.006653
frame00253 0.458194 632.417603 293.560791 690.917236 312.114502
frame00254 0.469535 634.630798 293.525879 690.278076 311.768372
frame00255 0.464604 635.030823 293.999268 690.527039 312.421722
frame00256 0.420905 632.568726 296.215118 688.617493 314.090820
frame00257 0.440895 629.829041 295.175201 687.379517 313.062225
frame00258 0.431023 628.606201 295.486359 686.879333 313.587708
frame00259 0.410599 625.165466 295.343414 686.102234 314.978058
frame00260 0.460428 625.288818 294.597443 682.697021 312.749878
frame00261 0.476332 627.655151 293.808868 683.693115 312.474457
frame00262 0.464063 623.687073 294.443726 682.274231 312.460388
frame00263 0.483043 621.400269 292.581787 681.499146 312.168427
frame00264 0.476649 624.884583 293.283539 682.594971 311.600861
frame00265 0.480526 618.871582 292.742157 680.061768 312.363678
frame00266 0.481031 619.212097 293.488586 677.712769 311.532440
frame00267 0.478759 617.243713 293.809967 676.927246 311.754517
frame00268 0.452103 616.263367 294.697815 677.211243 312.809937
frame00269 0.453353 611.674316 293.880310 676.665527 313.846039
frame00270 0.430772 611.108582 295.270569 673.335449 314.335785
frame00271 0.451283 611.504395 295.320770 670.968323 312.160919
frame00272 0.469211 610.445801 293.434357 672.828491 313.113190
frame00273 0.490055 608.464417 292.824707 667.510132 312.396393
frame00274 0.464757 607.213806 294.760071 664.636597 312.034180
frame00275 0.472989 605.623108 294.200012 663.110657 309.718201
frame00276 0.487573 602.506226 293.093750 662.985291 312.357727
frame00277 0.490571 598.694702 293.282379 659.544556 312.060089
frame00278 0.466817 598.187500 293.717926 663.622925 314.042236
frame00279 0.479274 597.622131 293.304932 660.376953 312.869873
frame00280 0.449586 596.809204 294.344666 658.072632 313.300049
frame00281 0.399759 599.246277 295.809601 662.109741 315.523865
frame00281 0.215714 584.679443 294.782166 680.759766 327.292694
frame00282 0.356366 598.326660 297.492096 659.676880 316.325104
frame00282 0.239988 584.624573 296.329346 673.967407 325.420990
frame00283 0.367426 594.208557 296.247314 658.784851 316.034088
frame00283 0.207278 579.700989 295.112091 674.084229 326.117432
frame00284 0.380535 592.975525 295.750336 660.084290 316.601044
frame00284 0.211421 579.224670 294.664856 675.851929 327.176483
frame00285 0.331597 587.208557 297.274811 653.319092 318.248352
frame00286 0.326108 587.165405 297.148712 655.420837 319.119110
frame00287 0.349724 588.828735 297.661682 651.010132 317.646881
frame00287 0.254927 577.787048 296.353638 663.203735 325.574738
frame00288 0.391496 588.877014 295.481934 651.842773 315.473999
frame00289 0.355950 589.258850 297.456482 648.954834 316.020691
frame00289 0.212242 575.566895 295.137115 665.407410 325.359863
frame00290 0.358513 586.782166 297.374512 644.915100 316.603821
frame00290 0.226559 574.423462 294.940460 661.277222 326.126068
frame00291 0.365015 583.113159 296.303528 646.465210 318.141754
frame00291 0.245186 570.545288 294.093262 661.079163 327.470398
frame00292 0.336228 579.915955 296.633362 644.703064 319.563782
frame00293 0.387223 576.714050 296.545929 638.450989 317.667664
frame00293 0.211548 564.431030 292.939575 655.854187 327.411896
frame00294 0.393287 574.354858 295.963013 637.488098 317.894043
frame00294 0.222480 562.768860 292.491943 656.808960 328.974854
frame00295 0.368775 575.350891 296.961792 636.279968 318.139984
frame00295 0.233347 564.002014 293.881195 652.778198 327.440308
frame00296 0.357265 574.069763 297.543640 634.088379 318.603333
frame00296 0.246060 562.915405 294.156616 650.117737 326.484070
frame00297 0.353813 573.610779 297.406860 635.328003 318.228363
frame00297 0.235009 559.286133 293.122650 653.436768 326.670990
frame00298 0.350059 570.890076 297.258850 633.943665 317.181976
frame00298 0.206470 554.979309 292.492645 654.785034 327.061066
frame00299 0.315845 569.042419 298.564423 631.601746 318.202118
frame00299 0.244707 555.667358 294.771698 647.993530 325.676636
frame00300 0.290066 567.009460 298.752960 630.255859 318.748383
frame00300 0.263150 552.493958 294.809998 645.247559 325.980072
frame00301 0.294592 564.719299 298.676208 629.351990 318.550903
frame00301 0.260080 551.069641 295.287628 643.989929 326.515961
frame00302 0.270460 564.374878 298.999023 630.424927 319.608368
frame00302 0.288050 548.872742 295.805573 642.996582 326.250763
frame00303 0.264372 561.263977 298.654907 631.286072 321.557526
frame00303 0.305486 541.931335 294.562378 641.840820 326.721344
frame00304 0.323042 542.745422 297.705841 636.331848 326.282654
frame00305 0.367671 531.989807 297.314178 634.922424 326.760406
frame00306 0.369260 529.860901 299.194153 629.047974 326.261108
frame00307 0.370210 525.384460 298.282074 631.237854 327.441681
frame00308 0.365332 517.807373 298.020660 624.256531 328.237701
frame00309 0.295143 518.595764 296.270874 632.173340 327.445312
frame00310 0.209773 457.963409 296.776398 594.376282 348.458679
frame00310 0.300981 514.863159 296.811737 622.822571 328.745453
frame00311 0.244926 463.329224 295.127472 604.099182 349.016052
frame00311 0.268012 511.835876 295.579559 622.580200 327.962952
frame00312 0.293509 464.318695 294.715210 601.004089 347.303680
frame00312 0.251734 510.367584 295.713257 620.898315 329.519226
frame00313 0.367922 468.021484 294.937836 605.166565 348.996521
frame00313 0.232047 508.703766 296.174805 625.246521 331.152618
frame00314 0.385271 467.425476 294.916962 597.680664 345.748352
frame00314 0.200969 509.808350 296.997986 626.491821 331.861725
frame00315 0.427319 466.553375 296.433990 594.045898 345.914978
frame00316 0.453393 462.449982 295.146667 587.941406 344.999390
frame00317 0.464765 459.149933 293.460968 584.064636 345.664642
frame00318 0.527703 461.018829 295.463226 581.655884 346.107544
frame00319 0.207289 932.885986 275.851562 1039.594360 303.004364
frame00319 0.460248 449.146454 294.814789 580.039001 346.261200
frame00320 0.501495 451.975403 295.040100 580.629639 347.105133
frame00321 0.220703 918.693359 278.653564 1022.859619 306.808563
frame00321 0.490712 446.967407 294.512329 578.992859 348.106567
frame00322 0.232120 920.733032 281.477356 1020.141907 307.198547
frame00322 0.543452 443.529419 295.505707 579.914246 350.638702
frame00323 0.221259 929.160645 281.393799 1024.744873 305.216522
frame00323 0.556943 440.655487 297.426361 572.442566 351.421967
frame00324 0.552758 432.459778 297.302704 568.671997 352.238800
frame00325 0.559664 434.426605 299.003876 564.435181 349.057556
frame00326 0.564262 429.996277 297.877991 564.608459 351.067871
frame00327 0.221706 917.480713 283.295135 1013.994385 307.454071
frame00327 0.574096 428.627289 299.569580 559.942993 351.658234
frame00328 0.234486 931.940308 279.312622 1032.308105 304.073853
frame00328 0.580431 426.176422 299.708893 554.419128 349.793732
frame00329 0.235674 918.698364 281.475677 1019.859863 307.107147
frame00329 0.571843 424.116638 298.519318 554.142883 349.754181
frame00330 0.224260 907.669617 278.934387 1011.964966 307.448456
frame00330 0.614971 422.616577 299.465454 553.996460 350.814972
frame00331 0.613350 417.788055 297.736389 550.496948 350.357819
frame00332 0.630503 416.511261 298.076111 548.047913 349.458557
frame00333 0.649851 410.995361 298.089844 547.700867 351.833679
frame00334 0.647571 408.496735 298.914551 544.961121 353.169800
frame00335 0.646495 400.542023 299.722015 541.422302 353.357727
frame00336 0.659489 397.507568 301.899475 539.012512 354.262146
frame00337 0.671876 393.806122 302.211945 535.561951 355.361572
frame00338 0.204112 943.632751 276.650787 1045.072876 302.550964
frame00338 0.623675 386.667542 301.863281 536.070557 356.827240
frame00339 0.627322 380.826904 303.290009 530.735352 356.642792
frame00340 0.647308 382.438049 305.420227 522.966309 356.601959
frame00341 0.654699 370.270966 303.463074 521.273071 357.941833
frame00342 0.651170 363.220032 303.952820 518.507568 357.409760
frame00343 0.641219 353.783905 302.064789 514.524963 356.273071
frame00344 0.213086 934.519531 276.438721 1040.550537 304.757874
frame00344 0.643334 348.423950 302.189941 510.334290 356.729156
frame00345 0.205732 919.815125 275.570190 1033.562134 307.958954
frame00345 0.643824 340.093109 299.848877 510.855896 357.406189
frame00346 0.635299 333.450470 299.089661 511.775665 358.544861
frame00347 0.649553 335.047119 302.328766 505.799377 357.287994
frame00348 0.633677 322.742462 300.744781 495.964661 357.034424
frame00349 0.655062 320.190277 301.126190 487.468811 355.549042
frame00350 0.666878 304.048218 299.658691 479.689178 356.781555
frame00351 0.655924 298.617645 299.659363 474.870148 357.708374
frame00352 0.635521 290.541443 300.472351 468.513947 359.375183
frame00353 0.644470 287.417419 301.492615 460.005219 360.761200
frame00354 0.627879 282.427856 301.592773 458.654938 360.375885
frame00355 0.591397 278.728363 300.776947 458.810913 360.437164
frame00356 0.472546 275.854309 301.137268 454.629333 362.101990
frame00357 0.477719 257.442902 300.561249 469.945190 365.080353
frame00358 0.540025 242.866898 297.815369 479.716553 363.582916
frame00359 0.652083 234.307617 299.759430 476.195923 367.556244
frame00360 0.701194 222.096619 300.919830 468.203278 369.559174
frame00361 0.740078 219.027939 304.723694 454.948181 371.500854
frame00362 0.770660 207.999496 304.811188 453.141541 375.257263
frame00363 0.729612 199.701614 309.424561 438.155518 377.201538
frame00364 0.727549 188.835144 308.140106 438.632019 375.942352
frame00365 0.748949 172.854431 308.726929 429.424164 378.760925
frame00366 0.745171 162.554703 309.934723 414.812561 378.510834
frame00367 0.762763 153.294357 307.222382 418.252411 380.271484
frame00368 0.757624 146.577057 311.527588 403.132446 381.490112
frame00369 0.742913 134.165253 315.876190 383.158508 380.513245
frame00370 0.708645 135.571014 319.532104 358.636841 383.952515
frame00371 0.711989 115.507805 314.387695 359.203522 393.901276
frame00372 0.730520 103.330154 314.130249 355.108521 399.099670
frame00373 0.692605 94.643417 313.710907 345.172791 402.190918
frame00374 0.678115 65.481499 310.159851 352.173462 411.029266
frame00375 0.498904 60.913857 294.115631 308.586731 429.128601
frame00376 0.204194 976.647217 277.591095 1077.529785 297.795807
frame00376 0.640759 45.845024 298.056885 291.354614 425.698792
frame00376 0.291280 113.239128 306.608124 337.430359 396.908600
frame00377 0.724853 39.097397 299.178192 276.194427 421.852478
frame00378 0.223199 969.109558 273.851471 1070.662720 297.215942
frame00378 0.741799 35.112732 301.508667 263.773499 419.383240
frame00379 0.232166 995.939941 271.215759 1088.380005 293.269928
frame00379 0.684781 36.151169 304.318665 236.362991 411.098145
frame00380 0.258130 978.652710 270.393982 1072.153564 293.337372
frame00380 0.676053 28.650446 309.650696 226.795624 410.272247
frame00381 0.300894 971.722900 268.297333 1072.603760 293.155914
frame00381 0.638241 29.645414 309.022888 215.126572 411.168518
frame00382 0.295509 972.909546 267.901062 1072.660400 292.277283
frame00382 0.629453 18.479080 315.294495 198.724091 412.767578
frame00383 0.203504 237.519257 282.394196 342.184418 310.312836
frame00383 0.259670 968.824829 266.463989 1073.511841 293.835754
frame00383 0.634800 8.902779 315.903961 185.666931 414.295898
frame00384 0.286192 972.933960 266.818970 1080.359985 294.408813
frame00384 0.622270 6.862783 318.665924 176.891296 419.109619
frame00385 0.316788 971.337219 270.561127 1067.508179 295.149658
frame00385 0.570858 6.307430 323.071289 163.900696 422.506470
frame00386 0.281918 980.794800 273.309387 1067.838867 294.550659
frame00386 0.488348 6.613164 324.424744 140.959793 423.062134
frame00387 0.330757 981.070007 273.638397 1073.969971 294.093994
frame00387 0.453914 5.203123 325.896423 121.445152 426.825836
frame00388 0.310456 985.469238 273.675293 1074.384644 293.337036
frame00388 0.447340 0.000000 329.826111 105.141052 433.598450
frame00389 0.323529 983.835388 273.989014 1076.490967 294.812744
frame00389 0.374157 7.948246 331.012604 97.140854 412.801147
frame00390 0.320739 986.707214 276.248871 1080.510132 296.402039
frame00390 0.202643 39.909187 331.246124 107.369980 389.678192
frame00391 0.320740 987.021118 283.925262 1080.674316 300.238678
frame00392 0.347056 987.060913 285.213623 1086.255615 302.648224
frame00393 0.316549 981.975342 285.084473 1080.082886 302.869507
frame00393 0.239953 97.610001 299.193237 184.711777 337.173889
frame00394 0.338957 993.136292 283.508728 1093.925049 304.018036
frame00394 0.218125 102.588089 300.929718 185.404388 341.523346
frame00395 0.348643 987.750549 284.541748 1090.062744 304.527618
frame00395 0.212682 105.467361 299.709900 187.850281 343.236267
frame00396 0.343744 988.611572 285.983948 1085.426025 305.286621
frame00396 0.243232 113.028412 299.946594 196.925629 342.805786
frame00397 0.348924 988.221558 286.539032 1088.273682 305.986084
frame00397 0.221085 111.594482 300.170044 193.799866 344.012146
frame00398 0.330396 989.359375 287.518646 1084.926025 305.754700
frame00399 0.357063 987.957825 287.339783 1087.427124 305.693390
frame00400 0.333384 994.067444 287.369873 1090.854126 306.021362
frame00401 0.344388 987.417664 287.966309 1082.228760 305.183044
frame00402 0.369579 987.404663 286.274841 1085.875244 305.372620
frame00403 0.313666 994.362854 285.821350 1085.683838 306.380676
frame00403 0.227781 100.334053 297.199585 188.229065 347.418335
frame00403 0.222083 272.924438 302.978882 368.051086 335.149689
frame00404 0.346939 991.185791 282.620728 1089.360596 304.517365
frame00404 0.247644 100.897408 296.368042 189.031586 345.668091
frame00404 0.205373 272.203735 303.799683 365.189636 334.990662
frame00405 0.347773 986.856201 283.463928 1083.184692 306.068451
frame00405 0.320934 101.586578 294.843292 194.964676 342.409851
frame00405 0.203948 268.891052 302.476807 360.205536 335.903015
frame00406 0.313691 990.919189 279.920654 1095.292358 307.471100
frame00406 0.356031 101.075455 292.380920 198.251221 340.367249
frame00406 0.201581 268.557800 300.639252 359.447327 335.919067
frame00407 0.331753 987.098083 280.811340 1092.129883 307.164337
frame00407 0.383998 96.139793 291.538605 199.943878 341.126984
frame00407 0.206732 263.376343 300.512543 361.107819 337.898285
frame00408 0.292926 988.521667 281.082733 1094.250000 307.257233
frame00408 0.356414 97.505554 291.602844 198.718933 340.680878
frame00408 0.223823 266.549500 302.078186 363.531525 338.494598
frame00409 0.287633 993.546631 283.204224 1090.024902 307.461517
frame00409 0.370376 92.710503 292.793274 197.409210 344.551453
frame00409 0.255514 273.906219 302.885437 376.236298 338.687134
frame00410 0.249765 993.662659 282.714722 1093.559814 308.651733
frame00410 0.393975 92.869171 295.858887 200.146637 346.237610
frame00410 0.278759 273.758423 305.554657 374.760254 339.875122
frame00411 0.271409 998.010986 284.317474 1097.890747 309.891571
frame00411 0.341768 91.695724 297.733215 195.581497 350.484711
frame00411 0.314092 285.959412 306.929291 389.658203 339.753113
frame00412 0.362116 996.007690 284.896545 1090.604004 310.459503
frame00412 0.321921 90.930237 300.204834 193.699738 353.076111
frame00412 0.349064 290.431641 307.398895 392.075317 339.761475
frame00413 0.308827 997.978821 287.699768 1093.629150 311.161804
frame00413 0.235898 92.960907 303.321503 188.332504 356.744110
frame00413 0.317345 287.984772 308.977783 389.042603 339.990692
frame00414 0.320097 1003.137756 289.407257 1096.282593 312.938721
frame00414 0.227230 91.612167 302.840332 188.078247 357.617340
frame00414 0.362203 292.805389 308.955811 395.313232 338.859375
frame00415 0.343119 1003.264832 287.703125 1094.884399 312.810364
frame00415 0.279630 94.669357 301.956055 194.876862 355.996460
frame00415 0.379720 289.198364 309.069519 389.351349 338.934753
frame00416 0.319093 1001.197876 286.204681 1095.141113 313.062317
frame00416 0.251062 91.399002 303.791107 189.745407 357.654419
frame00416 0.412142 292.499756 309.080170 394.945312 338.453705
frame00417 0.291118 1002.298218 285.577667 1095.681641 313.608734
frame00417 0.399970 294.885132 308.369812 395.923950 336.206512
frame00418 0.352379 1002.397522 285.650269 1098.025146 312.492767
frame00418 0.210691 93.098488 305.722076 181.051193 354.401947
frame00418 0.353809 287.488037 309.593719 384.817139 337.601074
frame00419 0.303696 1002.936951 285.469910 1098.517578 313.197388
frame00419 0.337024 288.464417 309.669586 383.545990 335.949097
frame00420 0.323863 1003.890137 285.048553 1100.944092 313.716461
frame00420 0.324552 289.261597 306.806946 392.419464 337.316071
frame00421 0.341087 1007.033691 284.503906 1101.458008 313.561890
frame00421 0.352557 290.749481 306.153870 389.695465 335.147095
frame00422 0.354389 1009.897766 282.962280 1108.159668 311.771912
frame00422 0.326527 283.635315 308.690613 379.165405 334.963684
frame00423 0.393391 1008.963013 282.740692 1114.433350 311.537018
frame00423 0.267112 248.922729 312.348358 341.586853 339.021912
frame00424 0.391183 1011.309448 281.237183 1120.395386 310.121979
frame00425 0.370630 1011.236572 280.768372 1118.979248 309.077454
frame00425 0.226949 245.517654 310.511353 336.626282 338.908020
frame00426 0.309302 1013.947510 277.859528 1126.653198 309.103424
frame00426 0.324055 226.318359 310.993500 317.833099 337.977661
frame00427 0.316387 1010.178833 278.039215 1126.037842 308.595123
frame00427 0.308230 209.599731 312.546326 305.466736 340.411591
frame00428 0.288768 1012.182495 277.720093 1125.756104 309.580658
frame00428 0.333442 215.247620 313.665070 308.384949 338.217682
frame00429 0.334542 1010.531067 279.285858 1124.351074 310.749634
frame00429 0.313282 219.520706 313.467194 314.181183 339.297089
frame00430 0.265847 1010.082520 280.935699 1116.654785 309.407867
frame00430 0.354320 203.173157 315.717255 305.922180 340.655334
frame00431 0.245294 1004.707397 281.241302 1116.460449 309.294220
frame00431 0.201807 1108.995850 282.179199 1200.768921 310.608521
frame00431 0.295768 199.064941 316.835693 299.160889 341.871429
frame00432 0.264111 1007.408997 279.871246 1119.112183 310.182709
frame00432 0.205221 1104.986084 280.855408 1199.076538 311.316132
frame00432 0.356812 206.828430 316.646606 304.556854 343.140564
frame00433 0.247096 1007.789551 281.489624 1121.806763 312.772675
frame00433 0.215491 1101.758911 282.647125 1200.750977 314.455048
frame00433 0.368744 200.456482 316.913574 295.368927 343.422180
frame00434 0.246437 1005.167175 285.810242 1115.050537 314.513428
frame00434 0.203193 1109.113770 285.316284 1203.445801 316.622833
frame00434 0.365642 200.460663 318.016296 296.961792 344.565308
frame00435 0.234965 1005.961304 283.530457 1120.140381 314.415161
frame00435 0.236605 1107.896606 285.088593 1207.263428 317.327972
frame00435 0.363148 194.864838 316.648926 292.793610 344.520172
frame00436 0.216483 1110.261353 288.378510 1204.639893 319.378143
frame00436 0.387480 196.193665 319.183289 297.067535 346.524506
frame00437 0.269119 1110.140137 287.664856 1209.553589 320.936218
frame00437 0.379657 198.682083 317.355957 296.271027 345.879822
frame00438 0.426364 194.770081 315.644287 299.383545 345.327332
frame00439 0.408964 193.903412 316.138123 298.112518 344.991974
frame00440 0.403690 201.852234 316.960510 306.557587 346.848236
frame00441 0.238025 1121.461060 294.452606 1214.525879 326.030914
frame00441 0.390211 197.364334 317.359497 300.534454 346.790863
frame00442 0.256449 1112.929565 290.516937 1215.058716 326.544312
frame00442 0.371164 196.952911 318.089783 296.211792 348.577515
frame00443 0.257455 1111.443359 291.705963 1214.290894 327.634460
frame00443 0.377719 187.211014 317.798309 282.536041 348.660065
frame00444 0.213307 1113.322021 295.471252 1207.621338 328.191711
frame00444 0.391217 185.733810 319.408447 285.774445 350.233917
frame00445 0.397337 183.375702 318.573547 284.541077 350.564270
frame00445 0.223974 997.585388 296.004608 1128.533813 333.889221
frame00446 0.338685 179.577057 318.467529 283.848633 350.575195
frame00446 0.206028 1003.977051 296.763733 1133.474854 335.099854
frame00447 0.344434 183.324860 319.360535 284.722778 350.624207
frame00447 0.273822 1014.785461 298.060883 1129.164917 331.795532
frame00448 0.386255 174.436798 318.367462 278.426544 349.790283
frame00448 0.206648 1011.875610 298.872314 1122.774902 332.101257
frame00449 0.360697 172.851471 317.059753 279.072327 351.344482
frame00449 0.245193 1008.022400 297.519287 1131.028809 336.632629
frame00450 0.384081 175.135483 316.520782 276.382874 348.925171
frame00450 0.232981 1011.564636 297.016937 1128.374512 334.612000
frame00451 0.387925 164.897430 314.640411 270.779572 346.800568
frame00451 0.206114 1009.092712 297.513977 1124.616821 332.152710
frame00452 0.310313 170.656586 314.628967 271.568176 346.228607
frame00453 0.367409 163.682556 311.107544 263.405212 342.605499
frame00453 0.212187 1008.164551 295.960907 1125.279785 333.303680
frame00454 0.231552 1130.771240 299.594177 1216.356079 330.458862
frame00454 0.323741 164.324432 311.248077 259.284332 344.032715
frame00455 0.251557 1131.670898 298.919159 1217.741211 329.087585
frame00455 0.307776 166.332626 308.956055 261.282227 342.362396
frame00456 0.220280 1134.848022 300.944916 1213.303345 328.900940
frame00456 0.315361 167.201813 308.644836 265.495453 340.856323
frame00457 0.230878 1132.403931 299.883270 1216.461060 330.228088
frame00457 0.292802 167.181717 307.498627 263.664917 340.902557
frame00458 0.250900 1130.489136 300.739136 1215.716675 327.673767
frame00458 0.288303 169.280930 308.852692 271.124573 339.942902
frame00459 0.233496 1135.474976 300.775055 1218.670654 328.886505
frame00459 0.257988 172.238953 307.771027 273.228638 340.103180
frame00460 0.241078 1131.834961 301.621521 1220.764038 329.077423
frame00461 0.219851 1130.507935 302.263123 1221.594849 330.993164
frame00462 0.213181 1137.747070 299.253754 1223.661865 326.102875
frame00463 0.223974 1137.998901 298.815247 1224.026245 325.310059
frame00464 0.226512 1135.578369 296.576508 1224.251343 322.117706
frame00465 0.208545 1139.677246 295.328674 1221.870850 320.300812
frame00466 0.240824 1142.897949 295.087067 1223.174805 319.352142
frame00467 0.260621 1143.317383 295.065857 1225.121948 318.733948
frame00468 0.267712 1144.830811 294.457977 1229.131592 318.146759
frame00469 0.274662 1141.642944 293.348267 1228.921265 317.340546
frame00470 0.205062 1012.025879 287.753479 1116.985107 309.434174
frame00470 0.267608 1132.516357 291.493408 1224.855835 313.964783
frame00471 0.208918 19.710293 289.881561 96.249512 317.050201
frame00471 0.280073 1138.663452 289.893860 1231.160767 314.351654
frame00472 0.214449 1010.880859 283.667725 1120.091675 306.970398
frame00472 0.296317 1134.032593 288.090912 1232.314453 312.779633
frame00473 0.207275 1011.758789 283.363556 1117.632690 306.064178
frame00473 0.281396 1132.685791 286.518219 1228.319458 310.966614
frame00474 0.322789 1131.279297 285.596191 1230.513428 309.624023
frame00475 0.208029 1013.690430 283.338013 1118.354736 305.602448
frame00475 0.302798 1126.854980 288.430511 1219.410522 310.395966
frame00476 0.317131 1127.118408 287.037720 1227.263184 309.588776
frame00477 0.323599 1128.633057 288.488251 1231.242554 311.340668
frame00478 0.352393 1125.076416 289.035583 1234.642578 312.915955
frame00479 0.331832 1120.591064 291.377991 1227.567749 312.112732
frame00480 0.298244 1117.502563 290.869904 1221.086670 310.338959
frame00481 0.286545 1113.780762 291.880890 1215.873047 310.453583
frame00482 0.321888 1106.787231 290.814758 1212.562622 311.781036
frame00482 0.238359 23.398575 289.180359 118.502213 345.039978
frame00483 0.310796 1094.502319 287.341400 1206.098877 310.385956
frame00483 0.245981 24.357887 288.679382 120.131927 343.424957
frame00484 0.359855 1097.965820 284.837738 1213.311035 306.368195
frame00484 0.206946 27.817984 292.435425 117.709244 344.532806
frame00485 0.346743 1098.768799 281.935913 1211.394775 303.772217
frame00485 0.218122 26.660528 292.494568 114.505302 339.632477
frame00486 0.339293 1094.089600 280.896667 1202.122192 304.415009
frame00486 0.248883 20.659584 283.818359 115.436783 339.472778
frame00487 0.334626 1103.359619 277.799347 1215.360596 300.849365
frame00488 0.340084 1090.453247 276.214539 1201.796509 298.947723
frame00489 0.202075 16.214886 294.298035 88.732498 324.822479
frame00489 0.349146 1096.953369 273.698029 1209.827148 297.845825
frame00489 0.203313 22.030720 281.729492 114.106903 334.905945
frame00490 0.212880 16.626108 295.080566 90.572479 325.179596
frame00490 0.370746 1100.699341 271.233734 1215.990967 295.961853
frame00490 0.216763 21.371841 281.091156 114.830902 333.571106
frame00491 0.218272 16.701777 294.262756 90.281799 324.107697
frame00491 0.393580 1099.200928 268.999054 1216.738281 294.694641
frame00492 0.389189 1094.052002 267.617554 1212.721313 293.075012
frame00493 0.381980 1091.375977 268.848694 1206.812012 293.167267
frame00493 0.224941 27.380577 286.150665 115.542984 335.536804
frame00494 0.396703 1097.627808 267.204132 1212.501709 291.528717
frame00495 0.408519 1101.801270 265.820557 1216.054443 290.782410
frame00496 0.421025 1095.528809 264.579987 1213.898682 290.262299
frame00497 0.412864 1092.452759 266.442566 1209.466919 290.700134
frame00498 0.409129 1091.545532 266.622986 1205.886230 291.085205
frame00499 0.414840 1093.018799 263.321075 1210.292358 291.500214
frame00500 0.391193 1097.784424 266.569702 1209.883545 293.052185
frame00501 0.440599 1090.793945 263.166046 1216.832520 295.616699
frame00502 0.443306 1089.615723 264.872681 1217.031616 297.600281
frame00503 0.437259 1097.419312 265.192444 1220.015625 295.691559
