frame00011 0.221222 1202.734131 294.500641 1292.512817 358.664978
frame00012 0.320108 1207.864746 290.133484 1305.296387 358.183380
frame00013 0.391667 1183.606934 272.535492 1310.613770 360.401611
frame00014 0.402999 1159.899658 273.979248 1300.278564 361.536163
frame00015 0.433758 1139.112183 273.999146 1291.807129 360.775726
frame00016 0.466099 1128.247437 272.476776 1292.607422 363.140717
frame00017 0.403971 1114.441772 269.134003 1283.252686 364.280884
frame00018 0.464043 1099.683350 270.814392 1280.335083 366.024872
frame00019 0.465930 1064.959473 273.117859 1256.804688 355.243378
frame00020 0.446954 1009.977783 268.349426 1242.767578 358.486572
frame00021 0.520943 928.975159 260.290131 1237.850830 362.082153
frame00022 0.477589 901.755737 256.960114 1209.478027 363.421600
frame00023 0.425653 865.348389 265.140656 1173.747437 358.555817
frame00024 0.565069 823.360718 266.727692 1141.452881 358.743866
frame00025 0.471268 796.947998 258.496399 1111.922485 360.510773
frame00026 0.342216 770.605164 268.215607 1045.786865 363.169861
frame00027 0.508059 736.743286 266.680481 1033.609009 360.627136
frame00028 0.534434 693.259277 266.258484 1011.026306 367.312256
frame00029 0.536691 662.321716 265.926208 992.647461 368.714050
frame00030 0.507829 633.664001 265.139069 966.435669 366.652100
frame00031 0.413038 590.827026 262.030823 933.807861 366.627594
frame00032 0.363987 533.297180 257.339447 925.205322 367.134064
frame00033 0.588243 503.932800 258.318054 877.138184 365.234528
frame00034 0.589630 480.894592 257.471313 857.268799 368.890656
frame00035 0.562144 454.841187 258.843292 819.976501 368.439636
frame00036 0.572809 427.378479 260.989716 773.877808 364.684204
frame00037 0.443445 391.278442 259.446075 739.927063 362.949860
frame00038 0.636680 347.505859 258.354095 699.486633 377.482025
frame00039 0.664267 332.529846 259.311371 653.955200 377.342377
frame00040 0.642628 306.719635 262.654877 624.727417 375.439667
frame00041 0.603764 275.608093 263.541595 584.368347 371.661346
frame00042 0.557097 247.522095 262.793732 554.882385 368.078339
frame00043 0.499052 219.310364 263.275299 523.623352 366.733551
frame00044 0.594900 187.146606 258.613129 492.254883 369.474243
frame00045 0.593834 172.252960 260.817505 454.113037 366.830505
frame00046 0.647393 140.345688 265.598907 425.140869 367.542145
frame00047 0.663608 119.794075 271.547119 390.521515 363.990753
frame00048 0.623489 104.022301 273.577759 355.384552 361.141022
frame00049 0.647923 72.479416 271.631073 332.761169 366.885864
frame00050 0.482034 41.891479 260.885437 305.012207 378.293823
frame00051 0.621879 29.380245 267.675598 278.236115 373.654205
frame00052 0.655440 19.837151 270.413727 254.548431 374.020691
frame00053 0.657210 13.902225 276.656067 236.642929 369.038147
frame00054 0.623081 8.738365 275.158325 212.788666 370.549713
frame00055 0.571887 7.766504 277.423309 184.458618 366.473267
frame00056 0.533958 4.074650 277.305908 164.642090 365.876190
frame00057 0.524338 0.000000 276.904449 145.621201 365.318634
frame00058 0.465330 0.000000 277.105072 123.101486 364.681305
frame00059 0.402764 0.000000 278.085785 109.990311 360.385162
frame00060 0.320879 0.000000 280.609558 98.246155 363.524414
frame00061 0.216728 5.706792 286.444336 97.568146 371.008759
