frame00000 0.294959 632.812866 261.590302 731.011047 295.587646
frame00000 0.435662 0.000000 288.502411 130.880569 379.505707
frame00001 0.253216 640.215454 261.726654 732.486084 296.149750
frame00001 0.404482 0.000000 285.066040 116.346680 382.124451
frame00002 0.270600 634.471313 261.204651 734.620239 299.011383
frame00002 0.358567 0.000000 289.649872 106.168335 381.720520
frame00003 0.253094 631.478394 260.581879 737.378296 299.542755
frame00003 0.318276 0.000000 285.144043 99.866928 385.530304
frame00004 0.278718 634.323669 262.973206 735.678101 299.658936
frame00004 0.281618 0.000000 283.456055 104.918175 392.624573
frame00005 0.307289 644.132629 263.068604 736.104980 297.307434
frame00006 0.283422 654.053833 266.335205 731.242554 295.149536
frame00007 0.339797 647.164551 262.199585 735.291687 297.302795
frame00008 0.378636 660.316406 266.596527 734.008423 294.171936
frame00009 0.309108 653.169922 271.943970 730.924622 299.678009
frame00010 0.300394 650.349121 273.989655 729.746826 301.155060
frame00011 0.334589 645.317383 272.956238 732.951965 303.479645
frame00012 0.325647 656.683594 271.318573 732.205261 298.763672
frame00013 0.374938 656.877502 266.882874 735.110229 297.108154
frame00014 0.334886 650.806152 264.228760 739.075195 298.368622
frame00015 0.378150 668.189575 266.651031 738.355225 293.804749
frame00016 0.371896 655.610229 261.859955 737.953979 294.321381
frame00017 0.367037 661.829285 262.742981 738.428101 292.978668
frame00018 0.375714 666.965637 261.966858 736.590881 287.991333
frame00019 0.386010 663.922729 263.187408 732.706787 289.757111
frame00020 0.345030 659.127563 261.949005 737.484070 292.358704
frame00021 0.412675 665.819397 261.068878 735.381592 288.981262
frame00022 0.402394 668.973938 262.136627 737.363647 288.890350
frame00023 0.371221 669.414001 264.101898 732.046448 287.314484
frame00024 0.409319 672.697693 264.320984 738.643555 289.759125
frame00025 0.385847 671.575684 263.187988 741.539551 291.131165
frame00026 0.389544 669.091919 266.107208 733.857422 291.005402
frame00027 0.322352 660.150452 264.842438 736.423462 294.237915
frame00028 0.337755 667.696594 264.271271 740.776611 292.402161
frame00029 0.373929 677.347900 265.292511 739.390991 288.504395
frame00030 0.388887 676.433228 265.607452 741.333740 290.453644
frame00031 0.372756 682.036011 264.617371 741.385498 286.474243
frame00031 0.202370 728.821289 263.264099 788.580444 285.038879
frame00032 0.348976 671.799927 264.506775 738.068115 288.235352
frame00033 0.377432 668.363953 263.798065 737.072021 288.610016
frame00034 0.375276 675.185669 262.321899 744.621887 287.892365
frame00035 0.335643 674.872559 262.734131 746.912354 288.899628
frame00035 0.202048 720.040771 262.142365 787.404297 286.918121
frame00036 0.338607 671.032593 264.962433 741.729614 290.703491
frame00037 0.337088 667.059021 264.834351 740.231018 291.410156
frame00038 0.328972 669.506836 263.895172 743.477661 290.549286
frame00039 0.271389 672.290710 267.314941 733.698486 289.593140
frame00039 0.217165 777.515991 269.438782 831.279419 285.504974
frame00040 0.318301 673.201050 267.805115 734.863831 289.906250
frame00041 0.360285 667.456543 265.352570 739.796265 292.122955
frame00042 0.338958 666.054810 263.086151 741.356323 290.515137
frame00043 0.314483 669.906860 264.597382 742.220215 290.556396
frame00044 0.332059 670.384827 262.865417 747.164795 291.417542
frame00045 0.368814 676.895386 262.759613 741.667542 286.675629
frame00046 0.317246 678.413818 260.495911 747.961121 286.403564
frame00046 0.262362 718.411133 261.857574 779.875488 286.280579
frame00047 0.367420 678.965332 261.312714 745.184631 285.438507
frame00047 0.226651 721.229919 261.912292 783.133606 285.401703
frame00048 0.350108 676.587646 262.712616 744.960205 287.927551
frame00048 0.219782 718.460205 262.727081 782.755432 287.990570
frame00049 0.292492 678.723022 261.397125 749.025146 287.623077
frame00049 0.255474 721.648071 262.649109 781.394653 286.613312
frame00050 0.276911 682.080994 261.244171 749.923828 287.311646
frame00050 0.292904 724.179077 263.038605 779.377747 285.976410
frame00051 0.308096 680.241577 260.433228 749.976929 287.469299
frame00051 0.271494 718.917114 261.603180 778.892700 286.922333
frame00052 0.326785 673.098389 264.625336 747.742676 292.231018
frame00052 0.213822 717.312012 263.759583 784.225464 290.749146
frame00053 0.332187 675.304688 267.024231 742.062073 291.051147
frame00054 0.314705 678.049683 266.081604 747.851807 291.616821
frame00054 0.252652 718.850952 265.813354 779.198975 290.687805
frame00055 0.313297 671.774841 271.553558 743.859802 295.795135
frame00056 0.305061 675.318054 273.574432 744.655518 296.395508
frame00056 0.201337 724.071167 271.693512 785.317688 294.202332
frame00057 0.323871 671.335083 273.817322 744.075867 297.301697
frame00058 0.340510 670.097534 275.110504 740.023193 297.576813
frame00059 0.324019 671.410828 274.320190 740.568970 296.981079
frame00060 0.307935 677.781311 273.453369 744.792114 295.215973
frame00060 0.210729 733.358032 271.764099 789.621582 291.425934
frame00061 0.302074 673.107178 271.224152 746.399414 296.710083
frame00062 0.305039 677.056274 272.158325 744.206238 295.579956
frame00062 0.215902 722.234009 269.848053 782.000122 293.761932
frame00063 0.311272 669.150513 273.741150 739.540283 297.309021
frame00064 0.323818 676.195068 271.178558 743.886108 295.587646
frame00064 0.204551 720.772400 268.380585 782.124939 293.620636
frame00065 0.286533 678.190918 272.055939 741.904785 294.522217
frame00065 0.215328 735.420471 270.956177 789.160095 291.058502
frame00066 0.279840 676.076965 271.602692 745.427368 296.464142
frame00066 0.228486 725.893494 270.084808 784.419006 293.770172
frame00067 0.275401 684.528687 267.962799 747.807739 292.524689
frame00067 0.301392 721.591492 267.461334 774.664001 291.645050
frame00068 0.317998 685.325928 266.923065 744.703857 290.500763
frame00068 0.265218 723.846680 266.455139 775.327698 289.389771
frame00069 0.290529 681.669922 270.171021 743.379395 293.248840
frame00069 0.254077 724.698608 269.382843 777.150757 291.891327
frame00070 0.281509 681.382751 269.284760 745.320740 294.010590
frame00070 0.243777 723.789429 268.905457 777.466064 292.150909
frame00071 0.270631 680.568604 269.897766 744.497925 294.350067
frame00071 0.234542 725.708618 269.223907 778.667114 291.810272
frame00072 0.293209 682.318481 270.274475 744.551331 293.908386
frame00072 0.259685 722.967834 269.158508 776.263123 292.389923
frame00073 0.308049 679.917358 271.819153 741.818481 295.102936
frame00073 0.231481 721.045471 269.368011 776.701721 293.725983
frame00074 0.295821 681.831604 271.345154 742.778687 294.901337
frame00074 0.243010 722.302185 269.720367 776.215271 293.569336
frame00075 0.278514 680.455627 272.112793 742.941406 295.742645
frame00075 0.245058 724.786987 270.898773 778.524780 294.025177
frame00076 0.263012 681.340027 272.742737 741.698120 294.627930
frame00076 0.228773 729.208374 272.315552 781.316833 292.642517
frame00077 0.269249 677.653503 271.747437 740.476685 295.209717
frame00077 0.229463 726.458618 270.813080 781.105652 293.822876
frame00078 0.269745 678.484436 271.567444 739.967102 294.862823
frame00078 0.233260 726.834045 270.291565 780.425354 293.655792
frame00079 0.254940 681.924133 268.156647 741.311340 291.605225
frame00079 0.266052 731.076782 268.430298 778.641663 289.712799
frame00080 0.267408 679.168823 270.023682 739.855957 294.058563
frame00080 0.228930 727.557434 268.483643 780.086426 292.136383
frame00081 0.275018 681.720886 269.551697 739.710083 292.720276
frame00081 0.249963 725.709351 268.358948 776.722107 291.979767
frame00082 0.242713 683.754822 268.261017 742.631165 292.224731
frame00082 0.305665 728.265686 268.644226 776.066895 291.212555
frame00083 0.251762 682.623962 268.325562 743.286987 291.980560
frame00083 0.283842 727.244751 269.404449 776.984558 291.308380
frame00084 0.251472 682.553955 270.456512 742.383667 293.069580
frame00084 0.277611 726.998657 270.757416 778.168274 292.030762
frame00085 0.265421 674.036255 272.402313 740.127258 295.980560
frame00085 0.225668 724.321777 271.643433 784.026978 295.119110
frame00086 0.293287 677.455811 273.552307 740.772034 296.542511
frame00086 0.212602 724.002380 272.095856 781.695435 295.365356
frame00087 0.262046 671.888123 274.314819 738.557129 297.720428
frame00088 0.279592 671.209045 275.997528 735.854858 297.514923
frame00089 0.241076 669.932922 275.172302 741.422791 300.248810
frame00089 0.225073 723.277039 274.522858 788.607727 298.457153
frame00090 0.215526 672.755737 278.129761 743.671143 302.357819
frame00090 0.270599 726.471008 278.182648 785.441345 301.028961
frame00091 0.225416 666.365601 280.780212 741.754395 305.154266
frame00091 0.218405 723.756226 279.010193 790.767700 303.664673
frame00092 0.223441 667.611206 281.577911 743.109131 306.291443
frame00092 0.243659 722.700439 280.017761 788.837219 305.325775
frame00093 0.342342 727.077698 280.771088 782.775513 304.243408
frame00094 0.294135 725.034180 280.880127 785.557373 305.260376
frame00095 0.320846 726.119019 280.620087 785.382019 305.148926
frame00096 0.327476 729.319824 279.942657 788.571838 303.960907
frame00097 0.320424 727.796265 281.308716 784.899963 304.084076
frame00098 0.345697 728.341309 282.693787 785.604004 305.473297
frame00099 0.253957 727.910767 282.656555 791.736938 306.133820
frame00100 0.216324 668.080994 282.510284 740.365845 305.295471
frame00100 0.232553 727.415283 280.885468 791.088867 303.890045
frame00101 0.246740 730.474731 279.004669 790.204346 301.456573
frame00102 0.279365 732.937500 277.323517 789.632568 299.350098
frame00103 0.251302 730.725952 276.574554 792.928406 299.512146
frame00104 0.268563 732.247620 275.197205 790.077393 296.976746
frame00105 0.279247 736.482056 277.526520 791.525574 297.956757
frame00106 0.286541 738.403381 278.450043 794.879089 298.966949
frame00107 0.290077 739.264404 279.408173 793.724243 298.801331
frame00108 0.318689 749.395447 279.885834 800.477295 298.289825
frame00109 0.298260 743.022827 282.528992 799.576355 301.288330
frame00110 0.218508 735.048340 281.880310 803.606689 304.029297
frame00111 0.226529 741.251709 282.634827 807.090454 303.754150
frame00112 0.258775 746.965210 283.502502 806.591675 301.960602
frame00113 0.289196 747.739258 284.530670 804.121704 301.914673
frame00114 0.295628 742.738525 283.718719 798.725708 302.762207
frame00115 0.335304 749.648926 284.314697 804.360229 302.381226
frame00116 0.290678 744.751343 283.698578 803.862366 302.717316
frame00117 0.342595 748.193665 282.087891 806.397400 301.807129
frame00118 0.284167 744.230408 285.033691 803.746399 302.871277
frame00119 0.278445 745.221191 285.252838 803.927063 303.601074
frame00120 0.313633 750.319946 285.452209 811.414673 304.697845
frame00121 0.315991 749.779602 287.598022 807.593323 305.445709
frame00122 0.246880 750.346741 287.969482 815.224976 307.081726
frame00123 0.226930 745.526428 286.486603 811.986389 306.843811
frame00124 0.293661 755.089600 286.045074 815.103027 304.278351
frame00125 0.201180 659.590149 288.985962 731.150024 308.469482
frame00125 0.245434 752.364502 285.550598 819.526367 306.150879
frame00126 0.219339 657.413452 290.304871 730.180176 310.063080
frame00127 0.334387 757.628174 285.311005 817.170898 304.188293
frame00128 0.207255 660.528442 288.737030 729.669922 307.561890
frame00128 0.262768 754.468506 284.940704 817.597961 304.931183
frame00129 0.302886 761.016785 285.057678 821.106323 303.487854
frame00130 0.310074 764.845459 283.750397 824.129944 303.648224
frame00131 0.346244 766.925903 281.955811 826.906982 302.733429
frame00131 0.210065 1133.287964 323.415009 1263.360840 543.881104
frame00132 0.229471 762.425232 282.183258 831.796570 305.448395
frame00133 0.276855 768.758545 281.959595 835.113403 304.109741
frame00134 0.215746 654.476685 291.102417 731.752991 311.152863
frame00135 0.219010 659.020142 291.310608 728.950256 310.972473
frame00136 0.237080 662.288147 291.327393 726.151062 309.434784
frame00136 0.207191 759.585510 285.772827 825.571350 305.446625
frame00137 0.251386 668.147827 291.811737 727.868103 310.270477
frame00137 0.216222 762.602478 284.906952 827.445618 305.609711
frame00138 0.283398 767.337891 287.067993 830.844788 306.396118
frame00139 0.200094 659.327026 292.541534 729.875732 313.211517
frame00140 0.201855 655.389160 291.592041 730.383240 314.341492
frame00141 0.223392 652.452698 293.414124 728.421021 316.855499
frame00142 0.294811 666.932251 294.761200 724.404785 312.126251
frame00143 0.261301 665.487549 293.768005 725.749023 311.000031
frame00144 0.330783 661.223083 293.421600 721.650330 312.816254
frame00145 0.290488 664.207092 291.656799 725.127625 309.569580
frame00146 0.340419 669.368408 290.720978 725.748291 308.792877
frame00147 0.400062 666.847412 287.997986 725.046387 307.976715
frame00148 0.322826 663.483521 286.407745 728.133179 306.643463
frame00149 0.327271 665.164185 284.801544 725.206909 305.123688
frame00149 0.215114 773.759888 275.451324 838.007935 297.476471
frame00150 0.323459 665.780151 285.385498 726.379883 304.588776
frame00151 0.286606 664.533569 284.730957 727.140991 305.209656
frame00151 0.246788 776.118164 277.909119 839.667664 299.011658
frame00152 0.345194 664.537292 286.192505 724.943787 307.238342
frame00152 0.215277 774.368652 275.909119 842.374939 300.233032
frame00153 0.331357 664.843445 287.114655 725.270508 307.452667
frame00153 0.210644 775.400513 278.130646 844.501831 301.070129
frame00154 0.341932 662.572388 287.471832 724.781433 308.431244
frame00155 0.371300 665.298828 288.685883 722.109619 307.814819
frame00156 0.371859 659.810669 288.776825 721.683228 309.606720
frame00157 0.335516 658.877930 290.408295 718.470093 309.659210
frame00158 0.361456 659.172241 290.385101 716.748779 309.391571
frame00159 0.351832 662.112671 290.505493 718.454956 309.986176
frame00160 0.334720 659.356628 291.351898 715.480408 310.648926
frame00161 0.337874 660.408020 291.356598 716.014404 310.931335
frame00161 0.205117 801.053223 281.777832 864.553467 303.250824
frame00162 0.349462 660.056091 292.520355 713.300720 311.369354
frame00163 0.319315 661.987793 289.259857 718.951904 310.559540
frame00163 0.257047 818.158813 281.836945 878.419556 301.544708
frame00164 0.331665 659.624390 290.915833 715.509277 310.920227
frame00165 0.332281 658.166138 289.918549 713.688904 311.425018
frame00165 0.240713 822.940308 278.591766 885.379089 300.489166
frame00166 0.329940 656.709839 289.514343 714.474426 311.931610
frame00166 0.231726 818.143860 278.814178 884.455933 302.236145
frame00167 0.367384 658.333374 289.011963 715.420898 310.513275
frame00167 0.219995 804.511047 277.646210 873.855652 302.482330
frame00168 0.365691 656.512756 286.668121 717.401123 311.291107
frame00168 0.243976 811.617188 275.571716 887.303406 302.832916
frame00169 0.352422 655.639282 286.792084 715.790466 311.364349
frame00169 0.253014 816.112976 274.820587 889.884644 302.140900
frame00170 0.339075 653.297974 289.860199 715.109924 312.624390
frame00170 0.200987 802.583008 277.559204 876.666992 303.896240
frame00171 0.355336 655.814819 290.436493 712.434082 311.768768
frame00172 0.362107 651.394287 289.564911 711.758057 312.868408
frame00173 0.356059 651.732239 287.256592 714.839844 313.380524
frame00173 0.256465 829.687439 274.114563 901.019958 300.579529
frame00174 0.352993 651.133789 288.853973 711.755432 313.337494
frame00175 0.382542 648.622559 288.505402 709.972046 313.241333
frame00175 0.212229 827.957886 273.892853 901.448669 300.818207
frame00176 0.386319 649.656128 291.634644 706.758667 314.019196
frame00177 0.384737 651.211487 290.806915 710.049072 314.715851
frame00177 0.207557 816.873901 274.144836 890.864380 302.368073
frame00178 0.379514 648.068481 291.705200 707.299255 315.208313
frame00179 0.398945 647.201660 291.184509 706.138306 314.939240
frame00180 0.391681 644.380615 291.131165 704.658325 314.932678
frame00181 0.382619 643.899597 289.606873 707.979065 316.082336
frame00181 0.209739 824.512817 272.830017 903.150635 303.479736
frame00182 0.372763 644.501221 289.264496 707.522705 316.760284
frame00182 0.200312 879.009399 260.767151 987.553406 300.867645
frame00183 0.373699 642.622009 288.237915 707.973999 315.950134
frame00183 0.239000 831.907959 271.774841 908.451233 301.937805
frame00184 0.399930 643.507935 291.679962 702.322754 315.876770
frame00185 0.377363 643.726501 291.073029 703.017273 314.106537
frame00186 0.351285 639.568970 291.878815 699.104919 314.434174
frame00187 0.377844 634.527954 290.636902 696.260925 313.417816
frame00188 0.426530 638.213257 289.139923 698.025757 312.400909
frame00189 0.428608 635.306702 289.461792 695.178528 311.647125
frame00189 0.209124 904.203613 261.539551 1003.126831 294.865997
frame00190 0.422244 638.132202 290.828796 693.275635 309.465759
frame00191 0.435732 637.187683 290.812561 692.706360 310.334015
frame00192 0.442712 636.134705 290.295532 690.976624 309.217102
frame00193 0.473808 636.005859 286.460449 692.300537 307.299988
frame00194 0.424715 633.036621 288.482819 691.555054 309.933685
frame00194 0.220193 897.267090 262.088196 996.325134 294.316895
frame00195 0.445242 632.395813 290.583344 689.265991 310.313782
frame00196 0.456808 630.436462 289.388062 688.481506 309.536041
frame00197 0.458971 631.321533 292.736389 685.039185 310.550507
frame00198 0.455901 629.440735 292.168518 686.494629 311.590332
frame00199 0.447861 624.775513 294.825317 680.972595 312.487335
frame00200 0.444210 625.725769 294.083069 681.140686 311.678406
frame00201 0.459220 621.727661 293.837036 677.687317 311.382874
frame00202 0.446961 622.396057 292.711792 679.422852 312.023254
frame00203 0.407718 619.457581 295.160492 677.751099 314.557495
frame00204 0.412773 617.506653 295.335907 672.680420 312.365112
frame00205 0.414547 614.037354 295.884308 672.680298 314.126282
frame00206 0.429812 610.273315 295.332184 670.450928 313.389679
frame00207 0.442007 609.794556 295.368896 669.170532 313.224152
frame00208 0.434836 609.554688 295.266815 665.231995 311.005341
frame00209 0.467593 606.020874 293.751221 662.834412 309.877228
frame00210 0.461391 602.774475 292.717651 664.080750 309.733551
frame00211 0.431173 596.468445 290.386230 666.832825 310.475708
frame00211 0.244944 950.926208 258.820953 1065.581787 294.711182
frame00212 0.446368 594.767944 291.524506 659.151489 308.531097
frame00212 0.207415 950.793823 260.704590 1062.710205 295.990631
frame00213 0.442504 599.071350 293.490448 659.281738 310.080322
frame00214 0.426054 597.598083 293.097656 662.874390 312.194122
frame00215 0.384284 594.895264 293.560120 661.644165 312.561310
frame00215 0.203695 957.743652 260.635895 1065.420166 296.665344
frame00216 0.400858 594.648743 294.619568 657.247986 313.898651
frame00217 0.327697 592.213745 294.338867 660.490356 315.349274
frame00217 0.201621 944.390381 264.658813 1046.151001 299.282501
frame00217 0.204625 575.120117 293.732086 679.215088 327.645599
frame00218 0.354756 591.844116 294.173828 660.818115 314.995911
frame00219 0.324705 588.596313 298.095795 655.423218 316.735046
frame00219 0.240891 574.372620 296.021973 669.591675 325.097473
frame00220 0.315774 585.779053 295.354828 657.023682 316.251526
frame00220 0.211010 570.507690 294.008270 673.622375 327.570801
frame00221 0.349560 585.347534 296.006134 652.361694 316.438110
frame00221 0.201554 570.292542 293.652527 668.892212 327.014343
frame00222 0.336515 578.158325 292.941803 656.753296 318.449860
frame00222 0.214375 979.892822 258.414459 1086.955933 296.761536
frame00222 0.213207 562.449829 290.524017 673.253418 330.690857
frame00223 0.345575 581.358154 295.606049 651.829468 318.653870
frame00223 0.251387 566.823059 293.188629 665.201172 328.637207
frame00224 0.345978 582.503601 295.930634 650.281677 317.727112
frame00224 0.242626 566.946655 292.906189 666.705017 328.723389
frame00225 0.345134 579.874451 297.244049 645.407410 318.463501
frame00225 0.259199 565.462463 294.349854 659.502075 328.235382
frame00226 0.347199 574.923401 297.025177 640.591736 318.918427
frame00226 0.251634 560.684448 293.456482 654.848633 327.962311
frame00227 0.345104 572.171143 297.011719 638.091003 318.084503
frame00227 0.238515 557.330627 293.464813 656.139282 328.036621
frame00228 0.332031 570.945557 297.131439 637.809631 318.826691
frame00228 0.242507 555.778870 293.156982 653.549866 327.637665
frame00229 0.325490 568.725830 297.609283 634.457336 318.402618
frame00229 0.230414 554.231812 293.814850 649.725464 327.025513
frame00230 0.342616 562.113708 297.199799 628.928040 318.018250
frame00230 0.223921 550.894897 294.674835 646.893311 327.563019
frame00231 0.311259 562.032593 297.721466 631.126770 318.515320
frame00231 0.224789 547.411804 294.268616 647.457336 327.274719
frame00232 0.291222 557.698608 297.596100 630.579468 319.806763
frame00232 0.242192 542.048401 294.473022 643.708618 327.774811
frame00233 0.297689 541.540894 296.327728 637.270508 328.605560
frame00234 0.274169 554.318481 297.176697 623.659790 319.152924
frame00234 0.280679 539.178101 296.133850 640.570679 328.905304
frame00235 0.281780 553.633179 297.302673 626.951782 320.366882
frame00235 0.267397 535.168701 294.814056 642.625183 328.741638
frame00236 0.318908 525.701172 294.906464 639.711853 328.319702
frame00237 0.278978 523.686218 294.898010 639.175293 328.698029
frame00238 0.286122 518.559509 294.560394 625.550659 327.851685
frame00239 0.229692 457.583862 295.673828 609.574219 353.267853
frame00239 0.295114 513.352600 295.052917 629.964111 329.166931
frame00240 0.291172 464.005127 295.531311 611.790039 352.099426
frame00240 0.290560 508.413086 295.841125 628.014526 331.208252
frame00241 0.354331 465.443665 294.207062 607.298889 348.965546
frame00241 0.227657 507.734344 295.772583 627.738220 332.358215
frame00242 0.203244 1107.828491 252.525040 1232.397583 302.287750
frame00242 0.418548 468.761597 294.990631 606.770142 349.094086
frame00242 0.220417 508.915436 297.218018 632.465454 334.125946
frame00243 0.232137 1112.353516 256.779877 1229.967041 301.640869
frame00243 0.435381 466.714417 296.069397 602.703003 349.008698
frame00243 0.206669 508.682587 297.314362 638.061462 335.811157
frame00244 0.502690 469.825317 296.647125 599.564453 347.775726
frame00245 0.479616 459.780334 294.473877 596.359985 348.122955
frame00246 0.496831 458.038025 295.261200 587.323730 346.903259
frame00247 0.493697 456.676697 295.877716 585.246643 346.325745
frame00248 0.569041 448.612946 296.025360 589.565369 350.706512
frame00249 0.259797 1119.195923 260.544647 1230.777710 300.966064
frame00249 0.560253 450.619141 297.689941 584.683716 350.438995
frame00250 0.276326 1113.322510 258.489136 1228.578613 299.348419
frame00250 0.579725 442.067871 296.952454 574.687378 351.945831
frame00251 0.245439 1125.204346 257.278015 1234.543579 298.100281
frame00251 0.596279 435.175049 298.538574 567.719971 351.801910
frame00252 0.267414 1111.234863 254.843796 1227.824707 297.360901
frame00252 0.620625 430.967560 298.952484 565.090027 354.853882
frame00253 0.268454 1121.192627 255.738464 1232.394775 297.276276
frame00253 0.607130 429.841492 301.431763 553.319641 351.772186
frame00254 0.250112 1130.026001 254.290512 1239.943115 299.066833
frame00254 0.661424 422.982117 300.415161 552.232300 352.489624
frame00255 0.684884 417.107849 300.406158 549.360962 352.779999
frame00256 0.212240 1134.442627 256.576691 1243.285645 300.818726
frame00256 0.648762 415.515137 301.334137 546.353088 350.616638
frame00257 0.654409 411.516876 302.345093 543.208313 350.749939
frame00258 0.699878 401.816040 301.766296 540.942505 352.499115
frame00259 0.252840 1148.956421 259.132019 1251.073486 302.959229
frame00259 0.704115 395.717590 302.761902 537.977966 354.325073
frame00260 0.688114 389.164490 303.403168 528.779541 353.371002
frame00261 0.697722 381.276367 302.108826 523.861633 355.421997
frame00262 0.677792 374.489807 301.883636 516.864075 354.295746
frame00263 0.686650 360.980713 300.062439 515.444153 356.982605
frame00264 0.716017 353.269043 300.358490 507.053162 356.519958
frame00265 0.739805 340.666382 300.933777 504.892242 358.309265
frame00266 0.735155 338.820648 301.689392 499.515533 358.326630
frame00267 0.723712 330.981873 303.578552 487.369263 355.254761
frame00268 0.670206 315.140717 302.298187 478.156250 356.436279
frame00269 0.678883 303.058228 302.721863 473.168793 357.040131
frame00270 0.651246 298.698303 304.010071 460.394318 356.655731
frame00271 0.649376 290.100800 302.911957 461.477600 358.927582
frame00272 0.554888 281.467926 304.778168 453.360931 359.795837
frame00273 0.464382 271.550323 303.434753 450.646637 361.742096
frame00274 0.524070 245.389328 301.124207 470.620178 366.430786
frame00275 0.663389 232.376633 300.471832 465.786591 369.866028
frame00276 0.746526 221.176147 301.056458 454.681335 372.630371
frame00277 0.746408 210.179764 306.952606 439.392334 377.833801
frame00278 0.697018 200.555084 309.096558 424.891174 376.995331
frame00279 0.713677 186.027145 308.524109 418.091370 380.753418
frame00280 0.741450 169.349442 311.484161 404.355499 382.864960
frame00281 0.722849 155.608734 311.762329 405.133057 385.827820
frame00282 0.766118 136.474060 312.797394 384.639099 390.214691
frame00283 0.717952 129.548035 315.332092 362.016479 391.442566
frame00284 0.765800 110.247223 316.947937 348.864807 399.924103
frame00285 0.724041 89.122398 314.502991 344.357269 406.673920
frame00286 0.574689 64.964127 309.650482 342.186584 416.917450
frame00287 0.607833 54.632767 295.969116 297.825653 430.929443
frame00288 0.693404 43.417732 297.876678 278.181152 430.975281
frame00289 0.720374 28.921547 296.635895 260.681732 428.698364
frame00290 0.251599 976.394043 273.008636 1075.649536 293.990875
frame00290 0.715384 18.922119 302.329895 238.446274 430.206726
frame00291 0.237125 957.957520 265.033997 1070.218140 291.533630
frame00291 0.695790 8.507175 306.124054 220.916931 435.498993
frame00292 0.248625 959.563293 266.568268 1070.830200 291.250671
frame00292 0.689857 0.651922 309.094391 192.789185 436.892548
frame00293 0.322753 958.899414 267.852570 1072.616943 293.758972
frame00293 0.670805 0.165319 312.136536 180.188629 437.855560
frame00294 0.312065 963.056580 267.247803 1072.228638 294.287567
frame00294 0.630539 0.000000 317.391510 157.750092 437.997192
frame00295 0.275926 974.458618 271.455994 1066.584229 291.223297
frame00295 0.543799 0.000000 316.604187 137.857559 439.297699
frame00296 0.313801 977.966919 270.275574 1073.576172 290.676361
frame00296 0.497568 0.000000 324.709808 112.680550 440.038696
frame00297 0.307476 977.405334 272.211182 1073.714722 291.752197
frame00297 0.429544 0.000000 324.644440 91.699814 434.784698
frame00298 0.301358 985.839966 275.724518 1070.320312 293.939301
frame00298 0.222744 19.629898 334.061371 97.049423 414.360687
frame00299 0.297880 995.604797 279.063446 1078.393799 292.541321
frame00300 0.304057 998.453003 281.727234 1082.437378 293.851105
frame00301 0.238921 991.715027 285.418243 1074.682983 297.737946
frame00302 0.305650 989.127075 286.886719 1075.883301 301.941376
frame00303 0.351766 984.248779 286.409912 1078.422607 301.452728
frame00304 0.416702 975.187988 288.581757 1076.445923 303.541107
frame00305 0.383510 978.690674 288.699402 1074.751587 304.147705
