frame00000 0.210399 795.343323 269.060150 890.273926 296.484222
frame00028 0.234200 818.004456 269.635864 886.817017 292.485626
frame00029 0.208633 641.221375 268.620392 729.584106 301.137390
frame00031 0.203913 629.155029 265.050690 739.808289 305.103790
frame00038 0.208639 635.994019 266.502686 728.835999 301.268219
frame00039 0.256744 647.779602 266.100830 723.571106 295.708923
frame00040 0.224753 644.380005 266.054504 723.932007 296.590637
frame00044 0.232931 813.351196 267.183350 881.215271 290.252045
frame00045 0.219209 812.686279 267.459961 883.090698 291.821259
frame00057 0.232090 637.115967 263.519653 726.491577 297.785339
frame00058 0.216879 638.374329 263.069550 725.199585 296.270081
frame00059 0.251628 647.008667 265.130157 722.556274 294.409546
frame00062 0.223716 640.750427 270.383606 721.957275 299.771759
frame00075 0.226296 619.751892 261.637939 732.600830 303.135498
frame00089 0.203529 622.672241 270.041534 722.794067 304.581604
frame00091 0.213617 627.811707 271.217560 721.005859 303.487762
frame00097 0.223878 629.352478 279.104584 709.084595 305.228455
frame00098 0.208673 621.405212 277.347351 715.039307 307.489838
frame00099 0.204603 625.604492 279.854584 714.290222 307.653015
frame00104 0.205947 625.883240 279.314331 714.556152 306.729187
frame00105 0.212190 621.092346 275.128265 721.310913 307.404144
frame00108 0.214127 632.477539 272.223755 718.938538 303.514465
frame00110 0.244127 623.394104 272.217285 726.550842 308.193573
frame00114 0.246233 623.436890 276.927490 722.023193 308.657135
frame00115 0.251053 630.911560 278.313629 721.329041 308.173248
frame00116 0.229978 628.187195 278.868469 722.414612 309.180481
frame00117 0.249135 625.697510 279.163300 721.283447 309.868896
frame00118 0.262838 632.127502 280.264435 718.654724 308.232697
frame00119 0.260776 629.783813 278.649567 724.533386 310.270966
frame00120 0.212260 625.976746 277.530823 721.939209 309.450409
frame00121 0.259197 629.872498 277.032501 721.249023 308.071808
frame00122 0.202451 622.542480 275.280304 726.263367 310.237732
frame00123 0.214196 627.039185 273.962677 723.490295 308.157349
frame00124 0.211473 631.132874 275.107788 721.717163 306.907196
frame00125 0.223654 632.144226 275.062714 719.864746 305.708282
frame00128 0.272399 639.816162 277.192963 716.295898 304.570038
frame00130 0.204042 625.271057 277.652283 717.779297 309.261627
frame00131 0.231238 626.488586 278.938110 713.047363 308.451233
frame00132 0.232698 621.341919 276.446777 719.775696 310.816711
frame00137 0.238444 633.493774 277.730286 717.598755 307.078735
frame00138 0.237568 625.942505 273.184814 719.039429 307.320312
frame00139 0.223344 631.615417 272.957611 717.522278 304.783783
frame00140 0.218688 629.077942 271.810974 718.033936 305.193207
frame00141 0.200883 625.448547 270.378082 720.250000 305.781403
frame00142 0.240745 624.551453 269.290344 721.454712 306.208069
frame00143 0.237659 632.738464 272.508301 718.378235 304.159546
frame00144 0.234460 629.452026 275.109375 715.670898 306.128082
frame00145 0.254805 629.560486 273.040863 717.441101 306.122162
frame00146 0.202124 620.356140 269.413727 725.940430 309.037567
frame00149 0.204137 619.548584 274.419281 723.111328 311.422638
frame00150 0.214444 619.301147 274.830627 723.143188 311.683044
frame00153 0.200216 615.820251 274.112030 723.807434 311.806732
frame00154 0.212286 625.328308 277.929138 725.097595 311.365662
frame00162 0.203761 619.827026 278.851990 723.335205 314.505798
frame00166 0.214510 631.631348 284.179260 720.823975 314.153717
frame00167 0.232126 634.001099 284.240417 723.218445 315.207123
frame00168 0.242323 634.816040 285.213104 720.370422 314.298981
frame00169 0.237538 633.702209 284.397003 720.556763 314.419037
frame00170 0.228651 632.488647 283.125061 723.058533 314.644104
frame00179 0.225914 629.754333 283.752045 718.467529 313.867371
frame00180 0.231476 631.819336 284.587738 718.763306 313.741852
frame00181 0.233967 630.937500 283.710388 721.087646 314.361572
frame00183 0.206693 619.927734 279.691284 720.627563 313.341980
frame00184 0.241246 629.293762 279.661072 722.929443 311.291199
frame00185 0.242236 630.281738 279.304260 724.272522 311.754211
frame00186 0.244782 625.524780 280.519287 720.359558 312.114014
frame00187 0.256177 631.400879 282.071899 722.258301 312.782013
frame00188 0.251774 626.847656 279.901306 720.800659 312.133850
frame00189 0.286502 627.614380 282.219269 716.817871 312.132721
frame00190 0.218616 625.800293 279.364655 725.245483 314.199493
frame00191 0.244951 628.290283 281.635437 721.570923 313.183533
frame00192 0.222121 631.440674 282.616608 722.824463 314.036285
frame00193 0.244015 632.237549 283.703461 719.422485 313.876465
frame00194 0.235162 631.837708 282.833374 721.993103 313.860931
frame00195 0.216835 627.191711 282.699005 720.224060 314.369598
frame00196 0.215254 632.446167 282.876740 722.016602 314.398315
frame00198 0.224844 634.044006 282.220337 724.029236 314.289429
frame00199 0.234483 633.450195 283.737183 722.298462 315.213257
frame00200 0.213270 627.953247 284.005646 721.337830 315.170197
frame00201 0.218045 627.962097 282.682800 723.361328 315.631104
frame00202 0.214715 631.222412 283.194763 724.739502 315.009888
frame00203 0.239252 633.121460 284.436493 722.723267 315.170654
frame00204 0.227639 632.092224 282.752197 725.351196 315.613434
frame00205 0.214832 627.444336 282.551880 728.112671 316.394623
frame00206 0.231086 629.041809 282.587616 725.950439 315.421844
frame00207 0.232779 628.863525 282.226105 724.827881 315.114532
frame00208 0.224173 626.556763 281.851074 725.567932 315.280273
frame00209 0.234259 631.022461 283.572388 723.369507 315.294159
frame00210 0.239201 631.635437 283.876984 723.514709 315.934387
frame00211 0.283823 634.940735 285.586395 718.854004 313.903107
frame00212 0.237578 630.569458 285.343597 722.331238 316.255188
frame00213 0.257412 633.619995 284.957184 723.327515 314.933258
frame00214 0.271681 637.910645 287.315277 721.539612 314.570984
frame00215 0.247868 633.925842 285.226807 726.032349 316.483978
frame00216 0.272032 640.541382 289.373352 719.735413 314.032410
frame00217 0.279751 641.670288 289.304504 721.738953 315.714813
frame00218 0.263047 639.330688 289.061096 722.223572 315.797119
frame00219 0.278419 642.447388 290.017242 721.146362 314.997620
frame00220 0.248187 637.870117 289.152435 722.083008 316.016144
frame00221 0.296052 645.350342 290.315338 721.195374 314.558807
frame00222 0.306216 646.142883 291.229187 720.007935 313.815186
frame00223 0.266809 638.633057 289.903717 720.816956 315.468567
frame00224 0.285124 637.597168 290.398315 719.133423 314.885590
frame00225 0.279363 637.834045 289.873352 721.312744 315.018677
frame00226 0.280848 636.517700 289.039978 720.987000 315.613739
frame00227 0.304899 640.366455 287.654694 722.833496 314.087616
frame00228 0.255642 637.597046 287.287445 727.577820 314.886292
frame00229 0.261547 637.340515 287.521484 727.552612 315.858368
frame00230 0.244048 636.941284 287.042999 729.064087 315.466156
frame00231 0.255786 640.251831 286.146759 728.433899 314.232635
frame00232 0.253111 637.917053 285.878021 730.190979 315.392181
frame00233 0.274065 644.884644 286.639069 727.346924 313.618134
frame00234 0.261766 642.765991 288.189209 725.950623 313.424774
frame00235 0.280094 642.149719 289.594788 723.396362 313.859222
frame00236 0.256194 640.309509 288.631134 726.203857 314.523865
frame00237 0.267874 637.993408 288.980927 726.396790 313.952637
frame00237 0.231209 1143.428101 310.448883 1265.919067 558.149048
frame00238 0.204361 628.682495 285.751099 731.532349 316.114227
frame00238 0.262191 1143.120605 314.997070 1270.132568 555.471313
frame00239 0.202701 635.153748 287.748535 732.690979 317.604614
frame00239 0.244800 1142.857422 318.753113 1267.053955 552.732544
frame00240 0.232671 637.197876 288.062988 729.619446 316.404327
frame00240 0.209500 1148.603271 324.609528 1262.572021 546.654175
frame00241 0.204165 635.867126 285.098633 736.684814 316.734436
frame00241 0.248951 1154.474365 328.598022 1268.759644 544.647766
frame00242 0.206723 638.225220 287.016205 735.162659 317.074799
frame00243 0.219101 637.736206 287.951355 732.523315 317.651367
frame00244 0.275926 639.111328 288.768158 726.428528 315.413147
frame00245 0.261681 643.970581 289.394714 727.110046 316.474213
frame00246 0.285372 649.105957 290.994598 723.800964 316.247620
frame00247 0.245417 644.521729 289.097992 727.507385 316.547302
frame00248 0.297898 645.957153 291.421265 719.634094 316.842194
frame00249 0.290455 651.024658 291.945892 722.604065 317.021545
frame00250 0.258654 642.251709 289.505310 723.865662 319.203918
frame00251 0.260432 645.626099 291.421936 723.884155 319.500519
frame00252 0.252049 644.614380 290.926819 724.873352 319.299927
frame00253 0.250185 642.199585 291.270660 723.619873 320.706543
frame00254 0.317251 649.235229 292.069031 719.336853 317.546295
frame00255 0.299548 651.526489 291.019409 722.391235 317.317719
frame00256 0.307601 649.626587 291.200195 720.603760 316.612762
frame00257 0.346896 650.742737 290.887329 717.949890 314.645996
frame00258 0.314906 647.812378 290.964020 718.704102 315.072968
frame00259 0.339946 650.002197 290.986115 718.400818 314.341492
frame00260 0.341747 655.550476 291.338593 718.012634 312.914673
frame00261 0.346557 652.312500 290.810638 718.674194 313.031128
frame00262 0.336846 652.836853 292.263458 717.517151 313.781494
frame00263 0.312312 650.132812 290.327576 721.071106 313.179810
frame00264 0.337661 654.003845 290.668213 721.456970 312.728790
frame00265 0.357534 656.035400 289.311096 719.405457 310.408813
frame00266 0.353674 655.237061 288.105804 721.237427 310.808105
frame00267 0.325321 654.746033 286.113220 720.968689 308.939423
frame00268 0.325913 654.572632 286.520233 717.688721 308.126495
frame00269 0.334344 651.698608 286.381073 717.237244 308.088257
frame00270 0.330374 654.744324 286.148315 719.527954 308.230103
frame00271 0.357702 655.493530 285.419189 718.651184 307.739624
frame00272 0.312524 647.297424 287.872131 717.276855 311.179138
frame00273 0.314415 651.538635 289.102753 719.468933 312.091827
frame00274 0.320665 654.217896 289.786987 719.825806 311.000641
frame00275 0.306913 653.294373 290.421021 719.692993 312.545532
frame00276 0.314175 649.568359 290.206146 717.879150 312.790894
frame00277 0.313329 652.815613 290.857941 717.168945 312.464569
frame00278 0.324072 653.952271 291.155945 718.951355 312.830658
frame00279 0.315492 651.555420 290.756470 718.017822 312.914673
frame00280 0.350653 654.572510 290.235779 717.652649 311.025574
frame00281 0.336579 653.902588 289.678650 718.635986 311.175842
frame00282 0.362282 649.114441 287.627960 718.974365 311.061188
frame00283 0.368728 651.801758 288.027313 717.248535 310.404419
frame00284 0.338327 651.976440 288.505188 719.403992 311.079468
frame00285 0.380923 649.094849 287.949005 718.305054 310.969208
frame00286 0.333267 651.952271 290.186371 717.919250 311.607635
frame00287 0.352094 653.596741 290.171295 715.624756 310.457123
frame00288 0.355335 648.224976 290.680389 711.056641 312.000824
frame00289 0.307345 643.152954 291.339661 711.203491 313.429810
frame00290 0.345598 644.991577 292.946625 709.238159 313.621979
frame00291 0.343958 645.440430 293.568970 708.558594 313.524475
frame00292 0.333362 648.167664 293.424683 711.660828 313.543610
frame00293 0.334137 653.155762 293.856781 714.031738 313.307526
frame00294 0.338551 654.695129 294.508484 712.805176 312.947388
frame00295 0.347247 651.655579 293.480591 713.546875 313.832672
frame00296 0.335544 649.311890 292.229034 714.018799 312.769806
frame00297 0.333154 647.520874 291.515808 715.150635 313.014465
frame00298 0.354939 646.231018 290.960602 712.740417 312.408569
frame00299 0.363594 651.052551 291.635986 713.296204 311.223846
frame00300 0.399094 652.742676 291.260101 711.368958 310.335632
frame00301 0.367702 650.985596 292.116547 712.720215 310.357727
frame00302 0.370707 652.158142 291.013275 714.671265 310.286377
frame00303 0.377708 649.901489 291.965332 711.377625 309.850922
frame00304 0.395698 653.815308 291.671539 713.023560 310.020416
frame00305 0.371709 657.208130 290.727661 718.922852 309.830261
frame00306 0.410011 657.003235 291.186462 714.837402 310.114014
frame00307 0.367745 653.355957 291.800659 715.854736 311.589508
frame00308 0.336675 653.560303 291.696075 719.452026 312.729218
frame00309 0.341776 648.385376 292.242859 715.438477 314.121552
frame00310 0.353558 648.257751 293.345917 713.754395 314.356689
frame00311 0.345768 649.828491 293.831482 715.231628 315.417633
frame00312 0.314791 644.354736 294.049103 712.502441 316.334503
frame00313 0.340465 647.306580 293.315704 716.144958 315.036041
frame00314 0.351667 645.265625 293.220581 713.516968 315.360443
frame00315 0.348088 645.552917 293.318817 712.810303 314.688232
frame00316 0.360436 647.207031 293.309570 712.748108 313.985504
frame00317 0.372356 640.747375 293.671967 709.414673 315.506348
frame00318 0.365068 641.869812 294.213684 708.934937 314.997559
frame00319 0.371014 638.589722 294.210205 707.766174 315.999084
frame00320 0.398545 636.882812 294.186737 704.509399 316.002380
frame00321 0.375251 639.499390 294.418762 706.884888 315.992859
frame00322 0.341201 635.715271 295.212860 705.676331 317.145264
frame00323 0.340552 635.676086 295.067535 705.188660 317.874054
frame00324 0.388111 641.716003 294.051636 707.206299 316.335144
frame00325 0.360012 639.870850 295.171295 703.940918 315.268738
frame00326 0.410567 633.904175 293.701904 701.225098 314.833008
frame00327 0.396660 638.625122 294.490875 702.999817 313.923462
frame00328 0.416636 638.440796 294.203400 699.421997 312.658661
frame00329 0.380706 634.653748 294.784088 699.757080 314.077362
frame00330 0.381338 635.277222 295.577881 696.059082 313.603271
frame00331 0.376588 634.291138 296.044647 694.268188 313.796234
frame00332 0.362452 638.802856 295.437225 701.208801 315.721832
frame00333 0.371706 640.914368 295.712799 700.635010 315.505005
frame00334 0.390414 637.781006 295.145996 697.492920 314.745331
frame00335 0.397390 638.519348 295.340424 697.898804 314.669861
frame00336 0.398601 633.605896 294.632782 695.806885 315.234985
frame00337 0.406779 639.289307 294.981720 696.845032 314.301056
frame00338 0.430675 635.516174 294.573547 692.454346 312.782562
frame00339 0.415423 635.497314 295.250183 693.211792 312.803864
frame00340 0.434758 635.523438 293.831604 693.043884 311.383148
frame00341 0.423608 634.028870 293.244781 693.617798 311.023956
frame00342 0.402661 633.223206 293.611725 691.989685 310.850342
frame00343 0.405898 633.801392 292.454559 694.022095 310.676544
frame00344 0.416827 633.277283 292.185974 694.458313 310.610138
frame00345 0.385715 629.972412 292.513672 695.421753 311.213348
frame00346 0.410894 633.932068 293.651520 692.359253 311.229645
frame00347 0.427900 631.411194 293.406342 689.630005 311.823639
frame00348 0.427261 629.514221 294.078217 686.864563 312.418640
frame00349 0.425491 630.541504 294.425537 686.721069 312.107391
frame00350 0.425273 634.292847 295.166443 687.607178 312.185974
frame00351 0.433071 634.534973 294.659363 688.658813 311.556915
frame00352 0.432684 627.780273 293.729675 688.721191 312.230225
frame00353 0.419863 630.933289 294.850555 687.734619 312.710693
frame00354 0.419564 631.300781 295.067291 687.394104 312.915985
frame00355 0.427330 626.683411 294.406799 685.943848 313.166992
frame00356 0.449370 626.905029 293.780670 683.873047 312.927856
frame00357 0.450908 626.862061 294.117828 684.210693 313.408783
frame00358 0.432711 627.282410 294.715607 684.128113 313.570648
frame00359 0.404139 624.765808 295.394684 683.994690 314.549255
frame00360 0.399572 624.970276 295.066284 684.623169 314.571350
frame00361 0.390711 622.524170 295.150543 683.954529 315.513275
frame00362 0.403571 618.586670 294.396698 681.925293 315.376556
frame00363 0.442852 620.376953 293.691345 681.735840 313.787354
frame00364 0.447239 619.574463 293.520203 680.239319 313.285339
frame00365 0.460539 624.334717 293.701538 682.138367 312.851013
frame00366 0.459233 621.347778 294.156189 679.199097 311.539764
frame00367 0.442664 618.404846 294.312531 678.821716 312.110565
frame00368 0.432436 620.930664 294.548767 678.642700 311.079468
frame00369 0.458429 619.264160 293.730774 677.428528 311.962097
frame00370 0.442943 619.955017 294.517059 676.856445 311.518738
frame00371 0.443034 616.689514 294.223297 674.037964 312.036835
frame00372 0.428699 611.382568 294.443451 674.224548 313.597931
frame00373 0.417955 614.442810 295.432983 673.906494 313.507843
frame00374 0.374342 610.638184 295.766449 670.466858 313.097351
frame00375 0.404274 611.256531 295.127747 673.705200 314.326874
frame00376 0.409367 610.649658 295.369843 671.737366 313.418152
frame00377 0.385859 608.709167 295.285797 666.772156 312.879303
frame00378 0.392514 607.113098 295.174835 662.178711 312.129333
frame00379 0.428078 609.730774 294.741028 667.161194 312.363312
frame00380 0.474997 607.358521 292.624634 668.154053 311.422150
frame00381 0.459007 606.827881 294.026581 665.967102 312.616302
frame00382 0.455825 604.569885 293.737000 664.090576 312.303101
frame00383 0.455797 600.653748 293.430634 658.964844 310.653564
frame00384 0.447078 603.326172 294.471283 661.465393 311.793915
frame00385 0.439649 600.556274 294.982452 658.996460 312.238007
frame00386 0.464509 600.699341 293.496765 654.590759 310.353180
frame00387 0.438540 598.006714 294.009979 652.918396 311.071564
frame00388 0.421261 600.154541 294.590271 654.076843 311.412628
frame00389 0.444397 597.542603 293.217834 656.441956 312.442108
frame00390 0.407165 599.651184 293.677429 656.201111 313.447540
frame00391 0.347999 601.769897 296.643707 656.038330 314.769409
frame00391 0.223244 586.107300 294.765137 674.790161 326.314056
frame00392 0.314962 600.747925 296.516937 654.479858 314.718292
frame00392 0.237719 585.922668 295.222992 675.037598 327.037689
frame00393 0.315471 596.000061 296.949280 658.219910 317.348724
frame00393 0.269927 582.252319 295.526367 674.426636 327.174622
frame00394 0.324311 594.937073 297.543640 655.591064 317.323303
frame00394 0.266915 582.385376 295.943359 671.399536 326.800293
frame00395 0.314502 592.424988 296.683655 655.620422 316.977356
frame00395 0.257059 580.446777 295.984009 671.728760 327.343903
frame00396 0.325710 588.549744 297.090820 652.088074 317.529297
frame00396 0.242253 578.292480 296.080200 666.154114 326.877930
frame00397 0.352930 587.252441 296.669647 649.511047 316.804840
frame00397 0.226305 577.110962 295.217224 667.720886 327.393921
frame00398 0.313604 588.965332 297.817596 648.039062 316.997437
frame00398 0.248353 577.721191 296.392029 664.902893 326.418518
frame00399 0.326852 588.905762 298.089050 647.899414 316.123383
frame00399 0.218209 576.554138 296.169037 665.139832 325.407867
frame00400 0.298937 588.145264 297.677917 650.537781 319.193817
frame00401 0.336657 584.372314 296.825623 650.836060 319.004730
frame00402 0.327693 587.935547 297.410828 650.781738 318.529816
frame00403 0.377530 586.063843 297.614410 642.260254 315.148987
frame00404 0.331041 585.856018 298.189575 645.861816 317.620636
frame00404 0.238917 574.572266 295.869598 658.409729 324.904999
frame00405 0.323798 586.723877 297.586182 649.930969 317.548553
frame00405 0.234557 573.068787 295.121216 663.725220 325.701508
frame00406 0.310476 584.743347 298.077484 645.122986 318.302002
frame00406 0.261475 571.403809 295.244751 656.591492 325.752167
frame00407 0.317015 587.149719 297.961609 646.371460 317.116486
frame00407 0.231983 572.821716 295.414154 660.580505 325.448547
frame00408 0.278582 582.177246 297.087280 648.234497 319.698792
frame00409 0.308196 579.503845 297.331024 642.729431 319.785583
frame00410 0.320942 566.264465 296.613434 651.138245 327.283447
frame00411 0.334502 577.312500 297.018341 639.145508 319.027161
frame00411 0.245542 566.036438 294.419678 651.961670 326.395599
frame00412 0.309778 576.066467 296.748535 640.741943 320.427887
frame00413 0.309621 575.428101 297.130981 639.541443 319.927277
frame00413 0.274349 563.074036 294.073334 654.121826 327.151154
frame00414 0.321726 576.439941 297.877563 635.714417 318.478088
frame00414 0.242882 563.965820 294.581604 651.761780 325.946899
frame00415 0.304355 573.202881 298.425476 634.659302 319.053802
frame00415 0.263119 560.252319 295.145416 648.576660 325.952332
frame00416 0.321433 572.775818 297.782593 635.933594 318.564056
frame00416 0.229385 558.427734 293.979065 652.054077 326.647339
frame00417 0.295382 571.166016 296.902008 637.391846 318.717163
frame00417 0.246322 557.231384 293.879486 654.899231 326.988892
frame00418 0.302816 568.271301 296.125153 632.726074 316.515381
frame00418 0.203260 552.993530 292.783905 657.095642 328.281921
frame00419 0.315045 566.875854 296.805176 633.784546 318.457642
frame00419 0.219718 551.701599 292.860077 653.372681 327.784851
frame00420 0.254851 560.265564 294.346313 637.677795 320.132385
frame00420 0.223657 960.083740 273.413696 1049.617310 299.921021
frame00420 0.241004 543.553162 292.086670 654.502930 329.781952
frame00421 0.211324 965.811829 273.017090 1055.979126 299.819824
frame00421 0.264810 540.936401 292.306030 651.947632 329.894043
frame00422 0.295157 544.744263 294.817169 641.222839 327.721527
frame00423 0.305294 541.905884 295.869080 645.035095 328.489258
frame00424 0.282022 540.135986 295.704498 647.963501 328.724579
frame00425 0.206526 946.796204 274.631897 1046.700317 304.812592
frame00425 0.360915 538.692139 296.333160 647.046387 329.138000
frame00426 0.343166 538.932556 297.169861 638.842896 328.145874
frame00427 0.380443 538.478760 297.982788 636.032532 328.414490
frame00428 0.356635 534.530151 297.818787 636.492554 328.014191
frame00429 0.361700 534.850647 298.125031 633.161804 327.269012
frame00430 0.329967 529.576416 296.899384 629.995483 327.036560
frame00431 0.224993 944.187683 275.846191 1046.849243 306.229431
frame00431 0.326185 526.941589 295.587677 640.243225 329.142761
frame00432 0.252737 945.041382 276.148346 1043.498047 304.582611
frame00432 0.281157 524.694336 293.774414 641.627502 330.055267
frame00433 0.204059 949.380554 275.269012 1051.521362 304.413757
frame00433 0.280516 521.582947 294.104675 635.580200 328.418640
frame00434 0.295889 522.490234 293.059326 633.051636 328.607697
frame00435 0.307558 515.575378 294.011658 627.959412 329.367096
frame00436 0.315434 516.519226 294.889771 624.979614 328.603699
frame00437 0.329437 515.727356 296.313721 622.548767 328.315430
frame00438 0.317528 513.948547 296.167877 625.919678 329.490051
frame00439 0.276212 507.882751 292.884460 632.199341 331.183014
frame00440 0.210458 930.727539 276.124756 1040.506714 305.879150
frame00440 0.231816 459.957947 294.509583 610.052856 352.258423
frame00440 0.277245 503.149780 293.116394 627.615112 331.723022
frame00441 0.231961 940.290405 276.812531 1042.516602 304.012024
frame00441 0.282554 460.715637 293.496643 612.335938 352.733093
frame00441 0.269558 499.895935 293.888947 631.502991 333.766724
frame00442 0.237735 942.628174 278.956512 1047.020752 306.422882
frame00442 0.319058 461.660309 294.071075 607.313477 351.207733
frame00442 0.217695 497.137024 292.954712 632.307068 334.627319
frame00443 0.210300 942.539307 277.635681 1049.127441 305.517090
frame00443 0.326847 460.108490 294.716888 604.002136 349.738220
frame00443 0.234632 498.194122 294.862427 631.445862 334.191406
frame00444 0.273477 936.995544 278.560089 1048.254517 307.804657
frame00444 0.404849 462.483246 294.631592 610.486572 351.760345
frame00445 0.269481 939.865601 280.854614 1046.889160 307.344055
frame00445 0.398827 459.518311 295.474365 602.422668 350.220428
frame00446 0.224759 937.239258 280.679260 1041.844360 307.173523
frame00446 0.426232 462.974213 296.936829 602.025940 350.566193
frame00447 0.206260 933.647766 278.981567 1037.739258 306.760834
frame00447 0.477218 468.572937 297.661621 603.360901 350.819916
frame00448 0.212972 930.339905 277.743011 1036.125244 306.837952
frame00448 0.524116 463.433960 296.269806 600.545227 351.410736
frame00449 0.240863 937.111145 280.678467 1040.611206 307.795807
frame00449 0.554236 463.530334 297.765411 596.473755 351.072052
frame00450 0.226604 936.493530 280.285095 1038.642456 307.169159
frame00450 0.544905 457.176483 295.953796 596.049561 351.306732
frame00451 0.242226 924.140137 281.405457 1026.008911 309.080780
frame00451 0.567161 455.208252 295.561890 596.080444 351.778412
frame00452 0.237490 928.772034 282.049774 1029.494263 308.365417
frame00452 0.557649 455.353271 297.215271 592.160828 351.884521
frame00453 0.245332 919.351746 283.122223 1018.013550 309.806763
frame00453 0.553420 452.389587 295.688690 589.168579 350.825958
frame00454 0.250272 925.149048 282.749420 1022.105408 307.693451
frame00454 0.557424 448.511902 296.276031 587.232788 352.291382
frame00455 0.232579 935.127625 281.658051 1034.256104 305.805786
frame00455 0.578007 447.738373 299.080048 581.684448 352.168549
frame00456 0.233816 935.666016 280.283966 1041.233643 306.016235
frame00456 0.549135 450.447540 298.004974 579.903931 349.779724
frame00457 0.217751 938.469604 279.990295 1043.430908 305.294586
frame00457 0.549047 445.879883 298.407257 573.595459 349.055786
frame00458 0.221009 939.298401 278.880463 1040.602051 303.815002
frame00458 0.568757 444.450806 299.246216 568.200012 349.386169
frame00459 0.244141 941.578125 279.431854 1042.671387 302.836029
frame00459 0.532031 434.855072 297.058899 568.528381 350.360260
frame00460 0.255098 937.077393 279.611328 1036.415771 303.504211
frame00460 0.553553 430.642578 297.340332 564.431580 350.924530
frame00461 0.244623 918.417603 282.024750 1022.226624 307.025208
frame00461 0.550656 430.418701 297.814331 564.371887 350.353973
frame00462 0.237990 920.854858 281.475403 1025.880493 307.767303
frame00462 0.571762 426.316101 299.297272 557.253174 351.238647
frame00463 0.241448 915.574829 280.046722 1017.784302 307.438629
frame00463 0.610673 427.681824 299.811371 557.291260 351.720520
frame00464 0.241274 914.525513 279.113739 1017.564026 307.346619
frame00464 0.619231 422.195892 299.022522 554.859497 352.386444
frame00465 0.202053 926.958252 278.122894 1029.057251 304.817078
frame00465 0.647217 421.369568 300.972595 550.585571 352.515381
frame00466 0.657129 417.751465 299.646851 552.125000 353.386444
frame00467 0.681606 414.311768 300.004700 551.397156 354.403076
frame00468 0.656424 414.655762 300.099915 549.729492 351.948181
frame00469 0.656888 408.495941 301.355530 548.035645 354.668915
frame00470 0.644723 405.860840 300.456055 546.711121 353.987671
frame00471 0.652846 403.517761 299.949646 544.929443 354.341553
frame00472 0.671424 402.654572 300.837463 540.174622 353.997681
frame00473 0.653488 396.083618 301.210815 534.837891 355.585052
frame00474 0.650083 393.846375 303.037842 536.442566 356.189453
frame00475 0.622543 388.576172 301.251740 530.975098 355.276642
frame00476 0.599601 383.518982 299.947968 529.170532 354.990143
frame00477 0.576245 376.422058 300.051605 526.276855 355.419281
frame00478 0.592615 367.808960 300.042450 528.868835 357.942047
frame00479 0.563736 362.765503 298.042999 526.288513 358.250031
frame00480 0.628950 361.976776 298.755859 516.273682 356.324615
frame00481 0.643199 361.167786 300.024963 513.002686 357.059540
frame00482 0.663668 357.169189 301.879028 509.710938 356.995667
frame00483 0.621343 347.287842 300.780396 506.743408 358.044403
frame00484 0.668887 348.354980 299.665619 503.699677 356.776184
frame00485 0.657008 345.095367 299.499573 505.693970 356.683838
frame00486 0.626291 340.676514 299.839844 505.748047 356.347168
frame00487 0.669410 338.142242 299.200836 503.419189 358.038391
frame00488 0.645133 337.453247 302.313293 495.553131 355.798126
frame00489 0.630418 329.065674 299.804230 492.846954 356.904144
frame00490 0.641102 328.171112 298.998901 485.187958 354.521454
frame00491 0.682870 327.344238 300.452515 484.403046 354.718445
frame00492 0.665369 317.484924 301.300598 477.817566 355.360718
frame00493 0.675075 307.862305 302.352173 472.369751 357.706421
frame00494 0.673606 296.615112 299.181305 474.822205 360.058136
frame00495 0.666903 294.721802 299.353027 466.371613 360.619476
frame00496 0.671880 293.728302 301.959259 463.039490 359.764099
frame00497 0.653413 295.240662 302.116882 462.023438 358.198578
frame00498 0.647264 288.319275 302.400726 453.856262 359.693878
frame00499 0.603233 282.883423 301.269958 454.534943 361.712494
frame00500 0.214127 941.414917 275.817413 1047.201538 308.949738
frame00500 0.552934 283.707031 302.120941 449.288483 361.258179
frame00501 0.501542 276.877686 303.863708 450.779419 363.914703
frame00502 0.454097 277.775574 304.825409 449.150024 364.441467
frame00503 0.483984 253.891617 299.983582 468.023376 365.750366
frame00504 0.567850 247.521790 302.439117 470.106018 372.554504
frame00505 0.642334 235.631531 301.992157 470.345032 374.082855
frame00506 0.701734 230.288712 305.372803 461.429443 375.075867
frame00507 0.714908 224.488342 305.098816 456.701782 377.513824
frame00508 0.719022 224.211426 305.214325 452.752228 377.071381
frame00509 0.728068 221.404999 309.110901 446.665375 379.921204
frame00510 0.720858 216.047333 312.454041 440.374634 381.043640
frame00511 0.697997 206.804733 312.583191 430.872559 384.584351
frame00512 0.672877 201.918549 315.265686 415.171204 385.292664
frame00513 0.697480 193.784576 310.581543 413.272400 386.189178
frame00514 0.710837 185.644455 312.212463 407.948975 384.348907
frame00515 0.715479 175.796875 307.472687 407.047424 387.788208
frame00516 0.707540 167.513306 308.326752 405.585205 388.069946
frame00517 0.694506 161.629486 308.382629 400.777924 387.962189
frame00518 0.689216 147.862335 308.813232 387.873810 389.885468
frame00519 0.705983 138.021683 313.053925 378.220581 394.277161
frame00520 0.710928 134.307312 313.901733 369.212799 394.837402
frame00521 0.716688 125.069160 311.436768 358.408661 393.938873
frame00522 0.737061 114.833298 311.059235 354.269073 397.197174
frame00523 0.756154 97.960266 311.712585 352.660980 402.667694
frame00524 0.751669 88.841713 309.762817 349.566223 405.591064
frame00525 0.702144 71.316727 307.029144 355.513062 410.609589
frame00526 0.600757 65.226204 305.899719 342.010864 412.785919
frame00527 0.503715 59.122219 296.635712 301.814178 430.081818
frame00528 0.637309 50.447777 294.391876 302.934937 425.771454
frame00529 0.700563 43.656197 292.589294 294.664337 429.690369
frame00530 0.249674 944.789490 275.313019 1051.896851 297.391785
frame00530 0.722229 36.473763 298.081726 267.783813 421.903625
frame00531 0.778793 31.216888 296.123230 267.065033 419.804382
frame00532 0.735821 26.439810 301.809540 244.436066 420.893799
frame00533 0.737233 21.059141 300.106354 234.353302 415.711151
frame00534 0.285817 964.854370 268.446411 1070.277954 292.747009
frame00534 0.703107 19.636936 304.942413 224.107971 420.538239
frame00535 0.262559 952.291260 268.310944 1057.292358 292.550079
frame00535 0.707970 11.869154 303.593079 224.399384 428.843079
frame00536 0.687112 5.950470 307.593628 213.141037 437.113495
frame00537 0.246265 950.699219 267.973267 1057.239136 292.755737
frame00537 0.681277 3.417654 311.015747 195.392944 436.556519
frame00538 0.250386 952.288879 266.022614 1064.532715 292.392090
frame00538 0.690459 0.000000 311.683838 183.346893 436.277039
frame00539 0.319367 951.563171 267.357147 1063.943970 293.683228
frame00539 0.659730 3.187103 312.919586 180.012695 434.877747
frame00540 0.323596 954.180603 269.042694 1068.775391 295.366089
frame00540 0.657607 0.000000 316.427551 167.557617 436.626801
frame00541 0.315313 957.002197 272.358734 1063.715332 297.931396
frame00541 0.623771 0.000000 318.585754 158.035751 437.209930
frame00542 0.336584 963.279480 272.282227 1069.578979 296.162323
frame00542 0.591429 0.000000 318.659546 146.339401 444.730499
frame00543 0.323458 964.431885 274.593628 1069.386963 297.969788
frame00543 0.518525 0.000000 318.901489 131.550339 436.084747
frame00544 0.338331 960.218384 274.691956 1067.501099 298.582977
frame00544 0.474670 0.000000 322.289551 116.774414 432.349304
frame00545 0.319308 977.368896 275.795837 1074.063110 298.355255
frame00545 0.442401 0.795465 330.474518 110.588264 427.895386
frame00546 0.272809 981.184998 277.313019 1069.743164 298.529938
frame00546 0.392505 8.998723 330.373169 104.109207 412.457306
frame00547 0.332138 971.008850 277.889526 1066.831543 299.518646
frame00547 0.320224 11.786243 330.618469 87.268265 409.303589
frame00548 0.365922 973.736572 277.914948 1070.047852 299.564026
frame00548 0.220427 19.072054 337.854553 85.239944 410.018616
frame00549 0.327280 974.511719 280.936218 1066.378418 299.467957
frame00550 0.373388 971.765747 283.559692 1063.389771 301.200958
frame00551 0.363495 976.906189 285.107605 1072.928589 304.402466
frame00551 0.202534 283.419678 306.483948 380.087738 336.607178
frame00552 0.395456 971.026489 286.825378 1063.872559 305.942535
frame00553 0.361515 974.941650 285.822998 1067.910034 306.065338
frame00553 0.215605 292.287231 300.839783 390.875488 334.393280
frame00554 0.347339 981.791626 284.528595 1070.569702 304.703308
frame00554 0.277822 296.630005 301.175629 392.352966 332.967255
frame00555 0.291539 990.635315 285.042206 1083.437744 304.842316
frame00555 0.203423 277.311798 304.810242 377.675232 337.406891
frame00556 0.361359 982.093750 285.837494 1078.630615 303.236267
