frame00012 0.203673 1202.544556 297.205841 1287.414673 357.057159
frame00013 0.286673 1205.839233 293.495667 1298.111084 355.871704
frame00014 0.388371 1186.877686 278.663971 1306.408936 358.153168
frame00015 0.427828 1158.016724 277.903748 1296.374756 359.609375
frame00016 0.428582 1137.333008 274.953278 1288.503662 358.828522
frame00017 0.435332 1132.087524 273.504456 1289.242676 361.796478
frame00018 0.464213 1111.646606 272.464508 1285.230225 363.034637
frame00019 0.539696 1074.370605 280.321625 1269.290527 355.739807
frame00020 0.490820 1033.703491 272.583923 1249.392212 354.097931
frame00021 0.507938 939.163513 263.278900 1241.828369 363.510529
frame00022 0.559242 906.238037 256.121613 1222.660156 365.676971
frame00023 0.434319 869.721558 265.122101 1174.654785 357.761414
frame00024 0.535471 826.564819 264.729645 1142.775391 358.090668
frame00025 0.455366 793.724487 259.389954 1109.685547 359.506989
frame00026 0.457142 766.640930 267.220001 1048.350342 361.642059
frame00027 0.564966 721.812622 267.384979 1026.390869 363.624023
frame00028 0.559472 679.442261 265.225067 1003.724670 370.825104
frame00029 0.501844 643.314148 262.793640 983.181213 369.566895
frame00030 0.490227 602.520874 261.572968 942.367065 366.651917
frame00031 0.340196 533.063843 261.577271 925.988037 368.078949
frame00032 0.590312 505.939484 256.307129 889.451599 366.185181
frame00033 0.595424 480.318359 255.511826 858.565735 370.219177
frame00034 0.600439 449.239746 259.526947 815.851562 369.861633
frame00035 0.574020 418.218750 260.065155 761.899902 365.992859
frame00036 0.462663 354.861389 259.479797 738.572876 380.117889
frame00037 0.707407 338.417053 259.460846 674.088684 377.891205
frame00038 0.716518 314.256470 261.745117 639.319519 379.990906
frame00039 0.669347 278.440277 263.058655 599.230347 374.821167
frame00040 0.627357 246.895370 263.166199 556.221985 371.128326
frame00041 0.525619 214.237595 265.184174 526.621094 366.935211
frame00042 0.625488 181.839264 259.145447 490.004547 371.031555
frame00043 0.610351 162.879486 261.340363 447.333832 368.760101
frame00044 0.672983 129.727615 268.194183 415.765411 367.086304
frame00045 0.661940 108.456863 271.496552 369.810181 364.129395
frame00046 0.645782 90.088577 272.103271 344.277832 363.679382
frame00047 0.439298 57.396832 271.067505 313.913910 376.821442
frame00048 0.626522 24.786568 265.787415 288.615234 376.957306
frame00049 0.661712 15.509319 270.180023 261.264160 375.726013
frame00050 0.651834 10.607424 275.535706 238.811111 370.363373
frame00051 0.612412 6.377583 278.261047 206.910736 368.971191
frame00052 0.566840 2.405577 277.482147 179.325836 365.716980
frame00053 0.550573 0.000000 278.671356 157.998795 365.011963
frame00054 0.490638 0.000000 277.673523 132.106842 365.300720
frame00055 0.422328 0.000000 276.754089 113.249435 361.723907
frame00056 0.335405 0.000000 279.454224 100.066238 363.048279
