frame00000 0.263121 638.098022 265.479828 743.795044 303.463013
frame00001 0.249425 633.053650 264.891235 749.779602 308.528198
frame00002 0.238600 632.621887 264.612823 744.148621 303.432434
frame00007 0.218516 627.112427 266.645874 748.161926 310.808868
frame00008 0.225537 636.678528 272.659149 741.925415 307.424988
frame00011 0.208741 624.055054 268.290253 741.734741 310.851501
frame00023 0.203114 613.375061 260.461945 741.436279 309.491150
frame00030 0.221562 635.228821 263.726471 730.408264 300.465607
frame00034 0.238693 623.527771 262.491516 750.274292 310.033264
frame00040 0.219934 629.869629 266.000122 735.110596 304.937653
frame00046 0.210353 626.012512 264.270020 729.795288 302.121674
frame00047 0.218572 631.101624 266.082397 731.820068 303.106445
frame00050 0.245608 621.293640 268.330383 735.516968 307.902649
frame00051 0.219576 612.545654 267.306152 736.152222 309.651001
frame00052 0.223322 620.764648 269.306702 733.414185 308.041351
frame00053 0.285735 634.299805 275.478241 726.281128 306.867615
frame00054 0.247515 629.292664 269.953552 732.890564 306.263489
frame00055 0.243116 629.314331 270.364685 730.867981 307.243988
frame00056 0.225573 626.090027 270.389557 730.716309 307.312500
frame00057 0.248969 632.814697 271.575562 723.385376 303.873230
frame00058 0.239857 637.657166 273.469757 724.173889 304.515686
frame00059 0.230788 628.841797 272.226105 726.546387 307.380035
frame00060 0.285733 638.604919 272.764191 724.373718 304.836731
frame00061 0.281693 642.412476 274.231812 721.583191 303.502716
frame00062 0.282780 641.870178 272.759827 722.636047 303.443176
frame00063 0.211479 629.347168 271.641541 725.394897 307.295959
frame00065 0.260387 638.132690 276.287842 720.965576 306.511658
frame00066 0.269216 638.731812 276.137512 722.158936 306.907471
frame00067 0.261820 639.699707 276.561859 723.013428 306.531189
frame00068 0.258388 633.821899 276.035706 721.790039 308.111694
frame00069 0.206860 629.680054 274.751465 724.059448 309.121277
frame00070 0.231979 628.287903 273.541382 721.800293 308.206635
frame00071 0.242359 635.087769 274.398102 719.433105 306.673157
frame00072 0.253449 638.487122 272.346344 720.446716 304.367432
frame00073 0.202749 627.971130 270.286926 722.214905 306.857300
frame00076 0.245974 634.416992 271.491791 716.931763 302.873718
frame00077 0.283291 639.898071 274.644379 712.575684 301.967804
frame00078 0.231904 630.443542 274.481873 716.563599 305.928223
frame00079 0.218370 627.063904 275.133362 717.556458 308.045837
frame00080 0.294517 634.107666 275.932739 715.755493 306.276825
frame00081 0.259218 630.872925 276.927063 718.218506 308.620453
frame00082 0.290567 632.250061 279.440735 713.743591 308.247070
frame00083 0.281591 632.100403 279.336029 717.274475 310.081055
frame00084 0.265694 629.768066 281.855530 710.468628 309.927887
frame00085 0.287915 631.884033 283.229523 711.479370 311.496613
frame00086 0.241199 625.960938 281.083588 714.906006 312.942596
frame00087 0.251299 628.684448 281.511993 714.192444 312.376099
frame00088 0.307478 638.049255 285.371124 711.275879 312.167511
frame00089 0.295840 636.773560 284.617126 709.432495 310.952454
frame00090 0.297530 632.287964 282.978729 708.091980 309.424927
frame00091 0.317845 630.599609 280.722809 705.572876 307.390472
frame00092 0.267953 625.503784 278.710846 712.000488 308.832520
frame00093 0.332932 634.066528 280.429901 706.546570 305.844666
frame00094 0.299981 635.457275 281.485626 705.965454 306.352417
frame00095 0.349986 633.686890 280.775024 703.828735 306.235626
frame00096 0.308617 627.925049 281.249420 708.462402 309.119293
frame00097 0.292110 630.609680 281.272339 708.301086 308.772522
frame00098 0.329788 634.376465 283.008850 705.769775 308.563507
frame00099 0.287055 625.723755 281.645294 709.286804 310.477020
frame00100 0.266266 626.167358 282.095337 709.559326 310.496185
frame00101 0.251859 626.728455 282.574249 710.515686 310.228394
frame00102 0.279092 634.287781 284.588501 709.045410 310.215607
frame00103 0.295609 633.447327 284.884399 708.677124 309.994598
frame00104 0.302289 636.295471 284.603180 706.718262 308.437653
frame00105 0.264705 632.229980 283.842224 710.508362 310.394104
frame00106 0.228042 627.224670 283.570679 710.121094 311.125153
frame00107 0.232442 619.670654 284.420105 711.606201 312.891571
frame00108 0.314002 628.410461 285.686371 707.306641 310.050537
frame00109 0.348799 630.709167 285.479645 702.318054 308.164612
frame00110 0.322978 632.170288 287.166534 707.647095 310.864227
frame00111 0.322801 632.112732 288.015015 706.033020 310.711914
frame00112 0.324222 633.508972 287.515381 708.471313 309.851318
frame00113 0.328576 633.290649 288.495514 706.688293 310.292480
frame00114 0.329750 637.325684 287.800049 705.000732 308.659546
frame00115 0.334687 639.360413 288.705872 706.365967 308.094849
frame00116 0.339864 635.446960 287.387115 710.222412 308.438080
frame00116 0.220359 1146.680908 314.846405 1262.028198 550.259155
frame00117 0.320130 632.287109 287.002960 714.594116 310.448517
frame00117 0.211496 1156.197998 321.487213 1263.110474 545.383789
frame00118 0.315418 628.665710 287.604340 714.433655 310.537476
frame00118 0.222646 1169.579346 325.332001 1265.976074 537.320862
frame00119 0.345931 632.543274 288.237549 712.200012 310.699707
frame00120 0.316735 637.489868 289.067841 712.175354 311.835968
frame00121 0.340255 640.036682 289.807648 709.029907 312.477417
frame00122 0.365485 642.804077 291.209869 707.771301 312.892334
frame00123 0.362905 641.235840 290.468140 706.656006 312.360229
frame00124 0.372515 645.005554 291.578552 708.242554 313.688354
frame00125 0.376155 646.853271 291.600220 709.115662 314.407837
frame00126 0.352125 647.632202 293.076691 710.078186 315.356964
frame00127 0.350824 646.819519 292.569550 711.238953 313.111969
frame00128 0.356467 646.234375 291.917908 708.733887 312.554962
frame00129 0.365529 644.199097 290.917023 707.878906 311.849457
frame00130 0.386599 646.039734 289.298126 707.697144 309.639282
frame00131 0.358008 646.572510 288.659515 711.361938 308.803864
frame00132 0.386541 651.006958 287.213379 713.368530 308.272003
frame00133 0.415441 648.223267 286.075592 709.372559 306.523285
frame00134 0.418032 648.115967 285.792725 709.984619 307.050659
frame00135 0.369844 651.809021 287.155792 712.952332 307.103668
frame00136 0.392537 652.953247 286.625885 715.369324 308.126953
frame00137 0.398709 648.356262 286.147949 713.990845 308.327362
frame00138 0.398263 647.283630 286.626801 711.159363 307.168823
frame00139 0.388178 643.741333 287.753357 709.409912 308.362640
frame00140 0.414186 649.243225 288.537750 709.671997 308.681671
frame00141 0.437845 646.457520 289.530029 707.087402 309.624512
frame00142 0.411814 647.879700 289.618988 708.085266 310.470551
frame00143 0.407550 647.713684 290.976196 706.421570 310.670074
frame00144 0.395460 647.604980 291.626984 704.793701 310.454987
frame00145 0.394448 646.727905 292.637360 704.877319 310.813293
frame00146 0.397614 647.450623 292.029694 706.160950 311.245605
frame00147 0.405644 646.262512 291.354797 705.835571 310.449707
frame00148 0.394186 647.486938 291.419067 707.077087 309.657410
frame00149 0.414488 646.916626 290.612366 707.726929 311.168854
frame00150 0.432059 644.693237 290.811554 706.112000 311.564606
frame00151 0.405463 643.747681 291.217804 705.508301 311.328430
frame00152 0.394654 645.973267 291.916748 707.888550 311.698792
frame00153 0.395794 639.032837 291.481964 704.710327 312.152527
frame00154 0.413860 643.426270 292.905457 702.434448 311.603729
frame00155 0.397025 639.969116 293.044739 700.179932 312.250275
frame00156 0.422380 636.643616 293.770752 698.332458 313.346069
frame00157 0.412188 641.993103 293.893860 700.036133 312.070709
frame00158 0.399572 640.474182 294.953949 699.354797 313.135620
frame00159 0.393807 640.757507 295.999481 698.793579 313.343414
frame00160 0.399689 638.904114 296.060028 697.402649 313.580963
frame00161 0.376382 643.474854 296.588440 700.860474 314.911926
frame00162 0.374018 640.267212 296.775299 696.610229 314.980377
frame00163 0.384211 641.138550 295.245850 700.067810 315.192261
frame00164 0.402973 638.608276 295.547089 697.301331 315.582428
frame00165 0.406626 638.948914 296.046875 695.074524 314.462219
frame00166 0.411440 637.930847 295.393768 695.096069 312.289978
frame00167 0.428093 637.511719 294.435699 693.557251 312.637329
frame00168 0.425150 634.966064 293.589478 694.345947 312.718445
frame00169 0.423471 636.180786 295.092621 690.425964 312.305115
frame00170 0.453400 634.015503 293.034302 690.839966 310.262787
frame00171 0.460749 634.874207 293.568390 689.590820 310.194733
frame00172 0.459240 633.968872 293.218811 688.727417 309.899048
frame00173 0.449510 632.692078 295.122253 686.478638 311.288177
frame00174 0.443551 628.886230 294.322601 683.966553 310.126495
frame00175 0.462665 627.659363 294.047455 683.700317 311.431366
frame00176 0.447564 626.206116 293.870758 685.630554 311.871460
frame00177 0.452403 620.986572 293.646912 681.174561 312.522125
frame00178 0.432587 622.155273 294.867584 679.782471 312.550903
frame00179 0.434954 618.160645 295.029053 677.239624 312.814789
frame00180 0.420024 614.483887 295.107513 675.931641 313.651917
frame00181 0.400422 612.406433 296.294800 673.228455 314.285553
frame00182 0.436124 607.439941 295.215607 667.360168 312.616211
frame00183 0.419191 607.321289 295.978760 665.710327 313.717896
frame00184 0.424839 607.055969 295.690613 666.434387 313.307587
frame00185 0.455990 601.653992 294.220825 663.232483 313.568115
frame00186 0.455034 600.721436 294.517761 657.873230 311.454163
frame00187 0.491008 597.290466 292.557648 657.883606 311.314362
frame00188 0.494394 596.417480 291.984131 658.293335 311.100983
frame00189 0.466131 596.562622 294.400513 656.078796 312.403809
frame00190 0.473868 592.906616 293.615143 654.043884 312.084076
frame00191 0.452148 591.816711 294.571045 651.760193 312.766296
frame00192 0.377919 592.606262 297.296173 648.905396 314.940826
frame00192 0.214072 579.944336 295.541138 668.053528 326.188751
frame00193 0.359023 590.852295 297.322998 650.998291 316.192322
frame00193 0.229498 577.845581 295.562836 666.773376 326.157104
frame00194 0.368815 585.958496 296.549377 650.245361 316.962524
frame00194 0.222116 575.949219 295.409851 666.163452 326.782867
frame00195 0.320124 590.149231 298.886139 651.563477 316.925110
frame00195 0.231071 578.792480 297.181946 663.242920 323.858154
frame00196 0.330072 580.784973 296.749634 648.529358 319.248566
frame00197 0.307262 579.614624 297.173706 650.242920 320.013031
frame00198 0.335442 567.570007 298.014374 652.874756 327.745056
frame00199 0.355228 565.867920 297.784973 651.094849 327.043304
frame00200 0.366829 563.064331 297.820679 648.460327 328.181427
frame00201 0.295803 575.538208 297.524414 641.883484 319.282990
frame00201 0.288458 560.992493 294.733490 656.350159 326.721222
frame00202 0.299873 570.483459 298.151276 635.721985 318.226410
frame00202 0.258159 557.425476 295.311768 650.930420 326.296295
frame00203 0.283757 552.414429 295.842773 645.453613 326.065796
frame00204 0.257979 568.692139 298.110077 630.732788 317.016998
frame00204 0.265916 553.466736 295.934265 645.782227 327.789215
frame00205 0.245800 565.206787 296.490936 632.653687 317.269287
frame00205 0.259678 545.915344 294.301147 650.706726 329.723389
frame00206 0.224304 563.355713 293.801483 628.654846 315.891876
frame00206 0.226367 989.099426 269.779541 1077.049438 300.473633
frame00206 0.245722 540.893250 294.592438 651.087097 334.758575
frame00207 0.230062 553.948730 295.279999 638.571716 322.028046
frame00207 0.216826 974.491333 271.506744 1068.454346 298.999023
frame00207 0.285189 532.721497 292.460419 650.451965 330.975159
frame00208 0.206544 967.755737 270.334045 1071.556641 302.143158
frame00208 0.324573 528.739258 293.852295 636.969727 329.341156
frame00209 0.216873 957.296448 273.754639 1057.887573 304.333069
frame00209 0.319253 529.744629 296.178619 637.120422 329.132324
frame00210 0.276717 957.186890 276.751770 1059.186279 304.923950
frame00210 0.330128 521.817200 295.528931 638.424500 329.888092
frame00211 0.205323 958.607239 276.680420 1059.624268 304.325958
frame00211 0.345971 522.519958 296.562469 631.329163 327.888916
frame00212 0.264386 946.500732 278.792084 1046.344482 304.969116
frame00212 0.294665 513.988586 294.931946 631.064697 329.104736
frame00213 0.240752 943.298828 278.441742 1047.249878 305.736481
frame00213 0.200233 456.741882 296.180389 610.849121 354.945282
frame00213 0.328501 509.573517 296.208923 631.040894 330.308685
frame00214 0.204984 937.609253 279.388275 1043.957031 307.724609
frame00214 0.266418 465.521667 296.979431 612.757324 352.495300
frame00214 0.313901 508.743713 297.786377 624.342102 328.956909
frame00215 0.298518 933.488647 282.245819 1034.871582 308.008331
frame00215 0.282034 462.979370 295.322357 607.064819 349.915161
frame00215 0.241697 503.698273 296.255920 632.167419 332.110809
frame00216 0.264183 933.388977 278.936157 1041.840332 307.336456
frame00216 0.350325 466.653564 295.714264 608.405579 349.343994
frame00216 0.231536 501.150024 296.802124 632.742493 333.118744
frame00217 0.436406 469.445038 297.392120 605.301758 349.664185
frame00217 0.214300 504.852020 299.717621 628.148865 332.985931
frame00218 0.226496 938.646179 280.094360 1043.330933 308.400024
frame00218 0.430661 472.453888 298.496399 595.697144 346.757538
frame00219 0.222519 948.218262 278.333679 1050.692261 306.039093
frame00219 0.469598 468.274231 299.658997 583.364868 347.248779
frame00220 0.514336 460.443268 298.373901 584.006287 348.787231
frame00221 0.557807 460.689941 301.684448 578.338074 347.892670
frame00222 0.579545 453.043579 302.230164 574.038391 349.952271
frame00223 0.244289 919.485474 284.973602 1019.449463 313.227234
frame00223 0.555193 446.343018 300.890686 570.541992 350.565063
frame00224 0.238599 922.331421 283.448639 1021.532471 311.231567
frame00224 0.513716 443.108337 301.627472 562.732666 350.521484
frame00225 0.216472 924.409119 281.187622 1026.385742 310.009644
frame00225 0.638337 437.295685 303.147949 562.847656 353.038147
frame00226 0.618570 430.296265 303.136658 557.031494 351.683350
frame00227 0.642655 426.011047 303.022919 553.349548 351.067932
frame00228 0.635866 417.082367 302.322968 550.542053 353.201080
frame00229 0.626293 405.843994 301.129578 551.199158 354.539154
frame00230 0.224425 929.332336 278.649323 1035.054443 307.759369
frame00230 0.672329 399.409760 302.320221 546.782959 355.326630
frame00231 0.665611 390.950653 303.240967 538.770020 357.209869
frame00232 0.210381 934.725708 278.042603 1043.772949 306.927338
frame00232 0.647943 384.684723 304.038208 532.644470 355.793182
frame00233 0.240534 932.021790 280.302460 1040.429932 308.279694
frame00233 0.647656 372.811096 302.559509 525.632812 356.278656
frame00234 0.651686 362.652740 301.121796 517.550110 356.690491
frame00235 0.210920 936.475098 279.094055 1042.476929 307.154083
frame00235 0.670221 351.131622 301.973053 510.168030 357.420197
frame00236 0.225568 944.731384 276.739380 1050.221436 304.075684
frame00236 0.651852 344.554077 300.702454 509.900574 357.283203
frame00237 0.702363 330.156128 302.262054 504.280670 360.918121
frame00238 0.235775 949.273621 279.054413 1048.031738 303.101135
frame00238 0.653290 325.560974 300.788513 492.966064 359.130920
frame00239 0.216938 936.419617 275.730499 1046.428101 305.481537
frame00239 0.669243 314.326965 302.921936 485.323822 358.034119
frame00240 0.236296 934.252991 277.346771 1045.675537 308.019714
frame00240 0.648433 296.594513 302.384766 479.252197 360.229675
frame00241 0.319696 939.650330 279.299042 1042.296021 307.062714
frame00241 0.642598 292.031738 301.715668 468.998840 361.460358
frame00242 0.203822 940.883423 276.458679 1049.963135 309.242310
frame00242 0.613094 281.954163 302.180542 458.990051 361.578827
frame00243 0.223003 945.072510 279.890320 1047.398071 309.303833
frame00243 0.507967 279.377625 305.232178 447.926361 362.165558
frame00244 0.244888 943.751465 281.012451 1049.491211 309.867676
frame00244 0.450285 256.395752 301.367737 454.839905 359.028320
frame00245 0.226071 948.478760 284.391998 1044.819702 309.667053
frame00245 0.595224 247.093781 300.470551 465.050537 363.227051
frame00246 0.754367 229.903107 304.088013 465.569153 369.893707
frame00247 0.769568 222.532730 301.901978 451.811584 369.382721
frame00248 0.782270 201.911301 306.307983 444.669952 376.746765
frame00249 0.232520 955.489807 283.283081 1041.551636 303.351776
frame00249 0.704884 189.061584 311.055847 419.393127 381.842834
frame00250 0.736982 166.851364 311.618195 409.402100 385.091522
frame00251 0.714722 158.115707 312.221619 403.460327 385.222504
frame00252 0.683347 136.844254 318.525970 386.848877 386.860199
frame00253 0.705606 126.743240 319.193359 366.944153 394.165466
frame00254 0.734444 106.940979 319.814514 355.994507 401.565643
frame00255 0.659897 82.605049 319.480988 352.190247 411.612640
frame00256 0.480003 57.927582 303.348053 286.414337 429.421844
frame00257 0.656487 34.906380 297.351593 271.540649 425.081818
frame00258 0.212103 959.368591 276.241943 1061.396973 297.452057
frame00258 0.708152 27.568226 301.360077 256.323273 427.335968
frame00259 0.223155 971.086670 275.180298 1071.586548 296.438416
frame00259 0.715288 16.378384 304.610870 236.715073 430.656769
frame00260 0.274208 972.323730 273.495392 1069.864014 293.381104
frame00260 0.675496 12.177010 305.059387 209.817139 426.547485
frame00261 0.262731 962.646118 269.214752 1067.852417 296.096161
frame00261 0.686343 2.742195 307.931427 190.922394 434.825562
frame00262 0.350767 967.838074 269.692810 1071.022583 293.857117
frame00262 0.661717 2.713099 310.498260 179.749023 431.651978
frame00263 0.341400 972.720886 270.159271 1069.051270 294.414581
frame00263 0.561439 1.954393 314.959717 151.772812 431.154785
frame00264 0.344567 975.212524 272.312561 1069.613281 293.027527
frame00264 0.487720 0.000000 318.669678 125.325127 432.354279
frame00265 0.333843 970.762207 274.471558 1063.979736 292.626007
frame00265 0.452743 0.000000 310.653320 92.867592 427.487854
frame00266 0.337929 977.386475 276.292206 1064.487427 294.921356
frame00266 0.279052 8.214469 308.774048 70.208466 386.580444
frame00267 0.348398 978.950562 280.648773 1068.603638 297.077515
frame00268 0.315211 978.346619 282.704987 1069.215210 298.458588
frame00269 0.337112 974.708740 285.279175 1066.034424 302.332611
frame00270 0.365966 974.270996 288.092773 1065.550415 305.000854
frame00271 0.406754 975.575623 285.653778 1069.133057 305.599213
frame00271 0.206238 287.908783 302.646637 398.233093 336.614624
frame00272 0.398763 982.614502 288.320862 1076.493652 306.871246
frame00272 0.223666 285.891754 302.614105 403.556061 338.499359
