frame00002 0.203124 622.669861 258.813141 739.548218 301.433014
frame00005 0.205479 638.281677 267.398346 732.986755 300.421692
frame00006 0.229314 630.329712 264.580933 744.698792 305.322021
frame00009 0.214203 794.265869 272.705750 875.810242 297.626740
frame00010 0.238476 641.848022 273.016602 737.720337 307.635468
frame00011 0.269513 807.905884 272.857758 882.128601 296.429901
frame00012 0.206975 639.808289 275.647430 732.971069 306.713379
frame00014 0.223127 633.167725 271.917725 740.083496 310.650024
frame00018 0.222465 630.673645 268.274963 738.310608 309.613861
frame00019 0.205280 625.548340 264.359497 743.430847 309.472137
frame00020 0.213322 633.028015 267.814758 738.878723 307.920227
frame00023 0.272206 642.620728 269.129333 728.007690 302.430389
frame00025 0.266626 646.118164 268.400024 725.902588 300.291290
frame00026 0.242180 643.651733 266.629272 726.195374 300.211456
frame00028 0.206974 626.440918 263.583527 737.201599 305.765808
frame00029 0.284627 634.948669 265.578766 732.852539 303.518158
frame00032 0.236332 820.028381 268.206665 894.261353 293.847076
frame00033 0.254410 823.581604 267.397858 894.815308 292.880127
frame00038 0.203377 620.597229 263.920471 734.193848 308.529449
frame00049 0.200517 640.093262 263.684784 726.022949 298.241486
frame00050 0.229129 823.066101 263.848999 889.845703 287.284119
frame00055 0.260229 630.011597 274.149933 733.800354 310.555664
frame00057 0.270092 632.301270 275.769318 732.470337 309.576172
frame00058 0.249397 633.691589 275.390594 729.805298 308.600861
frame00059 0.217109 623.491821 269.925842 731.598206 308.067810
frame00061 0.217207 610.507324 262.429749 744.438354 310.980591
frame00062 0.228837 616.106384 264.957062 739.910522 309.121124
frame00064 0.202547 614.578491 261.139709 738.942627 307.226013
frame00066 0.205044 626.041992 264.249878 734.919739 304.986664
frame00067 0.210749 626.088928 263.140594 732.665100 303.169769
frame00068 0.216628 631.714600 266.806793 728.417053 302.737335
frame00069 0.212764 622.797363 265.105835 733.647705 305.332977
frame00070 0.250282 633.172729 267.891571 727.115784 301.959534
frame00071 0.249091 632.116394 267.583649 727.260620 301.943604
frame00072 0.234043 634.145203 268.907501 721.566284 300.457886
frame00073 0.249402 630.413940 269.024597 729.196106 304.268707
frame00075 0.205304 627.198425 267.877258 729.428650 304.947449
frame00076 0.205508 629.608337 268.325623 727.207153 303.688599
frame00077 0.232038 626.077332 268.884033 732.428528 307.164551
frame00082 0.308415 632.199158 275.823883 728.904175 309.651123
frame00083 0.229815 628.866333 275.693848 729.249939 309.535522
frame00084 0.247623 622.435974 276.664673 730.914673 312.390503
frame00085 0.281018 625.992371 277.262726 730.961243 311.670654
frame00086 0.337475 636.509644 279.405396 723.599854 307.912170
frame00087 0.347883 632.648621 279.013885 723.588379 308.857422
frame00088 0.239871 625.284729 275.671844 724.028442 308.116180
frame00089 0.270517 627.257446 273.225006 729.283447 308.076843
frame00090 0.240043 620.397705 268.805328 735.031372 309.081970
frame00091 0.306889 632.181274 271.277344 725.684082 304.687866
frame00092 0.287933 624.889893 270.286682 728.359070 307.138458
frame00093 0.270866 629.720398 270.034973 727.271790 305.027832
frame00094 0.316095 638.100891 270.688385 725.108032 302.802490
frame00095 0.214579 618.825928 270.323547 731.097656 309.340973
frame00096 0.250136 629.236572 272.370026 728.535889 307.549316
frame00097 0.253131 625.095032 273.164246 728.431091 309.436035
frame00098 0.279305 632.362549 275.571960 727.050781 308.542542
frame00099 0.286562 638.358398 276.990601 719.559875 305.666107
frame00100 0.241982 634.382080 277.468292 721.235718 307.621429
frame00101 0.237553 628.042542 274.638397 725.176453 309.452271
frame00102 0.278893 631.523193 275.664795 723.536316 309.208557
frame00103 0.231493 626.608398 275.061401 723.791992 309.429230
frame00104 0.302227 632.251160 273.936523 723.947754 308.076172
frame00105 0.271463 634.929932 276.249146 719.140320 307.371613
frame00106 0.284824 640.231384 280.935547 715.990051 308.083801
frame00107 0.246231 629.247925 278.202148 719.269470 310.544006
frame00108 0.294590 640.307251 280.721893 718.779053 308.940918
frame00109 0.324862 644.391113 280.036987 715.498718 306.371399
frame00110 0.259382 640.505005 279.379089 715.390259 307.332153
frame00111 0.227885 641.819458 277.299561 715.255737 306.215454
frame00112 0.239863 630.968994 276.975128 719.116211 308.972198
frame00114 0.205969 630.948242 275.332153 722.527100 308.756592
frame00117 0.250681 630.642029 273.829651 718.705383 306.945587
frame00119 0.230056 627.118164 274.035950 719.980469 308.397278
frame00120 0.266997 632.572693 274.584869 717.657227 306.656311
frame00121 0.237877 628.253357 274.949951 719.070557 307.916229
frame00122 0.264477 632.841736 275.878357 716.407959 306.911194
frame00123 0.266563 632.760742 275.361481 718.412354 307.024384
frame00124 0.267296 631.354797 277.864227 717.254639 309.253113
frame00125 0.253916 629.587158 275.841522 721.438660 309.737885
frame00126 0.299175 632.676941 278.096283 716.118103 307.176819
frame00127 0.310717 632.335632 277.427887 714.741211 306.223297
frame00128 0.311006 633.326782 278.993408 711.806702 306.153381
frame00129 0.251176 622.749573 277.111816 715.526611 309.371368
frame00130 0.261105 627.539307 278.324402 715.622009 309.837128
frame00131 0.233834 624.353088 277.921692 715.242004 309.547516
frame00132 0.258125 627.104553 279.100037 712.559570 308.782532
frame00133 0.255391 626.139954 279.936523 710.016113 309.546082
frame00134 0.259526 624.722229 280.223694 715.595764 312.452454
frame00135 0.247223 627.138000 282.405914 713.719727 311.693665
frame00136 0.244782 630.722534 284.482941 711.763306 311.470520
frame00137 0.245287 623.910461 282.520630 710.509399 312.242035
frame00138 0.281253 627.367676 283.379364 708.792358 311.399689
frame00139 0.280639 627.609314 284.979858 706.726685 311.825378
frame00140 0.263931 627.556030 284.458160 708.241455 312.360687
frame00141 0.308577 632.340637 285.615814 705.840210 311.495483
frame00142 0.297209 628.297180 284.369659 705.921509 311.797302
frame00143 0.289367 630.807007 284.391052 708.425781 311.749512
frame00144 0.275693 629.845642 284.420013 709.189819 312.682220
frame00145 0.253985 626.820557 283.915131 709.898682 313.121979
frame00146 0.331727 633.530151 285.070068 706.242065 311.071045
frame00147 0.274530 627.701111 284.369873 708.563232 313.263000
frame00148 0.285987 626.112427 284.520630 706.920776 312.927734
frame00149 0.261459 624.950684 282.821625 708.057129 312.366425
frame00150 0.340924 637.652466 286.530060 702.336121 309.070221
frame00151 0.301447 630.601440 284.414703 706.793579 311.251556
frame00152 0.296548 626.920776 281.201080 708.947632 310.237976
frame00153 0.368246 632.035034 281.490814 700.467834 305.752960
frame00154 0.323790 626.595520 280.791077 704.839539 307.702148
frame00155 0.356720 629.325073 280.567261 701.316833 305.586121
frame00156 0.336791 629.499084 281.115601 703.209534 306.676056
frame00157 0.358050 637.984131 283.104706 703.456909 306.044037
frame00158 0.328648 633.186890 281.548889 705.073914 306.978210
frame00159 0.290420 627.277161 281.771149 707.656799 308.908264
frame00160 0.303572 629.732910 283.875549 706.505798 310.594513
frame00161 0.294213 631.268433 284.809662 707.036255 310.675537
frame00162 0.266513 624.391785 284.658600 703.761719 311.475616
frame00163 0.306087 625.608337 284.961761 706.146912 310.862457
frame00164 0.328027 627.281006 286.453400 701.274353 310.020050
frame00165 0.305377 623.765869 286.731506 698.175049 309.891235
frame00166 0.352255 632.632202 287.528076 700.894287 309.608978
frame00167 0.332470 629.268372 287.351807 702.832886 309.626556
frame00168 0.322838 628.340454 286.632996 702.745056 310.002808
frame00169 0.298292 626.136719 285.652557 703.443359 310.076233
frame00170 0.307525 630.107544 284.993256 704.084595 308.809418
frame00171 0.313938 624.244324 283.833099 698.739380 307.331482
frame00172 0.315300 626.346985 283.896118 701.931213 308.625610
frame00173 0.292588 622.014526 284.324219 701.777100 309.532043
frame00174 0.274803 621.631042 282.792145 709.541687 311.778076
frame00175 0.306222 627.589783 284.375488 705.309082 309.687164
frame00176 0.309582 628.393005 284.596466 706.467285 309.742279
frame00177 0.336440 628.872803 285.850983 704.406616 309.493988
frame00178 0.336216 635.209167 287.842621 706.669189 309.973907
frame00179 0.330331 630.788513 288.228577 708.556885 312.508789
frame00180 0.286898 627.664368 287.206696 711.087769 313.640686
frame00181 0.303406 629.497131 289.835510 712.218994 313.577026
frame00182 0.301355 630.372192 289.758636 712.470093 314.326965
frame00183 0.283099 628.435547 289.658112 714.021606 315.153046
frame00184 0.264505 625.681274 288.806305 715.343872 316.732025
frame00185 0.277381 632.363586 289.494843 717.242310 314.985138
frame00186 0.286933 637.440247 290.128418 719.337708 314.839722
frame00187 0.310664 636.854492 289.836060 713.785645 312.642883
frame00188 0.335035 637.719666 289.230164 713.699341 312.038971
frame00189 0.297518 636.338867 289.183533 715.100159 312.679535
frame00190 0.325170 638.320007 288.129333 716.243774 312.295288
frame00191 0.334766 640.571533 288.248657 716.681885 311.595062
frame00192 0.316252 641.140381 287.519257 717.545105 311.547791
frame00193 0.365075 649.685181 288.586731 716.763611 310.496613
frame00194 0.351428 647.758240 290.058716 715.538269 310.890045
frame00195 0.360104 644.297791 289.482544 717.102051 311.701294
frame00196 0.300385 637.836487 288.824890 721.860962 313.239441
frame00196 0.236413 1140.132812 312.374725 1264.169312 557.593689
frame00197 0.311632 638.247009 289.488525 723.322815 315.341187
frame00197 0.210910 1145.378174 317.186218 1259.914062 557.245789
frame00198 0.293896 635.653137 289.203491 724.576782 315.021851
frame00198 0.213132 1151.895020 321.720337 1262.254883 550.576965
frame00199 0.268076 636.930847 288.988800 726.642578 316.151947
frame00200 0.298301 642.062378 289.708710 725.212891 314.666107
frame00201 0.272465 639.859985 290.336609 724.869324 316.933258
frame00202 0.329573 645.834106 292.171844 718.446289 314.776489
frame00203 0.311907 646.261108 292.042084 719.714478 316.407349
frame00204 0.316692 655.234680 293.688263 719.879883 316.702118
frame00205 0.311083 651.550537 292.437531 720.208984 316.834991
frame00206 0.283576 649.596313 292.622192 720.750793 317.049622
frame00207 0.260590 648.427490 292.962524 722.821106 319.006989
frame00208 0.269936 649.816895 292.717743 725.347595 320.210388
frame00209 0.278813 652.397705 293.750732 724.327942 319.703064
frame00210 0.317292 657.064331 293.490417 721.845215 317.405243
frame00211 0.326351 655.696045 292.064392 722.297729 316.318390
frame00212 0.325586 652.254272 292.135986 721.614746 315.990753
frame00213 0.349082 655.740112 292.331116 721.523071 314.405762
frame00214 0.347604 655.150696 291.622864 721.485657 314.278717
frame00215 0.389825 655.594177 290.100525 720.340271 312.179443
frame00216 0.416982 654.830200 289.513245 719.218872 312.398743
frame00217 0.394901 655.564087 289.126282 720.635071 311.349121
frame00218 0.366880 656.362061 288.201996 722.150330 310.380920
frame00219 0.379982 651.878906 285.416107 721.406311 309.688812
frame00220 0.382243 653.308411 285.216675 719.747925 307.469147
frame00221 0.399442 654.499390 283.799438 718.604858 305.426086
frame00222 0.377102 656.381348 284.882568 719.570435 305.842560
frame00223 0.423638 656.057373 284.299103 719.624268 306.905701
frame00224 0.399185 653.748047 284.844147 719.553101 306.701263
frame00225 0.388341 650.817810 285.549408 717.838501 307.250031
frame00226 0.357252 657.276733 289.110260 721.989014 310.162292
frame00227 0.368175 654.294495 288.571136 719.618896 309.679504
frame00228 0.380559 653.855042 289.188293 719.739624 311.410126
frame00229 0.411788 656.336121 289.162140 718.128418 310.304016
frame00230 0.391871 657.582031 289.937622 719.581543 310.981415
frame00231 0.399612 654.851807 289.939270 717.395020 310.878723
frame00232 0.378718 653.396729 290.142792 717.193298 310.732880
frame00233 0.385855 653.200745 290.417603 716.723877 311.102722
frame00234 0.406716 649.734985 289.229034 715.103027 310.989227
frame00235 0.404342 651.129456 289.421112 714.596252 311.494110
frame00236 0.413879 646.288818 290.060333 710.607239 312.348114
frame00237 0.410403 647.069336 290.804840 710.930237 312.718628
frame00238 0.407396 644.191040 290.716553 708.994202 312.783142
frame00239 0.379106 646.929993 291.785553 710.446716 312.631348
frame00240 0.409047 646.666870 291.927673 708.226929 312.467529
frame00241 0.409588 647.506653 291.896210 708.448425 313.164886
frame00242 0.410990 649.309631 292.562256 709.670471 313.675598
frame00243 0.383542 652.779846 293.070282 711.240845 312.682709
frame00244 0.406342 646.197815 291.864899 708.086243 312.107330
frame00245 0.380321 646.651062 291.980133 708.090576 310.987091
frame00246 0.398264 644.735474 291.218964 706.568970 311.635254
frame00247 0.426890 648.986267 291.480438 706.613098 310.634247
frame00248 0.450770 652.764954 290.239624 708.343750 308.974457
frame00249 0.436496 647.969849 289.700256 706.052856 308.776459
frame00250 0.399168 650.081177 290.509888 708.944702 309.845398
frame00251 0.423451 647.793823 290.797791 704.814697 309.484955
frame00252 0.448693 648.026062 290.716736 703.703369 309.567596
frame00253 0.415799 644.331116 290.701477 703.575684 309.693848
frame00254 0.397726 639.609863 291.957062 702.814941 311.749603
frame00255 0.420004 637.173218 292.503998 698.890381 311.798767
frame00256 0.416377 638.443237 293.307526 699.370422 312.668640
frame00257 0.407932 638.414001 293.976929 698.970337 312.948730
frame00258 0.433360 635.928589 293.108704 697.971436 312.522186
frame00259 0.443369 633.949951 293.309875 695.345093 313.373779
frame00260 0.421246 636.254639 294.490234 694.537109 313.085815
frame00261 0.422568 636.686951 294.182709 696.008789 313.417053
frame00262 0.412627 635.148621 295.275970 697.113342 315.331909
frame00263 0.421311 637.636719 294.629852 697.785645 315.105713
frame00264 0.401449 635.618286 294.855438 696.848267 315.274048
frame00265 0.380770 638.254272 295.642212 697.402344 315.626526
frame00266 0.406812 635.101196 294.665283 696.944641 315.221771
frame00267 0.410098 637.128784 294.131226 699.017273 314.715332
frame00268 0.407190 637.496582 295.051910 697.640747 314.928192
frame00269 0.387187 636.056641 295.828125 696.273438 315.155701
frame00270 0.398102 636.648376 295.000214 697.383118 315.075928
frame00271 0.385950 636.560242 295.326691 696.916809 315.256165
frame00272 0.406477 632.426819 294.211090 695.612549 316.070038
frame00273 0.358328 632.455627 295.695251 696.791870 318.082642
frame00274 0.408155 631.730530 294.305145 695.054077 316.786896
frame00275 0.399783 631.856018 294.473022 694.137329 316.949310
frame00276 0.396980 635.745605 295.632446 692.834229 315.522614
frame00277 0.381112 638.315552 296.473389 694.753296 314.452301
frame00278 0.394747 634.942261 295.291504 693.336426 314.019226
frame00279 0.411633 633.931824 295.502228 690.078979 312.356293
frame00280 0.404952 633.393921 295.143280 691.899048 312.524872
frame00281 0.418183 631.009033 294.174866 691.518555 312.040955
frame00282 0.400008 632.598999 294.220276 692.268555 311.517303
frame00283 0.458972 634.475952 290.710205 694.381470 310.155304
frame00284 0.458190 632.434631 292.268677 691.696106 311.099030
frame00285 0.470626 631.803345 293.024048 689.223633 310.189270
frame00286 0.451954 632.356628 293.133820 690.707336 311.363281
frame00287 0.425306 633.672363 294.293915 691.856628 312.284302
frame00288 0.418293 630.485474 294.130768 693.147339 313.264832
frame00289 0.454046 633.668335 294.116058 690.548828 311.668518
frame00290 0.433522 633.964539 294.511902 690.650513 312.727234
frame00291 0.456315 629.506714 294.811798 688.526001 313.247559
frame00292 0.424306 628.184509 294.988617 687.133789 312.875763
frame00293 0.462955 628.314087 293.762238 686.364868 312.347443
frame00294 0.424749 628.937744 295.679169 686.028687 314.092560
frame00295 0.407463 622.638855 295.720551 684.268799 315.333466
frame00296 0.416600 620.885498 294.903076 685.366699 315.302277
frame00297 0.411308 619.909607 294.550629 684.725830 315.489502
frame00298 0.431420 620.612793 296.225281 678.727112 313.280457
frame00299 0.454328 621.120361 295.483948 677.610474 312.266815
frame00300 0.438342 623.510010 295.453613 681.784363 312.923828
frame00301 0.466438 619.599426 294.156372 681.099182 312.174866
frame00302 0.472651 617.984436 293.581177 677.784485 310.914917
frame00303 0.464796 615.817322 293.786194 676.113342 310.591675
frame00304 0.451606 618.722046 294.887024 675.783691 310.829346
frame00305 0.448040 617.663208 294.870972 675.439087 312.171936
frame00306 0.434710 614.091125 295.005432 673.213440 311.770050
frame00307 0.413588 613.793640 296.056213 673.743591 312.184509
frame00308 0.396699 613.037354 296.524994 675.428833 314.489166
frame00309 0.382510 610.287231 296.534973 673.224854 314.826416
frame00310 0.392716 608.731567 296.495148 669.110474 313.213226
frame00311 0.419470 607.059387 294.980774 669.533752 313.567474
frame00312 0.457335 609.179138 294.211365 671.811890 312.920868
frame00313 0.450978 605.942078 294.073669 667.408447 312.574158
frame00314 0.469650 605.288940 292.865112 664.297119 310.652191
frame00315 0.476445 602.447021 293.609558 662.399597 311.146729
frame00316 0.452376 602.883545 294.008484 666.077026 313.113403
frame00317 0.445045 600.432190 294.597626 660.015381 312.590515
frame00318 0.466505 598.662415 293.762482 658.172913 311.638184
frame00319 0.440872 597.903503 295.164459 658.353333 314.199524
frame00320 0.402778 599.027893 295.004333 664.796753 316.162170
frame00320 0.219655 585.698792 294.375458 682.628906 327.904114
frame00321 0.424880 597.656006 294.489838 661.828247 315.192841
frame00322 0.316852 601.880310 297.454590 667.462524 318.413757
frame00323 0.276151 602.014648 299.329590 662.607056 317.580322
frame00323 0.313278 588.487305 298.151581 675.723022 324.124115
frame00324 0.305575 598.403625 297.685516 663.288025 317.926117
frame00325 0.246610 593.930908 297.288879 653.836426 316.816406
frame00325 0.339968 583.870056 299.576477 671.112366 327.664276
frame00326 0.285980 594.482300 296.981384 652.886597 315.760712
frame00326 0.304097 583.800659 298.399323 672.383301 327.483887
frame00327 0.344927 584.022339 299.809052 668.719177 326.395905
frame00328 0.279162 591.250244 298.253845 651.974976 317.439423
frame00328 0.314010 580.847412 298.798340 663.729797 325.961212
frame00329 0.318668 589.427429 297.318451 650.864136 315.319458
frame00329 0.252083 580.058105 298.147125 668.827576 326.139435
frame00330 0.330767 590.818420 297.666504 648.810425 315.364319
frame00330 0.255976 579.815613 297.288635 666.307007 326.043732
frame00331 0.319165 591.019165 297.520416 649.211304 315.473297
frame00331 0.260979 580.487976 297.556824 667.528198 326.286407
frame00332 0.313683 588.329834 297.917419 644.214111 316.205322
frame00332 0.280388 577.772766 297.044342 661.581055 326.416260
frame00333 0.349445 588.817871 296.590485 643.317566 312.600098
frame00333 0.201232 576.124634 296.015167 671.425049 327.620178
frame00334 0.353711 588.741089 296.680115 645.215149 312.759918
frame00335 0.324575 582.642273 296.060699 634.157776 311.819061
frame00335 0.212165 574.793518 298.451538 663.666077 329.181580
frame00336 0.325419 582.215088 296.552551 633.431946 312.486664
frame00336 0.226230 574.733765 298.678131 659.775085 328.767670
frame00337 0.326117 581.242188 296.015167 633.801331 311.685211
frame00337 0.206969 572.962097 298.312256 661.697510 329.688690
frame00338 0.297364 578.148254 297.615540 631.162964 313.034698
frame00338 0.232712 569.091553 298.871948 655.288574 328.074890
frame00339 0.309723 579.619507 297.604706 633.256897 314.079346
frame00339 0.235719 568.820557 297.290009 655.227356 327.780151
frame00340 0.306983 574.991089 297.011627 629.832031 312.755585
frame00340 0.208059 565.250610 297.984314 656.902527 328.800751
frame00341 0.310654 576.123413 295.968140 631.188232 312.213959
frame00341 0.208856 564.663452 297.151184 660.549072 330.089966
frame00342 0.308572 573.947388 296.103088 628.059753 312.367188
frame00342 0.215619 564.408508 298.071075 656.452332 330.012665
frame00343 0.279765 570.991272 296.183075 628.587585 312.908783
frame00344 0.248093 571.319458 294.996765 628.381714 312.469757
frame00344 0.220595 555.567383 296.633453 657.498840 331.694977
frame00345 0.269424 567.121216 294.151642 624.817993 313.254089
frame00345 0.241030 556.544983 297.052185 652.080322 332.784882
frame00346 0.234134 568.227478 294.439758 625.821777 313.155945
frame00346 0.263142 554.682251 298.323883 650.505920 333.262146
frame00347 0.204360 569.078308 297.383575 630.616638 316.317383
frame00347 0.326918 553.204956 299.400909 646.210571 330.220734
frame00348 0.347297 544.648682 299.476135 644.870544 333.399231
frame00349 0.332373 542.120605 299.589966 645.531494 331.892395
frame00350 0.334444 539.341003 298.409485 648.062622 333.608826
frame00351 0.323616 540.811218 299.806366 647.206970 331.690369
frame00352 0.347108 532.522461 298.625214 642.465698 332.504822
frame00353 0.324557 532.449524 298.672119 642.656799 329.719452
frame00354 0.219875 952.600830 276.282928 1054.087036 303.654266
frame00354 0.300431 525.500244 296.092346 643.171936 329.947205
frame00355 0.257063 954.902222 279.349915 1051.377441 304.302826
frame00355 0.268957 523.833130 295.330170 651.550293 333.698456
frame00356 0.210999 963.209229 277.991638 1058.517456 303.173492
frame00356 0.279750 518.043945 294.936371 636.167786 330.270386
frame00357 0.261229 520.749512 296.221649 642.161316 331.662598
frame00358 0.273960 519.516663 296.587433 634.146179 330.995331
frame00359 0.201274 451.247375 297.150696 583.814209 346.917114
frame00359 0.287392 513.141418 296.499664 631.726501 332.253387
frame00360 0.284846 515.294983 297.182831 633.413025 333.296692
frame00361 0.222324 449.875244 297.467926 576.715698 344.141052
frame00361 0.246380 509.924896 296.249451 640.614746 335.193542
frame00362 0.252259 450.933716 297.139801 581.216003 345.953827
frame00362 0.251131 505.119354 295.817505 643.937866 337.391541
frame00363 0.208130 941.779663 275.863342 1048.875977 303.787537
frame00363 0.304531 452.153168 297.441803 582.414612 345.005829
frame00363 0.233713 506.776306 297.702759 642.317993 335.834656
frame00364 0.324610 453.293091 298.539337 581.329346 345.444611
frame00364 0.233387 504.104736 298.403168 643.937073 338.291656
frame00365 0.367840 449.792419 297.915466 578.575928 345.809753
frame00366 0.440299 453.960297 298.868530 581.755798 346.944702
frame00367 0.503842 459.326355 297.904175 585.215576 347.834198
frame00368 0.513289 457.990723 298.712311 580.411743 346.359741
frame00369 0.594631 456.964386 299.245392 581.408264 349.991882
frame00370 0.604912 454.947815 299.987427 578.449768 350.815308
frame00371 0.594850 449.802307 299.890381 577.970703 350.108887
frame00372 0.624842 450.616608 300.910858 572.772583 350.611816
frame00373 0.581644 447.697784 300.290802 567.505920 348.954254
frame00374 0.575185 442.651337 301.990326 560.340149 349.245361
frame00375 0.580238 437.746338 302.062561 556.793823 348.166595
frame00376 0.209269 950.106812 279.199677 1047.864990 302.871185
frame00376 0.534994 430.785889 301.857880 551.492310 349.577179
frame00377 0.543742 429.223297 301.750305 545.844055 347.314728
frame00378 0.622038 426.837708 302.081421 547.350769 348.233673
frame00379 0.652613 423.112122 301.799408 547.890991 350.450012
frame00380 0.662149 422.076355 301.085480 545.923340 349.097565
frame00381 0.614692 415.949951 299.972260 543.951111 348.890289
frame00382 0.617965 412.637268 300.181519 542.845398 349.581879
frame00383 0.625824 403.025391 299.880798 545.210388 352.843781
frame00384 0.648444 403.997803 301.411255 540.790039 353.126923
frame00385 0.660440 403.300751 302.414886 540.473145 353.343719
frame00386 0.663760 400.549194 303.783020 536.661560 354.192505
frame00387 0.679794 396.933777 304.785492 535.561401 355.305267
frame00388 0.671884 391.198578 303.712067 534.746155 355.733795
frame00389 0.678753 384.347534 302.279907 530.587646 356.237183
frame00390 0.212611 1150.579102 270.680511 1236.555054 300.802063
frame00390 0.671805 372.659363 302.821198 529.450317 358.457611
frame00391 0.234338 1152.228516 269.758179 1238.218018 300.219604
frame00391 0.677144 374.172394 303.882324 522.889832 357.263916
frame00392 0.646446 365.864838 300.734985 521.437317 356.015747
frame00393 0.223809 1159.787842 268.220978 1241.772339 300.668884
frame00393 0.660551 362.785645 302.139038 516.032166 357.337372
frame00394 0.689036 356.420471 300.553711 512.240540 357.983337
frame00395 0.202888 934.047607 277.399261 1040.960327 307.057343
frame00395 0.702113 354.628601 300.535828 506.102142 356.320953
frame00396 0.696254 348.191528 300.741302 506.258484 359.358612
frame00397 0.718524 339.411957 300.137848 502.137634 359.606476
frame00398 0.679216 337.382202 300.603333 501.025238 359.636414
frame00399 0.685170 336.801788 302.007294 494.554169 357.170105
frame00400 0.660043 326.215790 298.844147 489.926117 357.829468
frame00401 0.652483 324.338196 299.288147 486.763275 358.228638
frame00402 0.635757 321.001343 301.158997 476.072235 354.705841
frame00403 0.636337 307.961792 301.451019 472.154175 357.812256
