frame00009 0.201466 776.282349 273.540924 873.434326 301.590729
frame00017 0.206264 634.662842 268.102600 742.931763 307.371338
frame00018 0.252356 643.606873 269.247467 740.366211 305.183899
frame00020 0.223136 646.594116 269.406189 736.074951 301.707886
frame00027 0.311651 648.357605 266.962311 733.668152 300.680481
frame00028 0.267654 640.590942 266.476227 733.503723 303.608521
frame00037 0.237598 633.409180 261.326324 744.894043 303.284668
frame00039 0.214265 615.314758 256.605957 750.357544 307.780731
frame00042 0.214586 616.943970 263.040070 753.400269 312.884277
frame00043 0.280581 635.049561 265.298828 748.581848 307.585754
frame00046 0.205962 619.557251 265.860809 752.287048 312.562622
frame00049 0.231205 618.500732 262.665100 753.838989 311.286011
frame00050 0.209230 617.349304 260.320862 753.411499 309.980743
frame00058 0.217248 613.183289 257.554260 747.593689 307.857910
frame00060 0.204161 608.977539 257.853851 750.471863 310.089111
frame00063 0.249074 618.347107 268.081116 741.846680 311.050171
frame00064 0.251040 621.244019 270.019836 739.076172 310.192444
frame00065 0.255147 626.067993 273.409424 735.314697 309.177063
frame00066 0.295564 634.330017 272.543762 733.406738 307.335266
frame00067 0.286429 631.224304 271.856140 734.472595 308.547760
frame00068 0.212244 616.396545 266.499023 741.817993 310.841858
frame00069 0.272685 630.587036 267.939697 741.126831 308.221985
frame00070 0.289407 631.335510 269.190948 733.644165 304.957520
frame00071 0.241185 621.890625 266.883789 736.479004 306.937653
frame00072 0.251871 624.152283 268.411102 731.669983 306.199921
frame00073 0.269590 623.747070 267.861267 732.213867 307.210663
frame00074 0.240390 626.539246 266.191406 735.689026 306.449432
frame00075 0.259896 633.649048 266.739014 732.974915 304.096039
frame00076 0.240044 627.332397 269.947571 730.489868 306.909698
frame00077 0.257343 632.779602 271.459167 730.194641 306.458679
frame00078 0.236612 631.042480 269.764099 734.760742 308.062012
frame00079 0.228720 626.499573 270.905640 733.859314 309.053223
frame00081 0.207561 634.985474 274.006134 723.665039 306.635925
frame00082 0.201798 620.670593 270.240967 729.775452 310.266144
frame00083 0.245142 629.964966 273.177032 729.311462 309.927979
frame00084 0.221500 624.974426 272.036987 729.678589 310.205719
frame00085 0.238898 631.296021 273.072388 728.301636 307.964874
frame00086 0.224335 629.493286 274.144287 727.707642 308.787964
frame00088 0.205292 626.200073 271.940094 732.291138 309.997284
frame00089 0.207997 624.473755 271.042023 731.145874 310.034302
frame00090 0.278976 638.710693 273.357513 729.214539 307.723328
frame00093 0.230246 628.096619 269.820282 727.662048 308.320557
frame00095 0.227147 625.005371 269.321259 728.638855 308.717590
frame00096 0.225303 625.404358 268.657379 730.610657 308.989197
frame00097 0.281913 633.845703 272.462555 723.160400 305.751221
frame00098 0.202215 624.014221 270.524353 725.299011 308.264404
frame00099 0.201092 624.842651 273.134155 723.426147 308.949036
frame00100 0.204906 622.960144 272.034180 726.557007 309.829712
frame00101 0.242885 627.365234 274.750061 723.154358 309.095428
frame00102 0.265868 635.734619 278.959595 719.762634 308.962189
frame00103 0.257647 634.631958 278.630737 724.541931 310.176117
frame00104 0.213331 624.238953 276.248718 723.118958 311.286804
frame00107 0.224267 636.977295 282.250061 721.619202 311.680359
frame00108 0.204198 631.541626 281.072357 721.702393 312.514008
frame00110 0.224244 631.289551 280.975220 722.273071 313.487366
frame00111 0.242763 634.521790 282.444031 720.949097 312.277618
frame00112 0.234747 636.848938 281.968964 722.407959 311.751862
frame00113 0.214148 632.923462 281.031708 721.225464 312.298615
frame00115 0.218257 629.264709 280.883514 723.345459 312.313690
frame00116 0.256462 634.362244 280.197083 721.221558 311.058014
frame00117 0.249682 630.214355 276.418915 722.028076 309.121002
frame00118 0.227947 624.129578 273.390747 726.572021 310.607666
frame00119 0.212646 626.359314 277.208313 724.472534 309.484467
frame00120 0.232648 627.755005 279.470856 721.420166 310.350006
frame00121 0.284121 633.894043 280.072632 718.977356 309.555206
frame00122 0.290251 635.232178 282.065765 718.608704 310.173798
frame00123 0.271176 637.344360 282.770294 721.696289 310.721649
frame00124 0.230420 628.780640 282.420898 717.911987 311.824951
frame00125 0.252580 637.487915 284.654633 718.819458 312.039520
frame00126 0.263080 633.077332 282.883606 717.965149 311.733673
frame00127 0.209200 623.576721 280.420929 720.168396 313.853790
frame00128 0.204346 624.246338 280.822815 717.925659 312.506775
frame00129 0.212817 624.413818 281.468323 719.857422 313.526062
frame00130 0.224727 627.540527 282.167175 718.076416 313.274689
frame00131 0.300173 637.571045 282.944702 716.006958 310.630768
frame00132 0.211953 621.378296 278.962372 722.612427 314.057556
frame00133 0.257765 634.391724 282.866486 720.501343 312.190002
frame00134 0.264503 633.689331 283.221191 718.235596 311.885590
frame00135 0.209655 624.803711 280.706055 722.270203 313.231537
frame00136 0.257562 634.734192 284.363556 718.659668 311.726074
frame00137 0.259325 633.030151 285.007782 717.795715 312.274414
frame00138 0.263470 633.998169 285.583832 715.831543 311.484711
frame00139 0.309862 641.984497 287.135101 717.419678 311.739288
frame00140 0.307535 634.343933 286.212616 716.636108 311.762482
frame00141 0.310830 634.188904 286.601227 714.722229 311.391327
frame00142 0.255680 624.917114 283.587769 719.873657 314.149017
frame00143 0.255197 626.585632 284.437683 718.124329 313.725433
frame00144 0.305450 633.253662 286.003326 715.833008 312.877930
frame00145 0.301621 631.964722 286.918060 715.848083 313.206116
frame00146 0.294156 632.469971 286.905457 715.395813 313.648254
frame00147 0.355516 638.955505 287.299744 713.302124 312.023560
frame00148 0.322455 636.083496 287.039062 715.929871 311.986450
frame00149 0.301803 629.297485 285.366577 719.702148 312.572296
frame00150 0.339473 638.670593 287.998749 715.926270 311.559784
frame00151 0.279739 628.366089 286.176483 721.349792 313.514587
frame00152 0.278260 631.543823 288.485901 717.548889 314.076813
frame00153 0.280840 636.755127 288.872620 718.382935 314.395294
frame00154 0.325146 636.984131 289.471313 714.234619 314.973846
frame00155 0.350827 644.207886 290.225098 714.001160 314.254425
frame00156 0.314317 643.397278 289.973969 718.115784 316.612122
frame00157 0.339439 649.264526 292.689697 714.174072 317.262909
frame00158 0.350031 646.841675 291.488220 714.758362 317.178223
frame00159 0.321770 646.404114 291.625885 715.064575 316.919403
frame00160 0.295705 644.424316 291.341400 716.786377 318.601624
frame00161 0.350614 645.613464 291.784332 714.431824 316.055786
frame00162 0.380090 645.814819 290.728271 711.773560 314.429504
frame00163 0.372507 649.689392 291.028015 715.007263 313.719727
frame00164 0.378612 646.330017 290.072784 712.401978 312.827515
frame00165 0.402868 649.897949 290.298584 709.373901 311.401306
frame00166 0.394430 648.767700 289.517456 711.143921 310.169708
frame00167 0.383730 646.472168 289.227570 709.741943 310.688629
frame00168 0.370657 646.222229 287.223267 711.497314 308.721222
frame00169 0.428980 650.866638 285.567749 713.728394 307.195770
frame00170 0.451308 651.069275 284.346100 709.614929 305.599060
frame00171 0.446873 652.128235 284.725494 711.368347 305.961456
frame00172 0.444599 648.510681 284.490051 710.544983 306.329498
frame00173 0.422704 647.546021 285.891235 711.655029 307.615997
frame00174 0.425135 646.802368 287.491791 710.417969 308.847382
frame00175 0.412334 648.117798 288.833771 710.690430 310.535889
frame00176 0.387844 647.442993 289.443115 710.047241 310.512054
frame00177 0.391940 647.670593 288.726959 708.282471 309.784576
frame00178 0.394386 649.737854 289.335602 709.365967 309.723511
frame00179 0.408076 651.759521 289.306244 708.088379 309.499878
frame00180 0.411463 653.577393 288.120697 709.202576 308.620667
frame00181 0.395953 655.241394 288.843628 711.555908 309.219360
frame00182 0.405596 649.356079 290.914490 707.101929 309.885437
frame00183 0.408117 651.629333 290.828430 708.704834 310.182373
frame00184 0.406126 646.795593 291.560822 702.867065 310.598480
frame00185 0.396720 646.267761 293.190399 703.086304 311.658173
frame00186 0.387569 648.440674 291.746490 705.862305 310.274811
frame00187 0.385288 645.374084 292.628418 706.271729 312.036530
frame00188 0.404758 649.132141 292.770508 704.948181 310.781036
frame00189 0.442636 653.577942 290.478638 706.230835 308.707001
frame00190 0.414939 650.244080 291.667480 706.891541 309.639404
frame00191 0.422660 652.065186 291.509796 707.871765 309.358490
frame00192 0.441116 648.696045 290.862610 705.779358 309.759827
frame00193 0.423980 649.959717 291.150024 708.027344 309.543488
frame00194 0.409248 646.045898 292.172852 705.299133 309.859772
frame00195 0.430136 645.510315 290.816772 704.146484 309.827362
frame00196 0.439100 643.465027 289.972382 707.965332 310.779388
frame00197 0.425620 640.725769 291.011017 704.848999 310.385986
frame00198 0.418380 639.387451 292.670044 701.711792 312.381989
frame00199 0.412225 634.850647 293.197205 700.374451 313.807800
frame00200 0.421606 642.374939 293.206909 701.682068 313.275574
frame00201 0.423650 644.623962 293.621979 702.304626 312.915131
frame00202 0.438930 640.569580 293.475494 698.989746 312.953400
frame00203 0.423539 641.271240 294.760010 698.897400 314.704315
frame00204 0.410747 635.603149 294.189484 699.096313 315.084290
frame00205 0.437562 639.531006 293.458313 698.605591 312.975800
frame00206 0.424928 638.591248 293.396179 698.253296 312.571533
frame00207 0.406381 638.941528 294.737457 696.545044 314.125458
frame00208 0.410790 637.349915 294.250244 697.231689 314.852936
frame00209 0.406741 636.333069 294.638916 694.983276 314.453918
frame00210 0.381827 633.641541 295.421234 696.035706 315.634491
frame00211 0.412809 633.365723 293.827301 695.352539 314.710602
frame00212 0.373925 636.940308 296.516174 695.450745 314.981567
frame00213 0.399509 635.083923 294.998932 694.670410 313.415283
frame00214 0.400664 631.602722 294.321503 695.788269 314.246460
frame00215 0.453076 635.559387 292.912384 694.292725 311.065033
frame00216 0.463693 634.725708 292.046692 694.520264 310.047485
frame00217 0.459369 633.327087 291.640564 693.987061 309.948853
frame00218 0.469141 635.899292 291.415436 691.701599 308.496185
frame00219 0.461678 633.167664 292.645721 689.993652 309.112305
frame00220 0.471307 629.063232 291.515167 686.745117 309.239288
frame00221 0.476075 629.852234 291.401123 689.538208 309.719086
frame00222 0.477360 632.520386 292.032257 688.973450 308.905945
frame00223 0.486521 629.595825 292.349640 686.465576 309.244049
frame00224 0.493306 625.236206 290.685486 687.187195 309.385895
frame00225 0.467972 627.699524 293.959991 686.234802 311.492218
frame00226 0.476288 623.695496 293.689117 683.512817 312.037415
frame00227 0.453279 623.225342 293.859680 685.877441 312.828461
frame00228 0.431920 624.434570 295.098511 684.453796 313.047729
frame00229 0.417445 624.738281 296.705719 680.158020 313.244446
frame00230 0.425910 622.246582 295.420868 680.713806 312.768799
frame00231 0.457743 621.418945 294.325867 678.172119 311.555298
frame00232 0.417322 616.303467 295.804047 675.113586 313.064178
frame00233 0.420247 618.600830 296.194672 674.877563 312.377625
frame00234 0.458077 614.299316 295.471375 670.752441 310.630920
frame00235 0.467966 610.687073 294.679382 670.297485 311.284698
frame00236 0.424172 609.496948 296.560883 666.611389 313.394257
frame00237 0.446164 608.697754 296.138397 664.643799 311.829315
frame00238 0.486744 606.152527 293.153656 665.928833 311.943054
frame00239 0.494201 602.590454 293.293213 660.178894 310.878998
frame00240 0.470789 604.880981 295.063934 656.859741 309.338135
frame00241 0.477837 601.882690 293.705383 658.555603 309.959412
frame00242 0.487806 599.176392 292.876465 658.119202 310.638397
frame00243 0.505540 597.316833 291.699127 658.923035 311.665131
frame00244 0.438492 596.427979 295.270111 656.168213 313.233307
frame00245 0.441129 596.818787 294.447906 656.342285 313.451080
frame00246 0.418348 595.026794 295.123901 658.144287 314.875549
frame00247 0.414850 591.667419 294.769562 654.149231 316.331329
frame00247 0.211931 579.640808 294.116364 671.011292 328.529907
frame00248 0.318745 595.088074 298.359741 657.561890 317.911194
frame00249 0.334233 593.124268 297.474457 657.258240 316.695160
frame00249 0.225982 580.647400 296.432343 670.740051 325.231232
frame00250 0.293763 589.380981 297.796661 656.794189 319.349823
frame00251 0.319437 589.079529 298.050934 654.610046 318.434143
frame00252 0.333969 584.905579 297.840851 650.747925 318.893219
frame00253 0.305872 586.081909 298.153717 652.165894 319.075104
frame00254 0.299325 582.692993 298.426666 645.979370 319.499695
frame00255 0.326299 582.553955 298.045380 645.883423 317.463867
frame00255 0.241057 571.804565 296.526642 660.284424 325.385498
frame00256 0.317028 581.778564 298.252716 644.414734 318.479309
frame00256 0.274871 569.886597 295.866974 656.992432 326.011993
frame00257 0.337734 579.342957 297.608185 639.638672 318.057251
frame00257 0.262190 570.042603 295.669373 652.133667 327.033295
frame00258 0.319263 576.206055 297.685516 639.746582 319.028625
frame00258 0.292490 566.568665 296.422760 652.723389 327.941132
frame00259 0.318832 577.469727 298.656067 637.601196 317.938446
frame00259 0.265682 564.705383 295.534027 654.094543 325.984009
frame00260 0.302446 571.393738 299.002563 635.181335 319.695587
frame00261 0.319497 571.074097 299.022644 631.666748 318.680450
frame00261 0.248447 559.818481 295.744202 645.516235 325.271606
frame00262 0.316371 567.893188 299.324432 630.130676 319.160736
frame00262 0.270811 556.685425 296.197235 644.307617 325.273254
frame00263 0.298260 567.458618 298.821381 632.665649 319.023987
frame00263 0.245008 552.683838 294.792908 647.712402 325.086792
frame00264 0.292950 565.094055 299.216431 631.494873 319.630981
frame00264 0.251717 549.981567 295.005554 644.849365 324.542328
frame00265 0.269819 561.528259 300.014038 627.505371 320.063080
frame00265 0.281635 546.129883 296.035950 638.344238 325.507019
frame00266 0.367518 539.736267 297.290100 633.443115 325.995972
frame00267 0.363496 542.024414 298.133575 634.834229 325.547272
frame00268 0.369132 536.744080 297.192993 638.262939 326.353912
frame00269 0.343495 531.555420 297.024017 632.663391 325.360535
frame00270 0.374848 529.022888 299.129669 626.086548 325.895142
frame00271 0.378444 526.839111 298.890350 623.536133 326.219269
frame00272 0.354616 519.142395 298.725525 617.735352 326.302521
frame00273 0.204473 459.927429 297.772675 606.017212 351.981323
frame00273 0.307480 516.031555 297.838531 624.398743 327.133392
frame00274 0.249389 464.295349 297.276947 607.666504 351.699280
frame00274 0.322729 509.432831 297.553955 620.192871 329.182831
frame00275 0.202732 932.116943 277.965302 1038.995605 307.803345
frame00275 0.282843 465.962891 295.899078 609.465393 350.592133
frame00275 0.285956 507.566650 296.735901 621.701599 329.289307
frame00276 0.317873 469.039001 296.662964 600.808594 347.347107
frame00276 0.261435 507.571381 297.196625 617.914062 330.277344
frame00277 0.340752 470.312378 297.435577 598.318359 345.495728
frame00277 0.235901 504.953735 297.698608 621.497070 332.085724
frame00278 0.425368 471.199921 297.422241 600.637695 348.507385
frame00278 0.209224 508.951111 298.666656 626.773743 332.521362
frame00279 0.484006 470.774567 297.239563 596.179932 347.185944
frame00280 0.522823 470.270325 296.682220 588.525635 346.089203
frame00281 0.204434 927.467102 277.641571 1030.905884 306.593262
frame00281 0.494980 459.578613 294.554291 587.964233 346.296204
frame00282 0.504076 454.114197 294.929474 586.752808 348.367767
frame00283 0.524375 455.272522 297.267090 579.415527 346.776245
frame00284 0.554418 450.398102 297.572571 578.461243 349.625702
frame00285 0.548382 445.787994 299.707367 572.929260 350.120117
frame00286 0.569723 445.092316 300.527649 568.259949 348.600098
frame00287 0.587089 447.051575 303.499268 559.406250 346.889862
frame00288 0.592836 445.822601 304.085938 552.909485 346.728943
frame00289 0.587822 436.913147 302.695343 552.271057 347.411621
frame00290 0.600782 432.880981 301.853516 552.498108 348.508179
frame00291 0.621251 429.375946 302.660797 548.651306 348.732819
frame00292 0.625707 423.773071 301.602448 548.601929 350.026672
frame00293 0.595788 421.349945 302.908722 543.520874 349.365570
frame00294 0.648261 413.601410 303.093140 539.753845 350.377472
frame00295 0.659544 410.000580 307.132141 535.589539 351.110413
frame00296 0.659075 404.043884 305.912201 535.065430 352.012756
frame00297 0.208342 1152.713745 265.345276 1243.556641 299.481995
frame00297 0.626008 396.683990 306.499298 528.765930 352.427277
frame00298 0.651555 386.405609 305.367981 526.869019 354.736969
frame00299 0.640296 378.960724 304.414856 521.885010 354.236969
frame00300 0.647812 372.638275 305.449097 513.967712 355.067749
frame00301 0.654855 360.010132 305.475922 509.694885 355.915802
frame00302 0.689327 349.059082 304.413147 509.483093 357.203857
frame00303 0.671906 339.502899 303.362579 504.154327 357.929962
frame00304 0.688975 337.003906 304.284821 501.790436 357.558838
frame00305 0.638407 328.409882 303.863007 494.479065 356.758362
frame00306 0.650145 322.124573 303.432526 484.191345 355.887268
frame00307 0.653262 315.063812 303.370850 477.282959 355.722351
frame00308 0.648906 304.056580 305.406494 466.717957 357.450317
frame00309 0.208124 919.184814 279.242004 1029.490234 308.354645
frame00309 0.608785 294.826538 304.132141 465.141327 359.086884
frame00310 0.228677 909.248718 278.399628 1021.961426 308.342010
frame00310 0.579201 290.358582 302.518768 461.961609 359.531616
frame00311 0.596701 282.406189 303.491364 454.735992 361.791962
frame00312 0.495140 276.835785 305.848358 442.540833 360.058807
frame00313 0.443538 263.054565 299.726654 462.505035 362.099426
frame00314 0.523450 251.365997 302.000824 473.375671 362.712799
frame00315 0.612829 244.955231 301.878387 463.156677 363.839691
frame00316 0.712711 232.933167 300.327576 459.154633 368.852905
frame00317 0.753892 220.305801 301.205505 453.469482 370.537170
frame00318 0.763216 214.497604 304.830536 447.188965 374.340515
frame00319 0.713944 198.377457 307.755859 428.977020 376.445190
frame00320 0.744271 186.920990 307.837158 425.599365 380.504395
frame00321 0.771339 168.728867 307.730530 418.692688 380.165192
frame00322 0.757207 159.694382 309.534912 412.618286 383.089111
frame00323 0.726868 145.904282 312.607849 404.858856 387.258667
frame00324 0.699641 138.708969 316.938568 383.726013 389.845825
frame00325 0.720732 124.963120 316.795227 372.276001 389.418396
frame00326 0.732038 112.748955 317.406464 359.714355 394.197357
frame00327 0.739618 101.090767 317.417175 350.459778 397.074493
frame00328 0.706693 86.784042 317.199341 355.715485 402.965118
frame00329 0.549709 71.770470 314.325165 345.285980 410.733185
frame00330 0.607702 49.222298 295.814178 307.566284 428.518890
frame00331 0.666645 38.935921 298.821960 282.845612 429.110687
frame00331 0.201126 115.347939 311.275116 340.074188 404.727325
frame00332 0.728018 25.405531 298.384216 268.385773 428.418213
frame00333 0.707104 21.071234 298.091614 243.057678 422.836212
frame00334 0.708543 15.567913 302.398804 227.208496 424.926331
frame00335 0.672436 10.009623 304.769653 206.156189 423.229095
frame00336 0.235781 973.143677 268.260162 1077.336670 291.544373
frame00336 0.668087 7.473650 308.243652 191.625137 422.043701
frame00337 0.240663 966.138306 265.697571 1078.888184 294.231476
frame00337 0.635912 10.969238 310.009644 181.988663 421.074188
frame00338 0.273799 967.393677 268.978241 1071.997559 294.316315
frame00338 0.619256 1.717987 316.257538 163.801117 427.993774
frame00339 0.323461 976.425720 271.036713 1075.328247 293.378174
frame00339 0.529204 1.376834 316.777954 144.021744 424.301727
frame00340 0.289743 977.288208 273.141144 1067.016113 292.248718
frame00340 0.494612 0.000000 319.670105 126.821838 423.054779
frame00341 0.300146 977.543213 274.358948 1066.682007 292.465088
frame00341 0.460781 0.000000 322.738770 104.235687 428.816376
frame00342 0.294567 991.563721 276.255463 1072.903564 294.852020
frame00342 0.312691 28.458141 326.819244 104.863586 391.295471
frame00343 0.347903 991.858032 278.305786 1080.932861 297.306152
frame00344 0.341828 988.310425 282.586121 1077.971802 298.728516
frame00345 0.339743 983.115356 285.224762 1075.634766 304.432800
frame00345 0.223310 293.376404 302.045929 394.339172 332.432587
frame00346 0.325852 982.214844 285.956879 1076.037842 305.258881
frame00347 0.329782 990.892212 285.914703 1083.145996 306.101654
frame00347 0.250875 296.717377 305.640076 396.716980 335.493225
frame00348 0.306410 998.818909 286.606964 1085.735352 305.819214
frame00348 0.270046 293.802551 302.732422 400.382141 334.217102
frame00349 0.320105 994.611755 285.987396 1088.161133 305.831970
frame00349 0.210041 288.825623 305.176483 393.908844 336.289734
frame00350 0.369883 987.994507 287.563446 1084.879761 306.600739
