frame00003 0.235723 617.309814 258.391907 744.151245 306.468231
frame00023 0.201130 607.971985 255.147903 741.483887 307.449829
frame00027 0.203512 606.319031 253.873779 743.545837 305.355896
frame00028 0.234166 614.481750 256.704346 740.545715 303.086609
frame00030 0.216026 612.056641 257.910797 745.448853 307.479401
frame00031 0.219432 611.483398 256.545471 745.348450 306.559357
frame00037 0.200058 604.513977 255.588943 748.341553 307.774261
frame00040 0.265072 1179.659668 124.940613 1266.472412 199.337784
frame00041 0.202315 608.744995 256.706940 744.482178 306.720673
frame00042 0.272579 621.138367 260.913269 739.275757 305.597260
frame00043 0.231301 622.824646 264.304901 738.099060 306.225922
frame00047 0.208845 613.134094 263.463074 746.528870 310.904694
frame00048 0.206570 613.130981 263.026306 746.781372 312.292206
frame00049 0.248531 622.797729 266.491364 743.151733 310.861420
frame00051 0.202671 613.770447 262.066772 745.065308 310.797058
frame00053 0.222690 624.201904 266.188782 739.434570 308.649109
frame00054 0.218571 622.686829 266.857361 740.386719 310.552643
frame00055 0.265105 633.888611 269.032074 735.194641 307.249634
frame00057 0.243476 626.518677 267.823029 737.354431 310.274933
frame00062 0.203178 623.495850 269.666046 741.637512 313.573853
frame00063 0.200194 622.827271 268.834473 742.229919 313.732269
frame00068 0.221053 626.651855 270.882904 736.485657 311.375641
frame00074 0.203393 613.805420 268.762177 734.907227 314.134064
frame00078 0.212473 623.172913 275.339386 731.010254 315.964111
frame00085 0.205794 616.147400 273.796173 730.322815 314.569611
frame00086 0.202218 615.487732 274.605835 729.301697 313.982056
frame00087 0.226317 618.253418 276.282013 725.802673 314.253510
frame00088 0.243003 619.705811 276.686188 722.758301 313.476410
frame00089 0.241781 623.105774 278.588623 721.671143 313.312103
frame00090 0.286740 629.776611 280.505646 720.317383 312.865784
frame00091 0.228884 625.158936 279.269714 722.875732 313.962219
frame00092 0.258708 627.805054 281.655457 718.775757 313.325562
frame00093 0.249241 628.119263 281.462341 719.182800 313.766785
frame00094 0.253032 624.813354 281.248596 717.773743 314.029633
frame00095 0.244329 623.135559 280.572449 721.700806 314.691986
frame00096 0.286037 624.504639 281.705017 714.148560 312.776276
frame00097 0.268366 623.395874 281.314697 715.888184 312.800964
frame00098 0.283991 628.831421 283.765686 714.646240 312.306244
frame00099 0.300142 630.014282 284.621765 710.202393 310.945312
frame00100 0.300327 630.662292 285.468719 710.335571 310.488617
frame00101 0.302322 627.170349 284.738129 710.533386 310.926361
frame00102 0.293096 625.662048 284.435791 712.416992 311.350250
frame00103 0.316153 630.600708 285.811798 709.293335 310.371674
frame00104 0.297778 629.338379 284.928955 710.629395 310.549866
frame00105 0.336349 630.519104 285.893402 706.687622 308.378632
frame00106 0.326259 625.934753 284.975555 707.989624 308.311768
frame00106 0.221767 1155.277222 313.224304 1263.999146 547.913269
frame00107 0.341959 626.226929 283.958466 709.832458 308.777679
frame00107 0.203741 1159.949707 322.140747 1260.877563 544.708313
frame00108 0.282077 620.400757 283.334442 715.999634 312.251129
frame00109 0.351320 631.066223 287.057861 706.827637 310.781586
frame00110 0.337809 633.648804 287.161407 707.136719 312.770416
frame00111 0.384350 639.789490 288.465820 706.505432 312.207397
frame00112 0.376074 643.449158 289.511169 707.959839 313.760010
frame00113 0.385641 644.171875 290.817169 706.739990 313.667664
frame00114 0.307785 641.977905 291.156158 713.059753 316.621033
frame00115 0.349520 644.094299 291.042694 710.642029 314.215515
frame00116 0.348567 643.753052 291.659180 709.565552 314.587433
frame00117 0.353287 644.787292 291.021729 709.716492 313.726776
frame00118 0.348924 646.893311 290.633087 709.701538 312.374725
frame00119 0.416898 645.798218 289.285004 705.947388 309.844910
frame00120 0.438252 641.408447 285.894653 705.444885 307.939911
frame00121 0.390823 644.586914 287.739197 706.623047 308.214447
frame00122 0.451483 650.711670 285.883392 710.151367 306.655212
frame00123 0.398751 649.227783 287.085907 709.153564 307.924042
frame00124 0.392129 649.546631 286.517334 712.870178 309.306152
frame00125 0.431119 652.617188 284.615814 714.957886 307.325226
frame00126 0.406904 650.597656 287.561462 713.531982 309.204803
frame00127 0.433597 650.586487 287.014618 710.378479 308.375580
frame00128 0.495504 657.342041 283.475067 712.164429 305.145508
frame00129 0.401770 649.583252 290.043365 709.239502 309.385345
frame00130 0.426220 652.079102 290.267883 710.285400 309.933838
frame00131 0.377016 651.228149 290.498444 712.120239 311.614563
frame00132 0.399149 647.317871 290.598114 708.800598 311.400452
frame00133 0.388207 650.068298 291.432343 708.929504 311.377258
frame00134 0.356702 648.732605 291.521240 711.976196 311.781036
frame00135 0.406865 644.707031 290.170868 707.215271 310.862518
frame00136 0.436421 650.468872 289.691681 709.666626 309.715637
frame00137 0.393056 648.484131 290.725067 709.769531 310.751587
frame00138 0.418345 649.475098 289.733582 710.579529 310.876312
frame00139 0.419971 649.467529 290.222046 709.123779 310.598846
frame00140 0.391860 648.006958 290.770630 710.587708 311.612427
frame00141 0.410734 643.601685 290.993469 705.679199 311.137177
frame00142 0.447210 644.946777 291.550079 703.886230 312.969330
frame00143 0.435831 643.287720 292.552704 702.749390 313.188416
frame00144 0.408815 643.376221 293.547577 702.309326 313.560120
frame00145 0.392711 645.839111 295.259796 702.811401 314.172546
frame00146 0.416518 642.948608 293.995972 701.071045 312.727356
frame00147 0.401350 642.314514 294.956696 699.080444 314.619263
frame00148 0.427031 640.138550 293.866150 700.261230 315.474365
frame00149 0.397039 641.532593 295.497070 698.364868 314.992218
frame00150 0.423076 637.249207 294.356934 695.769348 314.079224
frame00151 0.405081 636.933838 294.975952 693.628540 315.184540
frame00152 0.429324 634.530212 293.604065 691.058105 312.051056
frame00153 0.430425 633.009399 293.962280 690.278992 312.446014
frame00154 0.427995 630.403320 293.949066 687.674561 312.482239
frame00155 0.470886 630.411987 291.365936 689.672546 310.814362
frame00156 0.460714 629.993164 292.754211 686.500122 311.568024
frame00157 0.476762 626.909729 290.695770 685.022461 309.444855
frame00158 0.500228 628.634399 290.702759 684.415344 309.159149
frame00159 0.503939 618.781006 288.536713 681.991699 308.882751
frame00160 0.518766 621.735657 289.055389 683.615112 309.528412
frame00161 0.485926 622.122070 291.468262 683.411255 310.746094
frame00162 0.506042 622.643372 290.471039 682.265869 310.528534
frame00163 0.508061 619.172485 290.437653 680.791321 311.147339
frame00164 0.458368 613.721436 292.982361 673.373535 313.179657
frame00165 0.480607 615.573792 292.588715 674.703918 312.129761
frame00166 0.485543 612.151428 292.262390 672.837158 312.703125
frame00167 0.457464 608.890137 293.072052 673.434509 314.966034
frame00168 0.454612 607.522095 293.323151 672.276917 314.145416
frame00169 0.478058 604.211365 292.653412 665.529053 313.129883
frame00170 0.476601 600.973267 292.264771 663.475830 314.043152
frame00171 0.499179 600.025146 291.053894 662.071533 312.490845
frame00172 0.503729 595.539429 290.160431 660.576660 312.137146
frame00173 0.522765 593.511841 290.171021 657.120728 311.923584
frame00174 0.491158 593.477234 291.464691 657.359253 312.964203
frame00175 0.455571 589.531799 292.097595 653.652588 315.221039
frame00176 0.430626 591.169617 293.741547 652.807861 314.769318
frame00177 0.383437 590.088501 294.967041 653.557190 317.566284
frame00177 0.230198 577.794556 293.646637 669.786255 327.989594
frame00178 0.358342 590.363647 296.000977 653.199585 317.166656
frame00178 0.227787 578.133301 294.689484 668.320984 326.188934
frame00179 0.346260 587.534851 296.880554 652.818726 318.176239
frame00179 0.240799 575.246216 294.913971 666.107056 325.538300
frame00180 0.307492 573.393311 296.465088 658.564087 325.830322
frame00181 0.354218 571.672241 297.699432 658.110718 327.226166
frame00182 0.339474 568.528381 296.982544 653.980225 327.256256
frame00183 0.318796 564.590820 295.778625 653.737183 327.480957
frame00184 0.304046 575.997192 295.541870 646.815491 320.781830
frame00185 0.291026 577.252808 295.956909 647.101440 320.717773
frame00186 0.293456 571.553711 294.550140 644.682678 320.792419
frame00187 0.299863 568.059448 295.403534 639.917908 320.502075
frame00188 0.288517 563.653992 296.302307 638.103455 321.485596
frame00189 0.308383 539.715393 293.709198 642.087646 328.256500
frame00190 0.311609 534.944824 293.276123 639.398071 327.252075
frame00191 0.239194 918.341003 276.173035 1022.895874 309.130005
frame00191 0.316457 533.322815 294.128784 639.828857 327.143860
frame00192 0.211177 926.437622 276.412231 1033.915771 309.377136
frame00192 0.340240 523.813782 295.516785 632.123535 327.500916
frame00193 0.230158 926.907654 277.477478 1032.998047 308.328552
frame00193 0.326133 521.034058 296.129150 630.252075 327.440979
frame00194 0.234857 925.183655 276.565125 1030.959106 308.713409
frame00194 0.331883 515.216431 295.406738 624.691406 328.714081
frame00195 0.209339 925.716492 276.711670 1036.039062 309.259003
frame00195 0.235765 462.709717 297.252747 610.635986 353.405060
frame00195 0.314020 514.567871 297.512970 624.271240 328.215576
frame00196 0.227158 923.023621 278.634674 1027.860840 310.041412
frame00196 0.272833 461.163696 293.593445 612.442078 352.060059
frame00196 0.268113 507.649078 294.814697 626.726990 329.938995
frame00197 0.226706 922.172729 277.501312 1031.719360 309.744080
frame00197 0.390744 465.550079 294.124146 614.935242 351.781311
frame00197 0.243342 502.572052 297.076385 622.065552 331.229797
frame00198 0.238280 912.014465 278.918243 1021.713745 310.028168
frame00198 0.434802 461.306335 294.666595 609.323486 350.582581
frame00198 0.202633 502.627716 297.416595 631.199463 333.547028
frame00199 0.219922 920.511597 279.027679 1024.114746 308.031494
frame00199 0.467502 459.120453 293.406830 601.086365 348.825562
frame00200 0.218949 914.806580 277.628357 1020.849060 308.831573
frame00200 0.493416 454.938965 292.985382 596.663696 348.932404
frame00201 0.200757 911.834778 276.608398 1019.038452 309.177429
frame00201 0.553938 450.532227 294.129913 589.779419 349.351898
frame00202 0.220029 915.889832 278.606354 1022.413879 310.778015
frame00202 0.577483 445.873169 294.816376 587.681885 351.498871
frame00203 0.603219 443.513794 297.309509 579.853577 351.192047
frame00204 0.223202 919.491638 279.496643 1019.704834 307.965027
frame00204 0.596310 434.512268 298.262177 572.605591 354.031921
frame00205 0.269674 918.684937 281.149658 1016.718811 309.180511
frame00205 0.617674 429.204041 297.117615 567.513062 353.017517
frame00206 0.205343 921.723328 277.997284 1021.799438 307.523834
frame00206 0.638437 425.088043 299.313843 559.089722 352.742981
frame00207 0.662708 422.679077 300.639587 552.489929 351.572968
frame00208 0.669850 413.079529 299.732941 552.235840 353.439667
frame00209 0.217979 917.671814 278.906189 1017.730713 307.120300
frame00209 0.655051 407.493530 300.720703 548.618408 354.679474
frame00210 0.687301 402.261780 302.783447 541.745728 354.977356
frame00211 0.681550 393.065979 302.862610 538.373962 355.457489
frame00212 0.669927 387.994843 304.308777 527.919006 354.227020
frame00213 0.672439 377.001526 303.314880 519.128784 355.550446
frame00214 0.703767 362.700317 303.075531 512.431580 358.536591
frame00215 0.708599 355.782715 300.823761 506.966705 356.922821
frame00216 0.731448 341.878967 301.542633 503.195435 360.134766
frame00217 0.707292 331.603851 303.057648 499.822937 361.749908
frame00218 0.709108 321.056885 301.018768 491.452026 359.211060
frame00219 0.682096 296.241394 302.055817 480.735107 362.828796
frame00220 0.683725 293.399475 304.182800 463.875885 361.434998
frame00221 0.640935 285.419250 303.937073 457.521210 362.856323
frame00222 0.561712 272.872620 303.060852 454.191223 365.058990
frame00223 0.531619 251.090546 297.835266 481.847900 367.642181
frame00224 0.685281 236.547318 298.330872 479.541168 373.333496
frame00225 0.768215 222.378204 301.433838 466.496552 376.906128
frame00226 0.783667 208.727448 300.920837 453.624756 376.994141
frame00227 0.787636 194.906845 303.473572 437.021790 381.328888
frame00228 0.785679 179.823425 304.960052 421.220673 383.197449
frame00229 0.764624 158.823349 307.894745 405.688049 386.567078
frame00230 0.730347 139.215942 310.201752 390.511475 390.858154
frame00231 0.711679 123.884659 314.733826 372.898254 396.835907
frame00232 0.735861 104.228981 316.105774 359.922150 402.701355
frame00233 0.252481 951.001831 277.654053 1056.600830 302.830353
frame00233 0.694729 85.261642 317.798798 351.270569 409.338013
frame00234 0.492540 58.133728 303.348267 296.088715 433.361176
frame00235 0.701488 37.007904 299.616852 285.766754 434.766907
frame00236 0.240092 962.063354 272.746704 1079.916870 302.796906
frame00236 0.747292 31.214771 301.820435 260.682800 430.256195
frame00237 0.723587 11.113319 307.972809 230.137650 433.913025
frame00238 0.243441 959.226685 271.554077 1073.444824 296.467285
frame00238 0.672070 3.689442 313.680481 203.737106 438.216431
frame00239 0.217112 960.506226 266.677765 1079.005615 293.806000
frame00239 0.705298 0.000000 316.299255 191.440308 443.866577
frame00240 0.305833 959.624512 268.909729 1073.975708 295.841125
frame00240 0.615628 0.000000 323.952515 160.215912 440.722656
frame00241 0.312450 968.512024 272.701691 1065.193237 293.029968
frame00241 0.517888 0.000000 320.542389 128.580078 437.840576
frame00242 0.309441 970.336548 272.461151 1064.372070 292.313324
frame00242 0.484745 0.000000 320.167938 101.974602 430.803223
frame00243 0.339894 983.331909 273.837646 1075.825195 292.453369
frame00243 0.254701 10.863211 325.041077 87.813805 414.476044
frame00244 0.337489 987.790405 277.566010 1073.953613 292.414978
frame00245 0.356276 976.343445 285.445282 1064.436157 296.190613
frame00246 0.287121 978.253174 287.746033 1066.563843 299.898071
frame00247 0.333951 974.247070 288.979340 1062.689087 301.461487
frame00248 0.359373 979.382812 286.343842 1073.274414 301.139496
frame00248 0.225940 236.265808 304.532867 353.748779 342.364838
frame00249 0.371810 972.925171 288.565338 1063.091553 303.080078
frame00249 0.268784 236.694168 303.411133 354.724426 339.809784
frame00250 0.336253 972.488281 290.916138 1061.378662 304.764465
frame00250 0.273645 235.399246 304.551788 358.628357 343.152557
