frame00000 0.261450 526.048096 283.134613 633.055176 322.356476
frame00000 0.431235 950.971436 307.771637 1136.327026 370.637482
frame00000 0.332836 1121.827393 304.742493 1258.853271 380.833252
frame00001 0.225373 232.680893 250.265747 357.391663 291.771759
frame00001 0.251376 522.409485 282.060150 632.467896 322.837372
frame00001 0.426029 952.090210 307.990906 1137.171997 370.756958
frame00001 0.333124 1118.764771 304.604950 1259.137085 380.634827
frame00002 0.247893 522.429016 282.984497 633.032593 321.941589
frame00002 0.409467 950.186646 308.457550 1132.747681 369.932068
frame00002 0.340393 1118.564331 305.054962 1259.619629 381.453308
frame00003 0.244512 522.151123 283.868317 631.964661 322.245117
frame00003 0.402540 950.626465 308.444519 1133.886963 370.080383
frame00003 0.343853 1117.647339 304.522827 1259.208618 381.637970
frame00004 0.229378 526.440308 284.792114 635.129639 321.688660
frame00004 0.412302 949.442444 308.817932 1132.467285 369.119781
frame00004 0.344819 1117.709106 305.881104 1258.588989 381.622711
frame00005 0.217953 522.217529 282.866943 636.110291 322.181091
frame00005 0.425015 950.402832 308.771210 1135.641846 369.531464
frame00005 0.347111 1119.582642 305.539917 1260.466553 380.837158
frame00006 0.248704 525.907349 284.740265 633.530212 321.654541
frame00006 0.420441 949.717773 308.216858 1134.054443 369.987030
frame00006 0.331311 1120.340454 304.877747 1258.255127 381.970337
frame00007 0.257265 524.982361 284.129730 631.539551 322.853516
frame00007 0.432194 950.728516 308.001587 1135.895752 369.774750
frame00007 0.343989 1117.521240 305.148773 1259.032715 381.408051
frame00008 0.218218 527.115906 283.301971 637.484558 321.254425
frame00008 0.407741 949.580078 309.502838 1126.772583 366.728577
frame00008 0.365722 1119.010254 306.001160 1260.288330 380.076172
frame00009 0.207698 231.809555 249.818451 355.371033 291.200439
frame00009 0.217855 521.911621 281.492310 634.696716 324.375824
frame00009 0.425326 950.241028 308.167480 1135.120483 369.309845
frame00009 0.342437 1115.583374 305.198120 1259.277588 379.870239
frame00010 0.247874 228.537201 251.120956 351.535095 292.060669
frame00010 0.242793 526.627197 282.799957 632.599243 322.929047
frame00010 0.430827 948.636414 307.596710 1131.099365 368.008484
frame00010 0.328838 1117.556030 304.258881 1257.817505 379.306183
frame00011 0.209848 234.346130 251.788055 356.132324 292.840454
frame00011 0.200780 524.767883 283.076233 631.365784 321.956970
frame00011 0.429461 944.140076 308.888092 1118.796265 365.442017
frame00011 0.355402 1119.698730 305.075409 1260.594727 380.091919
frame00012 0.426190 944.135803 308.667297 1119.918701 365.322357
frame00012 0.363500 1117.971436 304.957581 1262.022583 380.239807
frame00013 0.442031 942.850952 308.690399 1121.512573 366.130463
frame00013 0.366101 1116.576416 305.038727 1260.711182 381.127747
frame00014 0.201051 525.449951 284.322266 633.326355 322.935272
frame00014 0.449404 943.153564 308.398468 1126.192383 366.665741
frame00014 0.365789 1118.382690 304.642334 1261.615112 380.102753
frame00015 0.214543 228.729065 249.837463 352.068298 290.719269
frame00015 0.242405 528.009583 283.507904 633.764526 322.771698
frame00015 0.422414 946.452759 308.001160 1129.729736 368.674316
frame00015 0.344259 1116.135376 304.933502 1258.913086 381.044830
frame00016 0.259172 528.803467 287.927307 630.672302 322.356873
frame00016 0.420257 947.844727 308.448181 1125.995361 368.232330
frame00016 0.354546 1121.572021 305.419708 1259.215088 382.575958
frame00017 0.256364 525.914246 286.270294 634.620117 323.413055
frame00017 0.409650 949.420044 307.853760 1134.028809 370.599182
frame00017 0.335461 1121.291138 304.725861 1257.595947 382.141815
frame00018 0.249152 529.914673 287.939545 633.364990 322.370422
frame00018 0.398915 951.213989 308.846069 1130.107178 369.862885
frame00018 0.346863 1120.886353 306.311279 1257.219971 381.742584
frame00019 0.245400 534.606689 288.044434 640.417358 321.258942
frame00019 0.424459 946.150513 308.222565 1132.568237 369.687592
frame00019 0.341169 1117.996948 307.029541 1257.017212 380.948273
frame00020 0.223197 530.054504 288.459015 640.209900 323.812744
frame00020 0.435773 946.427124 308.329773 1133.787964 369.053253
frame00020 0.348719 1116.162354 305.941895 1258.267944 381.816132
frame00021 0.280814 539.978333 292.001740 638.327332 321.222412
frame00021 0.416639 946.571655 306.530182 1128.972412 369.213715
frame00021 0.341176 1118.656860 304.241364 1254.766357 383.077209
frame00022 0.289110 536.209656 290.737183 636.614624 321.100281
frame00022 0.415683 946.450073 306.780365 1127.008301 368.531830
frame00022 0.349200 1117.750610 304.646606 1255.129272 382.885040
frame00023 0.285692 534.847717 288.916138 637.271057 321.463470
frame00023 0.436183 946.522217 306.714478 1130.575073 368.851105
frame00023 0.337558 1120.729248 304.613037 1255.636963 381.691772
frame00024 0.265001 539.144165 287.147034 645.170349 319.944946
frame00024 0.445407 945.985229 307.782440 1131.760742 368.244843
frame00024 0.346484 1122.266357 306.109833 1257.590820 380.729370
frame00025 0.251773 539.943848 290.901886 646.119385 321.562012
frame00025 0.449558 944.511841 307.160889 1131.244385 369.019897
frame00025 0.317858 1124.562988 305.255951 1256.296387 381.073151
frame00026 0.251290 536.232666 290.701477 643.217102 321.971436
frame00026 0.459000 945.110229 306.759003 1131.946533 368.536163
frame00026 0.328053 1122.877686 304.816132 1256.630981 381.340210
frame00027 0.255791 534.606995 291.868958 641.048340 322.776794
frame00027 0.455657 943.828125 306.637939 1130.846680 368.459686
frame00027 0.345889 1120.779053 304.470856 1258.415405 381.962280
frame00028 0.263642 543.246826 290.382050 645.576233 321.815582
frame00028 0.458597 941.880432 306.846588 1129.141602 367.732147
frame00028 0.352099 1124.154541 304.494995 1258.605103 380.448395
frame00029 0.258393 541.839417 287.004913 649.639771 322.447815
frame00029 0.463213 945.875366 308.067444 1132.242188 367.716217
frame00029 0.349854 1125.845947 306.050629 1259.575195 379.418427
frame00030 0.250131 543.821106 289.093201 647.302917 322.932892
frame00030 0.445274 948.808594 308.255066 1132.524902 369.213806
frame00030 0.330082 1129.444336 306.668945 1256.836670 379.411499
frame00031 0.270769 547.430176 290.514465 645.194641 321.383240
frame00031 0.434811 948.310242 307.407410 1131.232300 368.801666
frame00031 0.333475 1127.733521 304.807465 1256.838745 379.850159
frame00032 0.267927 548.215088 291.152100 644.716858 321.315826
frame00032 0.419734 950.403809 308.169495 1126.311157 367.608032
frame00032 0.328495 1128.918213 305.907837 1256.247314 379.221405
frame00033 0.238615 546.559143 291.807617 646.205383 322.562347
frame00033 0.456787 945.206543 307.628357 1131.855835 369.100372
frame00033 0.323318 1130.359863 305.294952 1258.343140 379.354218
frame00034 0.269867 539.561096 288.181244 642.826660 322.880219
frame00034 0.439926 949.061523 307.513519 1132.807983 368.168152
frame00034 0.344809 1126.579346 305.182129 1257.866699 379.365479
frame00035 0.264719 544.068237 290.498566 642.161377 321.574554
frame00035 0.448150 945.880005 307.564453 1130.569946 367.909943
frame00035 0.336979 1125.009766 304.777008 1257.265137 380.225006
frame00036 0.269893 545.248901 293.842957 640.027405 322.796051
frame00036 0.434036 946.651001 306.557556 1131.556152 370.492279
frame00036 0.304137 1128.476318 304.629669 1254.323120 381.356354
frame00037 0.269317 545.708252 293.658722 639.117188 322.296875
frame00037 0.415157 945.461731 306.874878 1128.018066 370.407196
frame00037 0.312016 1125.217285 305.533600 1253.137817 382.075775
frame00038 0.266697 541.416077 289.652588 641.872253 323.830292
frame00038 0.431938 946.093079 306.973145 1131.486938 369.809113
frame00038 0.324554 1127.961060 304.573639 1256.918457 380.509552
frame00039 0.254507 542.006592 290.025787 644.509033 322.612976
frame00039 0.454162 945.842285 308.174286 1131.796265 369.534882
frame00039 0.327329 1127.623779 306.846252 1257.699219 379.887695
frame00040 0.283830 544.537109 290.750854 641.170410 323.398743
frame00040 0.423219 947.615479 307.131012 1130.809326 369.346191
frame00040 0.320722 1128.102173 303.961792 1256.437744 379.696045
frame00041 0.259137 545.436890 290.837250 642.697144 323.259064
frame00041 0.438059 949.814453 307.408813 1134.377930 369.599548
frame00041 0.316585 1127.908691 304.938507 1256.573364 379.232208
frame00042 0.253988 547.201660 289.969452 646.106262 322.711853
frame00042 0.441403 949.006958 307.553528 1134.160278 368.364532
frame00042 0.330694 1124.095459 306.110321 1255.833496 378.611969
frame00043 0.277821 547.199219 289.862671 644.658752 322.653168
frame00043 0.435133 951.464966 306.729828 1134.321533 368.594391
frame00043 0.317087 1122.399780 306.012238 1251.257446 378.783691
frame00044 0.269571 541.140503 288.860504 642.705444 324.221832
frame00044 0.424138 948.883667 306.500214 1134.056519 368.849792
frame00044 0.321989 1124.929688 304.690033 1254.939819 379.024933
frame00045 0.266298 541.872864 289.049469 640.945801 324.254181
frame00045 0.416143 950.962219 306.410828 1134.121826 368.536133
frame00045 0.308424 1126.545532 303.340881 1253.816528 378.751465
frame00046 0.285177 538.718384 291.084839 635.188110 323.858490
frame00046 0.414704 946.965027 304.741547 1127.170532 367.621124
frame00046 0.324916 1129.317993 301.882996 1254.275269 380.410278
frame00047 0.219233 237.405151 247.623032 355.004547 284.795837
frame00047 0.281309 538.508057 288.030853 635.478882 323.555420
frame00047 0.422726 945.682495 306.206024 1125.318115 366.088196
frame00047 0.327879 1123.898193 301.892700 1253.134399 379.754700
frame00048 0.269094 539.490601 293.151337 630.798218 322.728210
frame00048 0.420933 940.518433 305.585083 1120.735718 365.974976
frame00048 0.334328 1122.063965 302.173248 1254.684937 382.129517
frame00049 0.262512 536.243652 293.459351 627.546997 324.373413
frame00049 0.425273 941.639893 305.426575 1124.158691 367.450134
frame00049 0.329050 1126.193604 302.737427 1257.972656 382.503662
frame00050 0.271883 536.507324 293.775818 628.020264 325.031952
frame00050 0.404653 945.939575 305.676605 1125.784546 368.385559
frame00050 0.325967 1125.794434 303.138275 1256.072754 381.921661
frame00051 0.278998 538.382507 294.052307 629.975464 325.024200
frame00051 0.426732 946.397400 305.586853 1126.535645 368.328766
frame00051 0.320573 1120.944214 303.470154 1252.130249 382.755005
frame00052 0.287670 538.982910 293.992828 631.321167 325.039764
frame00052 0.426180 944.800293 305.823822 1127.266235 368.653839
frame00052 0.342649 1121.558105 304.090179 1256.230713 382.342285
frame00053 0.277110 533.814270 290.634583 631.336548 326.746674
frame00053 0.424168 949.896301 306.360962 1132.314697 368.622589
frame00053 0.342237 1124.751831 304.402435 1257.503296 380.469849
frame00054 0.263033 538.990723 293.573547 635.588745 327.397675
frame00054 0.441435 948.128113 306.274048 1134.769043 370.820496
frame00054 0.318609 1125.218018 304.778778 1255.542114 380.972382
frame00055 0.247594 536.907715 292.750275 634.922241 328.297150
frame00055 0.429314 947.219971 306.729645 1132.840698 370.342865
frame00055 0.321719 1125.029175 304.518250 1257.228271 381.111725
frame00056 0.270091 534.188965 291.312225 631.910278 327.346802
frame00056 0.429459 946.337891 306.443329 1131.818726 370.667206
frame00056 0.329316 1125.267212 304.506866 1258.082642 381.329620
frame00057 0.259985 533.877197 291.044586 631.841248 327.533569
frame00057 0.429020 946.602539 306.787140 1130.895752 369.663391
frame00057 0.331116 1125.344238 304.744781 1258.676147 380.368988
frame00058 0.260002 530.745361 290.987549 630.414795 327.740631
frame00058 0.416698 948.254028 306.559235 1131.562988 369.801910
frame00058 0.336645 1122.475464 304.116486 1258.143677 381.431915
frame00059 0.248301 532.980225 291.588470 631.038757 327.816986
frame00059 0.417939 948.585327 307.226837 1131.233887 370.262817
frame00059 0.337295 1123.230103 305.209686 1258.111206 381.323273
frame00060 0.253958 521.332642 293.097687 639.280212 329.654999
frame00060 0.421810 945.571777 305.815094 1133.416504 372.199066
frame00060 0.309957 1120.839111 303.826660 1256.639282 383.286926
frame00061 0.243184 533.584717 293.646881 628.199341 327.969116
frame00061 0.415772 946.907349 305.867462 1131.921509 371.460815
frame00061 0.317410 1122.242188 303.906281 1255.996338 382.954010
frame00062 0.240049 528.867737 290.997437 629.327148 329.129974
frame00062 0.420194 947.864868 306.580597 1131.901855 370.352051
frame00062 0.334301 1124.356689 304.033813 1260.401001 381.396423
frame00063 0.246035 520.101929 291.438293 644.343750 331.692749
frame00063 0.440072 945.896912 305.569122 1134.769775 370.617859
frame00063 0.333529 1125.481445 302.871918 1259.110840 380.621246
frame00064 0.251179 534.415894 293.868408 628.472168 327.891785
frame00064 0.414631 949.865662 306.099579 1127.544800 368.182068
frame00064 0.333977 1124.654785 303.826538 1256.058838 381.231934
frame00065 0.273117 533.574585 294.148834 626.506226 327.291718
frame00065 0.413675 950.387451 305.723297 1129.437866 369.531464
frame00065 0.331885 1123.897949 303.735565 1255.359131 381.723450
frame00066 0.254059 527.938965 292.266541 626.147217 329.021332
frame00066 0.434214 948.053589 305.257874 1133.825439 370.232300
frame00066 0.337739 1125.475464 302.792297 1258.837280 381.512482
frame00067 0.263243 524.899414 291.870514 624.412598 329.101196
frame00067 0.429974 949.685974 305.608917 1133.488770 369.731018
frame00067 0.341959 1122.697998 303.299377 1257.635620 381.163818
frame00068 0.287939 524.745300 291.226837 624.265198 327.582428
frame00068 0.427973 950.632324 305.260284 1135.007812 370.865479
frame00068 0.335247 1124.250732 302.900269 1257.062134 381.654449
frame00069 0.259869 523.531982 291.583038 620.607666 329.609894
frame00069 0.421696 953.707947 306.232819 1133.852417 368.791626
frame00069 0.353201 1120.092285 303.618805 1258.192627 380.839813
frame00070 0.270223 521.128052 290.331757 621.935669 328.113556
frame00070 0.432583 945.747375 305.278656 1130.039551 368.661987
frame00070 0.349595 1119.719116 301.545990 1259.087036 382.815399
frame00071 0.258912 520.341309 291.216675 621.736145 328.638977
frame00071 0.419886 947.468384 305.627808 1127.026489 368.182068
frame00071 0.350529 1120.897583 302.403992 1259.640137 383.086609
frame00072 0.279178 519.678955 289.982941 620.590698 329.887726
frame00072 0.405347 949.889771 305.244354 1132.674194 369.766541
frame00072 0.356070 1120.017578 301.821747 1260.272461 382.333862
frame00073 0.267717 518.156982 290.553253 621.223389 330.135071
frame00073 0.420589 952.851440 305.525208 1135.057251 369.328064
frame00073 0.341790 1117.913818 302.669189 1257.111816 381.734039
frame00074 0.266837 514.687561 290.693604 618.703247 330.455780
frame00074 0.428263 952.813232 305.078583 1135.984619 369.907440
frame00074 0.342981 1117.174561 301.946045 1257.348511 382.651184
frame00075 0.257323 501.562653 288.713470 637.026978 335.023621
frame00075 0.434355 950.454468 305.026947 1135.988281 370.387177
frame00075 0.334921 1123.366943 301.587921 1259.761841 381.154053
frame00076 0.275754 503.387421 291.156586 631.229675 333.544708
frame00076 0.450775 949.392456 305.747345 1138.211548 370.931274
frame00076 0.331393 1121.950439 302.608398 1261.783081 381.000793
frame00077 0.253037 499.889496 290.063019 632.391846 334.799530
frame00077 0.447770 949.697144 306.260986 1134.888916 369.664764
frame00077 0.347932 1120.953369 302.871521 1263.385498 381.392151
frame00078 0.252950 500.010681 289.896545 632.797791 333.893341
frame00078 0.450448 948.070923 305.884979 1134.457275 369.537109
frame00078 0.350023 1117.890259 302.206909 1262.174805 382.079346
frame00079 0.271617 498.122589 291.458710 629.757263 334.740234
frame00079 0.441095 947.048462 305.825745 1134.727173 370.969604
frame00079 0.328209 1118.162354 302.586700 1260.839966 382.372498
frame00080 0.284400 495.514465 291.762573 625.492859 334.635864
frame00080 0.436434 946.852722 305.947571 1136.060547 371.640778
frame00080 0.335696 1116.444214 302.937622 1263.094604 382.701691
frame00081 0.272711 494.311371 290.557617 625.323120 333.565765
frame00081 0.431598 948.279053 305.956757 1134.463745 371.782410
frame00081 0.344191 1114.962402 302.928009 1262.579834 383.776215
frame00082 0.266641 491.130676 290.814911 624.715698 334.364227
frame00082 0.442787 949.287598 306.270172 1135.490967 371.728546
frame00082 0.339240 1112.452637 303.538269 1261.446777 383.421295
frame00083 0.263006 488.492554 291.609894 624.586121 335.434448
frame00083 0.440920 948.496826 306.384003 1136.522217 372.819916
frame00083 0.323388 1115.038818 303.587799 1262.833862 383.262390
frame00084 0.255226 463.665009 293.359131 627.570190 348.705383
frame00084 0.460265 950.054443 306.040039 1138.945190 372.305420
frame00084 0.330001 1115.488159 302.850037 1263.578003 382.469696
frame00085 0.255246 485.061462 290.770691 626.495605 338.946320
frame00085 0.455393 951.439758 307.226471 1134.150757 370.782837
frame00085 0.340773 1118.270020 304.143311 1266.133301 381.423309
frame00086 0.295047 466.278809 292.265320 630.459839 349.921753
frame00086 0.479697 951.915833 306.473083 1138.007080 372.029266
frame00086 0.333389 1118.274658 303.565002 1265.726807 380.713470
frame00087 0.333196 468.149384 292.645782 627.619873 348.265625
frame00087 0.471541 951.914062 306.971771 1134.254272 370.792511
frame00087 0.351180 1115.044678 304.427673 1266.515625 381.357941
frame00088 0.307489 462.495300 290.266083 625.912354 348.570221
frame00088 0.473570 954.614319 306.832489 1136.511963 371.636871
frame00088 0.344877 1115.572876 304.088013 1264.832397 381.568390
frame00089 0.350113 465.516846 291.753052 619.685608 345.277039
frame00089 0.460407 952.847412 307.090698 1133.496216 371.254120
frame00089 0.358332 1113.976807 305.437805 1265.390137 381.377411
frame00090 0.377299 467.045898 292.748810 615.694336 343.819427
frame00090 0.458612 951.360779 307.578491 1129.083252 369.290924
frame00090 0.369690 1112.128784 306.413147 1264.942505 380.809387
frame00091 0.397370 468.954651 295.622253 607.534119 343.403046
frame00091 0.452697 952.213989 308.091370 1131.379639 370.472931
frame00091 0.353567 1112.332764 307.920013 1263.161865 379.939209
frame00092 0.430090 467.533142 294.642944 610.475220 344.628387
frame00092 0.449251 950.812622 308.500702 1130.490601 371.828461
frame00092 0.332853 1112.220093 308.597595 1261.719482 380.204193
frame00093 0.397522 460.088074 290.534821 615.479370 347.232605
frame00093 0.466947 954.201599 307.399506 1134.750488 372.790802
frame00093 0.334912 1114.331055 306.080200 1262.594238 380.373840
frame00094 0.216708 232.153458 248.718964 348.833374 296.589569
frame00094 0.403849 460.534424 290.890991 615.155396 348.759735
frame00094 0.469587 958.808594 308.206512 1133.420532 371.635468
frame00094 0.324295 1118.230103 306.763977 1260.767700 378.703796
frame00095 0.226154 241.414368 248.870636 360.438354 298.869202
frame00095 0.390222 462.921478 292.048340 610.760010 349.555969
frame00095 0.442532 959.414368 308.050079 1130.172241 371.086121
frame00095 0.322366 1117.742798 306.687592 1261.701416 378.635803
frame00096 0.414555 461.216064 291.298706 606.964966 346.728180
frame00096 0.470670 958.981995 307.840149 1134.597534 372.335449
frame00096 0.317209 1118.923340 306.951691 1260.536133 378.466614
frame00097 0.404318 456.584137 291.629395 606.193787 344.849579
frame00097 0.493309 957.009766 308.437103 1133.472290 370.377411
frame00097 0.316756 1116.132690 306.814026 1258.202881 377.717468
frame00098 0.430935 455.432312 290.406891 601.764771 343.329834
frame00098 0.497590 956.646362 308.462067 1132.288940 370.819305
frame00098 0.313675 1115.222656 308.375916 1256.015625 378.290894
frame00099 0.435492 456.342773 291.989532 596.343872 342.693665
frame00099 0.484881 957.145630 309.054993 1130.346191 370.552887
frame00099 0.313545 1118.451660 309.424286 1256.814087 377.178253
frame00100 0.409711 453.204346 291.350647 594.370667 342.939941
frame00100 0.476162 957.875854 308.676300 1129.766357 370.326904
frame00100 0.315575 1116.026855 309.029053 1255.364136 377.409912
frame00101 0.407666 445.798767 289.697723 600.352722 345.474640
frame00101 0.467572 960.733521 308.567932 1130.286255 368.963440
frame00101 0.326340 1115.814941 308.269012 1257.014893 376.538879
frame00102 0.456615 444.375336 289.439301 603.216736 346.637939
frame00102 0.473755 960.995850 308.744263 1134.036377 368.874420
frame00102 0.331302 1115.357788 308.710052 1256.997681 375.694611
frame00103 0.444815 441.121490 289.123047 603.437683 349.196838
frame00103 0.429910 965.192017 308.803070 1129.511841 368.066895
frame00103 0.340656 1115.243408 308.978455 1257.339844 375.276489
frame00104 0.418690 437.149231 288.338501 604.306152 349.615143
frame00104 0.459257 964.155151 307.540375 1135.505371 368.348267
frame00104 0.346726 1117.817139 306.924713 1260.498779 374.191467
frame00105 0.425605 435.114197 288.155029 605.796753 350.578552
frame00105 0.455889 965.657227 308.732788 1131.737671 366.885071
frame00105 0.343507 1114.784912 308.341766 1255.349121 374.422546
frame00106 0.223046 238.043640 246.102890 359.267822 294.321655
frame00106 0.412203 431.674957 288.312012 603.125610 354.043518
frame00106 0.444658 966.118774 308.322968 1129.056274 366.489044
frame00106 0.354058 1116.642822 307.734894 1256.436523 373.945801
frame00107 0.414559 427.518890 288.530151 597.380310 352.321320
frame00107 0.443895 964.717957 308.429718 1128.453125 366.523468
frame00107 0.360931 1117.589844 308.916077 1257.966187 373.544525
frame00108 0.437806 422.561401 290.789185 585.628723 350.503174
frame00108 0.447155 962.902344 308.520569 1126.702271 365.262909
frame00108 0.352750 1116.343628 309.431274 1253.951538 372.396667
frame00109 0.472252 418.978271 291.848938 579.961487 351.684052
frame00109 0.430930 963.539490 307.568420 1131.790283 368.336914
frame00109 0.357509 1119.951782 309.970245 1256.768188 370.927826
frame00110 0.493938 414.747162 291.958893 578.352600 351.675629
frame00110 0.445521 961.471924 308.258698 1127.866699 367.064209
frame00110 0.350478 1116.858154 311.185760 1254.521362 370.975647
frame00111 0.461470 410.096802 292.426514 576.744080 353.234070
frame00111 0.443963 962.183777 308.189819 1127.530762 366.863739
frame00111 0.346460 1118.796143 310.535034 1253.764648 370.490662
frame00112 0.494546 400.834106 290.848694 576.091919 353.901550
frame00112 0.455680 960.329468 308.346313 1125.975342 366.219757
frame00112 0.352975 1118.933960 311.714478 1252.891479 370.206604
frame00113 0.525202 397.246094 293.080719 569.980103 354.395325
frame00113 0.457469 960.023560 308.256073 1128.951782 366.378540
frame00113 0.354208 1119.868652 311.842163 1254.569458 369.539093
frame00114 0.512214 386.355042 294.446899 564.341309 353.728607
frame00114 0.466150 959.569336 310.000305 1130.840942 365.785461
frame00114 0.354211 1118.029053 313.524323 1252.179443 370.482880
frame00115 0.537643 377.399658 294.802948 558.415588 354.441376
frame00115 0.458151 959.264465 311.279572 1124.442017 364.406982
frame00115 0.330938 1119.812134 315.122284 1245.916260 370.998657
frame00116 0.549433 371.396454 294.887238 559.094360 356.513763
frame00116 0.446679 960.819092 311.123749 1124.094116 364.022614
frame00116 0.331418 1122.373779 315.294739 1247.242310 369.138855
frame00117 0.536017 362.680725 294.815155 550.494080 356.188782
frame00117 0.450837 962.625610 310.846741 1125.996094 363.367065
frame00117 0.330247 1128.462891 314.726501 1247.689941 367.979889
frame00118 0.532407 358.373260 294.184479 548.310181 356.730530
frame00118 0.443154 961.616943 310.817993 1125.737915 363.977448
frame00118 0.340989 1128.843018 314.583252 1250.882812 368.161072
frame00119 0.520340 354.526184 293.968964 539.271362 354.511292
frame00119 0.428968 963.703491 311.102051 1123.098755 362.527924
frame00119 0.335288 1126.041504 315.120972 1247.632446 367.187561
frame00120 0.581003 340.880798 294.110901 535.783142 357.739441
frame00120 0.426244 962.053955 311.751923 1123.889893 361.676819
frame00120 0.331079 1125.393799 315.427124 1246.342896 367.620789
frame00121 0.621807 330.868500 293.424683 533.432190 358.235260
frame00121 0.428030 959.822632 311.650513 1123.746826 360.998901
frame00121 0.334210 1127.377197 315.706635 1246.904419 368.125061
frame00122 0.622425 323.479462 294.278534 524.312256 359.112061
frame00122 0.432895 958.992188 311.484131 1126.633057 360.852600
frame00122 0.341145 1127.734497 315.374786 1247.761719 369.257172
frame00123 0.626376 314.346375 293.792572 512.861450 359.248993
frame00123 0.437213 959.453430 311.619049 1128.451172 361.199524
frame00123 0.338682 1130.367920 315.449890 1247.613892 369.178314
frame00124 0.602913 304.010956 292.710876 505.813110 359.577850
frame00124 0.418914 960.916626 311.271973 1128.576904 359.995850
frame00124 0.337243 1129.961548 314.599030 1247.788330 369.062775
frame00125 0.596354 297.153748 291.816803 497.857971 359.754547
frame00125 0.411078 961.366272 310.660828 1131.087036 359.823273
frame00125 0.342351 1130.784668 313.996521 1248.630859 368.567505
frame00126 0.615834 285.272369 292.127716 493.075317 362.472656
frame00126 0.406941 961.621704 311.274384 1131.358887 358.650391
frame00126 0.338932 1129.644897 314.479095 1246.899048 368.959320
frame00127 0.205656 36.461277 247.156799 126.584793 288.006195
frame00127 0.605956 274.068787 291.294556 489.527008 365.230957
frame00127 0.403659 961.002930 311.499237 1131.654663 357.876984
frame00127 0.340138 1130.060303 314.119476 1247.860474 369.587708
frame00128 0.204521 28.345213 248.767776 121.457809 293.105865
frame00128 0.547901 261.954376 292.335083 478.966949 367.398102
frame00128 0.390259 966.511963 312.504486 1132.049438 356.097229
frame00128 0.348739 1132.506592 315.135559 1249.608398 370.184845
frame00129 0.218311 26.886292 250.976135 123.815033 294.576599
frame00129 0.410594 241.086914 295.759430 490.854919 380.318176
frame00129 0.399143 973.783569 312.811035 1130.097412 354.328247
frame00129 0.341946 1136.009766 315.147766 1249.599365 370.265778
frame00130 0.204023 23.037704 252.367569 119.532028 297.009186
frame00130 0.542028 234.589005 290.780304 490.701447 380.990051
frame00130 0.408436 980.003662 311.707336 1130.148193 353.512695
frame00130 0.350084 1137.318115 313.645782 1252.651978 370.739349
frame00131 0.645058 212.913345 291.626404 487.039795 383.525238
frame00131 0.433170 981.171814 311.449097 1130.502075 352.035767
frame00131 0.342214 1133.847534 313.385315 1253.313354 370.199310
frame00132 0.664841 198.640427 290.849518 477.217163 385.145081
frame00132 0.423490 979.985046 311.265503 1130.474121 351.598602
frame00132 0.348884 1130.513184 313.162415 1254.387085 369.541809
frame00133 0.650383 190.162201 290.601288 459.840088 385.114838
frame00133 0.411839 982.402283 311.218414 1129.312988 352.151428
frame00133 0.349128 1130.129639 313.872498 1254.831299 368.567047
frame00134 0.655968 169.794235 288.522278 439.045288 387.797821
frame00134 0.404374 980.973022 311.406311 1126.856934 351.919678
frame00134 0.352952 1122.577026 314.216980 1254.699585 368.962341
frame00135 0.668187 160.681381 288.453033 428.935852 389.736298
frame00135 0.390574 979.211548 311.783691 1124.752319 352.408691
frame00135 0.356303 1120.047607 314.485291 1256.024780 369.336548
frame00136 0.649217 141.681519 289.349091 421.262695 391.563080
frame00136 0.416348 977.841736 312.371063 1130.806641 352.761078
frame00136 0.340140 1121.134521 315.078979 1254.222778 367.996124
frame00137 0.653346 127.408745 291.545532 399.389099 391.957031
frame00137 0.443212 974.408325 312.618134 1131.679565 353.808960
frame00137 0.341894 1118.906128 315.641357 1254.161987 369.080078
frame00138 0.639363 112.083824 294.983246 380.607880 395.334656
frame00138 0.450856 971.475342 312.244781 1131.580933 355.153748
frame00138 0.336634 1118.028564 315.176758 1252.286133 369.918518
frame00139 0.677933 94.050644 295.945557 367.448303 398.509918
frame00139 0.444335 970.076904 312.292450 1126.215698 355.996826
frame00139 0.328755 1116.780518 315.182068 1248.185303 372.716461
frame00140 0.675437 69.480980 296.305847 360.588348 403.259949
frame00140 0.452502 968.027344 311.880646 1126.895996 358.361389
frame00140 0.330575 1116.823975 315.477753 1247.663818 374.446503
frame00141 0.527409 52.969238 293.746735 352.939117 414.327301
frame00141 0.477048 965.269470 310.768402 1129.610107 362.575958
frame00141 0.346812 1117.303467 312.880890 1251.775391 377.454315
frame00142 0.572428 25.702219 277.974976 294.751953 429.640533
frame00142 0.471566 962.313721 310.492737 1129.648682 367.893494
frame00142 0.358987 1116.646973 310.229797 1251.597046 377.290253
frame00143 0.601721 16.233654 280.904053 268.958221 428.684448
frame00143 0.458783 958.025635 312.337189 1123.436523 367.280975
frame00143 0.352992 1116.480957 311.701965 1249.743652 375.423615
frame00144 0.640840 14.331312 280.298859 269.119720 429.227600
frame00144 0.476526 955.217773 311.148376 1126.664062 368.887177
frame00144 0.349124 1116.737183 309.670227 1254.432861 375.881378
frame00145 0.236741 229.319702 242.825317 364.350128 285.423401
frame00145 0.661153 6.383715 283.806274 254.164352 433.243652
frame00145 0.468729 958.418945 311.088898 1126.465942 369.064972
frame00145 0.341209 1116.818115 310.698181 1254.497559 374.711090
frame00146 0.224807 224.412720 243.941223 360.498962 285.472839
frame00146 0.636623 0.000000 287.455872 229.169296 435.943024
frame00146 0.472977 959.201721 311.771637 1128.736816 369.494751
frame00146 0.341406 1116.055786 312.480072 1254.567627 374.176819
frame00147 0.647101 0.000000 287.344116 204.723328 437.629272
frame00147 0.454890 957.739380 312.509979 1127.421875 370.160797
frame00147 0.336789 1117.013062 314.164948 1255.616577 374.276703
frame00148 0.589588 0.000000 286.306152 176.212006 438.590240
frame00148 0.437809 959.481750 313.956512 1123.955933 369.796234
frame00148 0.346127 1116.786865 315.462585 1255.319824 373.182343
frame00149 0.231798 221.766815 243.590561 355.218262 286.558228
frame00149 0.476918 0.000000 294.368683 140.508713 429.691986
frame00149 0.440664 964.029419 314.145569 1126.779663 370.107391
frame00149 0.343951 1115.151489 316.734283 1258.586670 370.945770
frame00150 0.217473 226.357361 243.370209 353.461761 284.104248
frame00150 0.372629 0.000000 301.001801 117.300529 420.506256
frame00150 0.442813 962.993103 314.150757 1129.181763 369.874908
frame00150 0.339547 1114.958618 316.672821 1259.929077 370.328186
frame00151 0.470861 959.747253 313.247864 1137.269165 366.678528
frame00151 0.346110 1120.257812 311.003876 1259.797485 369.689087
frame00152 0.496372 960.265381 313.083130 1140.242676 364.257721
frame00152 0.345159 1118.879517 308.728943 1258.527710 370.175446
frame00153 0.484891 955.747925 314.287659 1129.187988 361.716217
frame00153 0.373748 1121.751709 310.480377 1261.377197 368.979919
frame00154 0.259280 234.289169 244.620911 354.934509 284.758423
frame00154 0.504767 955.967712 313.389893 1132.587646 363.410645
frame00154 0.337666 1119.030640 308.266205 1257.954346 369.499756
frame00155 0.209511 237.579483 246.533997 357.875977 286.813660
frame00155 0.500601 956.722961 313.417664 1131.808105 362.802063
frame00155 0.344298 1119.636230 308.772583 1258.094971 369.866241
frame00156 0.221651 240.918182 245.668625 361.595612 286.910828
frame00156 0.499336 956.137634 313.494629 1130.001465 362.202667
frame00156 0.361439 1120.581177 308.783936 1259.643188 369.493164
frame00157 0.228306 234.939331 245.199677 358.160736 285.799683
frame00157 0.493516 957.412354 313.140686 1132.831299 362.317932
frame00157 0.358741 1117.413208 308.177704 1259.988281 369.323395
frame00158 0.503582 955.317993 313.764313 1133.714600 363.031403
frame00158 0.368930 1121.590454 309.424683 1262.540039 369.200836
