frame00000 0.247198 528.246704 285.501770 628.627686 320.786255
frame00000 0.322093 952.026978 310.861755 1121.652344 365.979218
frame00000 0.428895 1096.820190 308.879181 1254.801636 382.327484
frame00001 0.203965 23.539337 254.423294 110.423752 287.433990
frame00001 0.268993 529.927490 284.694580 630.655090 320.378937
frame00001 0.308781 950.540833 310.796814 1119.463745 366.554718
frame00001 0.417370 1092.270752 308.864380 1251.928467 383.049927
frame00002 0.225214 23.069639 254.289703 112.526237 286.749451
frame00002 0.242889 530.577332 281.956573 637.021362 319.379883
frame00002 0.300182 955.443420 311.114349 1122.075439 366.023712
frame00002 0.416383 1095.256592 309.620361 1249.663574 381.204651
frame00003 0.205704 26.888332 255.075821 116.217911 285.741364
frame00003 0.224661 528.757202 282.981506 639.547058 321.062653
frame00003 0.336515 951.078003 311.530945 1119.329346 364.690826
frame00003 0.423255 1094.401855 309.801605 1251.625488 380.611298
frame00004 0.219904 20.155445 252.441101 113.260941 286.097260
frame00004 0.242606 535.156128 282.517120 643.014465 319.510284
frame00004 0.324807 952.305176 311.314941 1119.530640 364.593567
frame00004 0.406737 1094.251099 310.786346 1247.633667 379.763000
frame00005 0.230095 19.833355 253.489960 113.147568 286.448364
frame00005 0.241855 534.403442 283.748779 641.492065 319.653076
frame00005 0.330410 951.758118 310.438629 1125.875244 366.081665
frame00005 0.408653 1094.270996 309.561218 1251.345459 380.336456
frame00006 0.231134 19.827251 252.803528 113.502922 286.256836
frame00006 0.255516 534.325745 285.159058 638.440979 319.168945
frame00006 0.336387 951.342651 309.779572 1129.550293 366.776459
frame00006 0.403896 1096.695190 308.657410 1253.391968 380.955780
frame00007 0.225048 20.743341 252.495728 113.844330 285.512512
frame00007 0.262174 537.039307 286.730682 637.224854 318.912415
frame00007 0.339712 950.196472 309.622803 1127.339722 366.683350
frame00007 0.398736 1098.610718 308.069916 1253.566162 381.374084
frame00008 0.216091 19.188547 251.695740 112.411896 287.394226
frame00008 0.251001 532.507446 283.914368 639.706543 320.349609
frame00008 0.341663 951.528564 309.848419 1130.693848 367.041626
frame00008 0.411549 1096.631348 308.972198 1254.241455 380.728210
frame00009 0.214962 22.888441 252.590424 116.446930 284.600708
frame00009 0.233656 532.253723 282.389374 644.257874 320.453522
frame00009 0.362808 950.158752 309.928741 1130.816406 366.203339
frame00009 0.422701 1096.862915 309.015045 1257.168701 379.849030
frame00010 0.249479 529.280884 284.665985 637.068237 321.336334
frame00010 0.345825 950.305725 310.076843 1127.462402 366.949982
frame00010 0.416123 1098.786255 308.065460 1258.093994 381.454895
frame00011 0.200350 24.771194 253.282974 113.375656 285.379883
frame00011 0.252146 529.571838 284.697876 632.512146 320.409790
frame00011 0.347344 949.490906 309.909332 1124.967896 366.429962
frame00011 0.420920 1099.713257 307.939667 1256.768677 381.616577
frame00012 0.214370 20.588903 253.480774 108.669312 287.247253
frame00012 0.244945 529.554565 281.523773 638.527832 320.262207
frame00012 0.302597 956.681213 310.528748 1129.772217 367.190643
frame00012 0.421658 1095.667847 309.553864 1253.233887 380.683044
frame00013 0.253696 533.002808 283.687134 636.075928 320.257141
frame00013 0.312266 952.760986 310.543793 1127.435425 367.496368
frame00013 0.414161 1093.810303 309.106232 1252.158081 381.979706
frame00014 0.207380 26.856903 254.728577 113.184891 287.782745
frame00014 0.253480 527.920471 280.338806 637.988403 320.415802
frame00014 0.301154 957.105164 311.447296 1131.693848 367.967499
frame00014 0.411868 1090.020752 308.600220 1248.771240 381.284241
frame00015 0.205731 28.367481 254.262985 114.227890 287.597443
frame00015 0.281603 528.845825 282.593628 634.934387 320.360840
frame00015 0.283483 956.013306 311.398224 1129.586304 369.165039
frame00015 0.400578 1088.452881 308.291443 1248.232910 383.475983
frame00016 0.233273 529.900269 282.502563 636.711914 321.265442
frame00016 0.318733 952.321289 311.797974 1126.369873 366.530121
frame00016 0.427377 1090.487061 309.317841 1253.400879 381.225616
frame00017 0.218373 526.525940 282.676422 634.657593 322.006866
frame00017 0.285468 951.147766 312.407715 1118.601074 365.724335
frame00017 0.443607 1096.275757 310.555267 1257.364380 380.938477
frame00018 0.235119 529.082764 283.561584 635.578674 321.479156
frame00018 0.305991 948.024292 312.211761 1123.669922 368.350250
frame00018 0.422675 1095.271240 310.219666 1258.043701 382.345795
frame00019 0.230695 526.890686 284.980469 630.556519 322.804718
frame00019 0.329338 947.542419 311.829803 1122.025024 367.174988
frame00019 0.424037 1091.312134 309.591949 1256.534058 382.546997
frame00020 0.231308 524.195923 283.948792 630.396423 322.896667
frame00020 0.312349 946.679810 311.827820 1120.955322 368.088013
frame00020 0.434411 1094.051636 309.864899 1259.528687 382.952209
frame00021 0.216190 526.079346 282.271454 633.461975 322.309143
frame00021 0.304811 949.914001 312.557465 1118.745483 366.093811
frame00021 0.440974 1092.851074 310.789581 1257.397705 381.658142
frame00022 0.227956 527.658325 285.586273 628.430115 322.337219
frame00022 0.323637 949.787292 311.100220 1123.104248 365.797516
frame00022 0.440407 1091.851562 309.043457 1257.201172 382.101562
frame00023 0.258471 524.636719 284.504059 631.149719 322.942566
frame00023 0.320488 953.038635 311.289032 1125.102539 366.941437
frame00023 0.421061 1098.007812 309.118683 1258.186157 381.156311
frame00024 0.280026 527.681458 284.993347 630.831421 321.840332
frame00024 0.326306 952.670166 310.488007 1127.462769 367.407349
frame00024 0.419798 1096.430908 308.026520 1256.067017 382.196472
frame00025 0.261722 525.315979 285.037292 628.865173 322.900574
frame00025 0.326923 949.930420 311.633148 1121.345459 366.404999
frame00025 0.434273 1095.172729 309.053497 1257.788696 382.250916
frame00026 0.286907 530.489685 287.482574 629.070068 322.056213
frame00026 0.348878 951.358582 308.317810 1134.038574 369.408234
frame00026 0.404037 1096.194580 306.841980 1255.032471 382.949463
frame00027 0.207023 24.149389 252.116425 115.485199 285.003998
frame00027 0.261531 534.725342 286.555756 639.060364 320.601013
frame00027 0.325940 953.169678 309.683105 1133.169189 368.206573
frame00027 0.409278 1094.447021 308.210846 1253.942383 381.663757
frame00028 0.217222 22.384796 252.292664 115.191544 286.436157
frame00028 0.247274 532.219299 286.993134 637.619568 321.856964
frame00028 0.351675 948.470337 309.609741 1127.998779 366.504547
frame00028 0.407744 1095.076904 307.784363 1253.801514 380.855530
frame00029 0.268840 532.169312 285.954590 638.134216 321.108521
frame00029 0.301218 952.893921 310.117249 1128.211304 367.842987
frame00029 0.419529 1097.249634 308.634369 1256.179077 381.796997
frame00030 0.214801 20.115513 252.047745 113.264603 287.837982
frame00030 0.246697 535.966553 287.718384 636.227478 321.364960
frame00030 0.327204 950.537415 309.856689 1127.003174 367.300598
frame00030 0.404089 1095.092529 309.187103 1252.685303 381.269287
frame00031 0.226445 20.240355 252.745178 113.858452 286.402618
frame00031 0.252740 535.839905 286.417938 638.300110 321.294891
frame00031 0.327550 952.105408 309.771362 1128.300293 367.256073
frame00031 0.418074 1095.232666 309.305115 1254.317383 381.235962
frame00032 0.237860 19.904242 251.100494 115.624763 286.031128
frame00032 0.253426 533.909790 288.209564 634.177063 321.591187
frame00032 0.333605 951.073242 308.837860 1129.806763 367.912659
frame00032 0.397971 1095.914185 307.726807 1253.541016 382.295898
frame00033 0.203454 24.153763 253.195145 116.658569 285.895294
frame00033 0.268858 537.258789 287.370056 637.215271 321.171478
frame00033 0.324189 950.362488 309.797058 1126.617798 367.570557
frame00033 0.420657 1096.070312 309.064026 1255.612427 381.668457
frame00034 0.213580 23.455858 253.026398 113.887848 287.443481
frame00034 0.250581 535.239929 287.054626 634.115601 322.334381
frame00034 0.298083 953.475952 309.858948 1125.109741 367.891571
frame00034 0.411568 1096.877319 308.917511 1252.995117 381.972565
frame00035 0.254463 533.009216 287.216064 630.709473 322.566437
frame00035 0.306749 951.256042 311.427216 1119.663452 366.350952
frame00035 0.417662 1088.392822 309.610168 1249.564941 382.461761
frame00036 0.221537 32.152565 253.600632 122.845871 287.023499
frame00036 0.240384 530.264954 285.658447 633.476257 322.958618
frame00036 0.274100 956.292664 311.955353 1126.316406 368.443665
frame00036 0.400124 1089.638550 309.688080 1248.973145 382.331940
frame00037 0.229997 29.794178 255.091095 123.721497 286.891205
frame00037 0.246775 534.566101 288.175842 633.426941 322.597626
frame00037 0.256129 954.845032 311.400574 1125.406128 369.324860
frame00037 0.415704 1090.403076 310.415558 1253.608765 383.225342
frame00038 0.203811 26.477690 255.475174 118.057251 287.890472
frame00038 0.241852 538.675110 288.585846 638.061951 321.693909
frame00038 0.243070 955.905518 311.914001 1128.687500 369.778259
frame00038 0.411856 1087.513062 311.946411 1252.521240 382.721619
frame00039 0.221002 534.042847 287.769470 637.594238 323.383606
frame00039 0.278761 955.386597 312.237640 1129.582031 369.590668
frame00039 0.414606 1090.510498 311.929596 1256.340820 382.397217
frame00040 0.212870 532.345276 287.009552 639.303589 324.304321
frame00040 0.301136 952.104553 312.098938 1129.147705 369.891479
frame00040 0.408309 1095.243164 311.096649 1257.707764 381.615845
frame00041 0.215782 25.440254 253.939560 116.769936 286.713409
frame00041 0.261833 537.874084 288.246796 639.828125 323.331390
frame00041 0.305500 951.415344 310.115082 1133.149902 370.824097
frame00041 0.403166 1095.951050 309.602997 1253.322632 382.346619
frame00042 0.216461 26.922363 253.943695 117.515427 285.919281
frame00042 0.250262 536.952148 287.499298 640.290588 323.407104
frame00042 0.327108 949.514221 310.422668 1130.807129 369.250031
frame00042 0.418355 1094.284546 308.991730 1254.333374 381.782959
frame00043 0.209966 25.391804 252.674942 115.737976 287.127808
frame00043 0.224760 536.278076 288.830811 637.396118 324.195831
frame00043 0.325280 952.594666 310.519989 1132.890869 368.573639
frame00043 0.385475 1093.556641 309.312073 1251.914307 380.496887
frame00044 0.224309 537.523865 288.009003 636.091248 323.167084
frame00044 0.329740 949.105286 311.078735 1118.749756 365.239532
frame00044 0.416618 1093.813477 309.285278 1251.813232 381.159546
frame00045 0.242617 532.763916 288.174652 632.286438 323.281921
frame00045 0.343839 947.199402 309.270538 1124.909180 367.401276
frame00045 0.419748 1099.563599 307.533752 1257.982178 382.420105
frame00046 0.239793 534.374207 287.755096 635.961853 323.223602
frame00046 0.324664 949.340149 310.273254 1121.884888 366.305389
frame00046 0.427944 1098.178955 308.985657 1256.954712 381.825836
frame00047 0.200206 26.082462 252.335159 117.616791 285.570404
frame00047 0.243118 535.341248 288.290741 635.143677 323.297058
frame00047 0.320463 949.361938 310.049469 1121.873535 366.822113
frame00047 0.424332 1096.799927 309.015167 1255.902832 382.138733
frame00048 0.242054 532.072815 288.019989 632.971802 323.935883
frame00048 0.335218 948.361267 309.855774 1122.864868 366.859924
frame00048 0.421696 1097.138794 307.772461 1256.948730 382.609009
frame00049 0.222398 538.256042 290.671448 633.363525 324.929718
frame00049 0.320512 950.507080 310.401611 1120.315063 366.316833
frame00049 0.405825 1096.241089 308.633118 1251.788086 381.187653
frame00050 0.227333 20.939264 252.706787 113.863419 286.970215
frame00050 0.217048 538.049194 289.028412 635.665588 323.051147
frame00050 0.310763 949.601929 310.181213 1122.269531 366.875824
frame00050 0.404105 1093.983765 309.464447 1252.105957 381.137573
frame00051 0.234347 538.350769 291.752563 631.938965 324.676147
frame00051 0.301870 949.698975 309.697906 1122.820435 368.141479
frame00051 0.400591 1096.766479 308.544434 1254.293335 382.343475
frame00052 0.212868 535.625244 291.125305 631.681274 324.645874
frame00052 0.318739 950.223633 310.412872 1124.676025 367.545685
frame00052 0.395763 1096.054443 309.319885 1254.177612 381.223022
frame00053 0.214525 22.742992 252.087738 116.837097 286.839325
frame00053 0.218211 539.521240 290.323669 633.856262 323.467743
frame00053 0.296306 949.204834 310.636169 1118.955811 366.971466
frame00053 0.404753 1093.807861 310.465973 1251.862915 381.266541
frame00054 0.208729 534.525146 289.445221 631.453125 324.652679
frame00054 0.317042 954.695312 311.637146 1123.645020 366.747742
frame00054 0.397670 1093.485352 310.114410 1249.934570 380.902008
frame00055 0.206785 32.342903 253.607086 120.462067 287.481964
frame00055 0.218201 514.722534 293.109253 641.952881 331.247650
frame00055 0.308297 950.549255 311.170013 1120.048462 367.237885
frame00055 0.400274 1093.505493 309.224976 1251.117798 381.750793
frame00056 0.214353 29.763355 252.826904 120.821007 287.581055
frame00056 0.220057 513.855225 292.940491 638.359985 329.725677
frame00056 0.286934 952.739136 310.622894 1122.371582 367.665375
frame00056 0.409317 1092.440552 309.624542 1252.354980 382.345276
frame00057 0.216676 532.344910 289.238281 625.906006 325.131531
frame00057 0.310768 952.298035 311.395233 1123.776001 367.638245
frame00057 0.409535 1091.244751 309.080292 1253.083374 381.835968
frame00058 0.203034 526.828857 289.312775 622.789062 326.486847
frame00058 0.318612 951.829224 311.212189 1123.659912 367.101715
frame00058 0.424402 1091.380493 308.978119 1259.095215 381.634735
frame00059 0.223329 525.286621 289.362366 620.578491 326.083801
frame00059 0.298926 952.879883 310.945801 1123.383667 367.713654
frame00059 0.427169 1092.092773 308.737427 1259.875732 382.487030
frame00060 0.227189 524.890747 288.428741 622.420105 326.599792
frame00060 0.305955 951.367920 311.107239 1121.218140 367.339478
frame00060 0.424526 1089.938721 308.905762 1257.406738 382.851166
frame00061 0.204152 27.144581 251.928955 118.426910 288.692383
frame00061 0.220407 531.107056 291.586517 621.575256 325.448303
frame00061 0.305535 951.325623 310.368469 1121.843140 368.606628
frame00061 0.411489 1093.065674 309.416168 1255.158447 383.436493
frame00062 0.216274 530.997498 291.012695 622.644531 325.983826
frame00062 0.313712 950.681213 309.922974 1123.484741 368.604004
frame00062 0.406176 1093.107300 308.755768 1254.483887 383.446503
frame00063 0.224819 23.160620 251.614380 117.477066 289.099274
frame00063 0.210975 513.830444 293.583008 632.908691 328.165100
frame00063 0.276459 952.153198 310.706543 1118.123657 367.820496
frame00063 0.406348 1093.141968 310.602417 1252.317505 383.057159
frame00064 0.236389 22.902784 252.500778 117.027901 288.670349
frame00064 0.204946 512.101685 293.447723 633.579346 328.460632
frame00064 0.308181 949.702515 310.176849 1118.249634 367.272186
frame00064 0.409392 1096.620605 309.631927 1254.829834 382.663086
frame00065 0.237085 25.339733 252.418716 118.018074 287.948090
frame00065 0.307849 954.905029 309.739105 1128.947876 368.836365
frame00065 0.410178 1095.041626 308.969116 1256.891724 382.328094
frame00066 0.241447 219.173584 249.685959 356.878601 292.457703
frame00066 0.209282 518.911987 286.057190 620.364807 326.713440
frame00066 0.310163 953.675415 311.212341 1127.739014 368.573700
frame00066 0.424788 1092.394043 308.597321 1263.338745 382.196289
frame00067 0.209984 523.003662 291.168518 616.541626 325.858734
frame00067 0.319311 952.760254 311.025879 1124.495728 367.797546
frame00067 0.434124 1092.437134 309.854889 1260.742065 383.248901
frame00068 0.316096 951.615051 310.972382 1124.665283 367.453827
frame00068 0.440278 1091.544312 309.828857 1260.967285 382.898987
frame00069 0.316948 949.929199 310.255890 1123.432861 368.172119
frame00069 0.435004 1091.716064 308.934540 1260.828613 384.057983
frame00070 0.203407 520.076172 288.497162 618.981506 326.095367
frame00070 0.301818 948.864441 310.719971 1121.480469 368.450928
frame00070 0.430322 1090.932129 309.094421 1261.379150 384.348022
frame00071 0.311202 950.841797 311.818604 1122.926270 368.199738
frame00071 0.425344 1091.385864 310.098267 1261.059814 382.548920
frame00072 0.201414 503.683228 292.733582 627.981934 329.165039
frame00072 0.317607 949.506165 310.882507 1120.346313 367.175903
frame00072 0.427514 1093.404663 309.463196 1259.037109 383.344269
frame00073 0.208506 504.613220 291.938782 627.952332 329.135529
frame00073 0.301479 950.296387 310.222504 1119.424194 368.018646
frame00073 0.436274 1093.918091 308.851013 1260.069336 383.823639
frame00074 0.309882 954.334778 311.564117 1124.942993 368.230255
frame00074 0.421024 1090.900269 309.283325 1258.526855 382.496124
frame00075 0.301067 956.333252 311.767273 1126.352173 368.298187
frame00075 0.424831 1089.572266 309.599976 1258.880249 382.039642
frame00076 0.223281 499.132263 292.138763 626.292053 331.489685
frame00076 0.326323 950.163574 310.122986 1123.912964 368.070740
frame00076 0.426524 1091.429565 307.800171 1261.338135 383.267120
frame00077 0.221022 503.179138 292.680298 622.807983 328.998505
frame00077 0.341718 950.570984 309.914581 1124.534912 368.100861
frame00077 0.428819 1093.811768 308.212616 1260.940796 383.651978
frame00078 0.231033 500.576813 293.537537 619.615662 328.904449
frame00078 0.320260 951.479736 310.028656 1124.641602 368.560638
frame00078 0.425295 1091.618164 308.545074 1261.489014 383.691467
frame00079 0.220841 496.483521 292.119080 622.180664 329.772888
frame00079 0.326713 949.863892 309.315338 1125.618408 369.026550
frame00079 0.425807 1093.106934 307.249054 1262.801270 384.180908
frame00080 0.212791 516.463196 291.358978 612.821838 327.663269
frame00080 0.339159 950.334167 308.974731 1126.517334 369.442291
frame00080 0.433223 1091.457397 307.146179 1262.505493 385.473206
frame00081 0.200135 515.391968 290.539948 613.240967 328.333038
frame00081 0.332279 951.830383 310.028748 1124.426025 368.580566
frame00081 0.430335 1092.295044 308.464813 1262.425781 384.574493
frame00082 0.212401 512.253479 289.422058 613.135437 329.143066
frame00082 0.323733 953.038574 309.940277 1125.828735 369.379456
frame00082 0.431769 1093.298340 307.998108 1263.725342 384.581940
frame00083 0.250987 217.487610 249.689590 356.374268 293.706879
frame00083 0.218069 509.861023 285.654175 616.798950 329.775116
frame00083 0.326056 954.156616 309.321625 1133.310791 370.678406
frame00083 0.417206 1093.376587 306.426239 1265.892578 383.431488
frame00084 0.260634 219.939606 249.892319 358.974457 294.231476
frame00084 0.233893 489.942169 290.511414 630.706665 336.071655
frame00084 0.316606 954.404663 309.929413 1128.302368 368.682678
frame00084 0.422990 1092.446411 306.845154 1265.092773 382.474762
frame00085 0.227316 490.346558 290.683350 625.539307 333.711426
frame00085 0.328762 951.598999 309.830261 1122.750488 368.255768
frame00085 0.427906 1091.330688 307.355560 1262.394287 383.569580
frame00086 0.216443 488.775696 289.967316 625.785522 333.190704
frame00086 0.316458 954.950012 309.799500 1126.277222 369.464722
frame00086 0.425383 1090.140869 307.793152 1262.135864 384.029663
frame00087 0.231032 489.646667 290.820923 624.092163 333.436310
frame00087 0.311232 953.489258 309.736694 1124.310303 369.243500
frame00087 0.425804 1089.087402 307.529816 1261.902588 384.126404
frame00088 0.227287 220.987518 250.290466 358.921997 294.753418
frame00088 0.202667 487.308807 290.305725 627.335205 335.953674
frame00088 0.324663 954.908936 310.098053 1128.113403 369.005798
frame00088 0.428392 1089.522095 307.399231 1263.092041 383.046173
frame00089 0.270629 221.595230 249.740417 361.949219 295.149414
frame00089 0.310400 957.195496 310.230164 1130.615967 369.394470
frame00089 0.427908 1089.689209 307.574524 1265.135742 382.663177
frame00090 0.226829 486.531036 291.066589 622.846741 334.279419
frame00090 0.332238 955.408264 309.509521 1130.697388 369.462891
frame00090 0.433716 1088.814453 307.536316 1264.824097 382.985931
frame00091 0.252400 218.302338 251.336823 356.438110 295.632751
frame00091 0.220069 463.473206 296.667694 631.919922 354.209747
frame00091 0.313458 956.363464 310.429413 1129.212891 369.053192
frame00091 0.437990 1086.296631 308.442169 1265.906860 382.159760
frame00092 0.220330 485.973541 291.814606 619.742493 335.016327
frame00092 0.294614 956.234009 310.717163 1125.137329 370.251312
frame00092 0.427001 1087.596924 308.929962 1261.830200 383.927765
frame00093 0.211243 30.728401 250.389236 123.097382 293.676575
frame00093 0.241442 490.313477 292.754089 616.542664 331.697296
frame00093 0.303205 955.817871 309.827362 1127.087524 370.802704
frame00093 0.408615 1085.337646 307.970459 1258.329590 385.371246
frame00094 0.215785 28.744774 251.391861 123.579567 293.148499
frame00094 0.235519 469.347839 296.623688 623.107910 345.264038
frame00094 0.303598 956.488525 310.260590 1127.363403 370.507080
frame00094 0.414072 1085.013916 309.175293 1258.825806 384.270721
frame00095 0.204661 34.501972 251.039307 125.613518 292.926147
frame00095 0.223980 484.738586 292.111633 622.896606 335.127838
frame00095 0.315362 955.986877 310.706940 1123.115112 368.391052
frame00095 0.417286 1087.610962 308.574280 1257.447632 383.319153
frame00096 0.230366 488.928772 291.764069 621.878967 332.358276
frame00096 0.327227 954.913818 310.578339 1123.067017 368.600494
frame00096 0.418143 1088.571655 308.578644 1258.955688 383.792145
frame00097 0.201508 28.401241 250.842972 122.660179 292.677673
frame00097 0.251648 467.284363 295.222015 624.002319 345.442291
frame00097 0.338798 958.722839 309.343018 1131.462402 369.843414
frame00097 0.416648 1087.383545 308.127838 1261.568481 383.398529
frame00098 0.279414 469.509918 295.063812 624.567322 344.901489
frame00098 0.342001 958.390198 309.620392 1132.159546 370.268280
frame00098 0.418160 1087.025879 308.661041 1262.729004 383.460449
frame00099 0.296246 470.804749 295.557343 623.475464 344.086273
frame00099 0.348504 954.873596 309.970825 1125.973022 368.988800
frame00099 0.434494 1089.848022 309.296112 1265.684937 383.437042
frame00100 0.331998 469.410248 294.627869 630.633240 346.451752
frame00100 0.365323 953.286438 309.527374 1127.844116 369.382080
frame00100 0.430396 1090.286865 308.220184 1268.184570 382.580994
frame00101 0.360244 469.491638 293.457153 628.480347 345.928253
frame00101 0.362306 955.541931 309.254913 1131.217529 370.331970
frame00101 0.421423 1092.895996 308.017426 1269.667847 381.973572
frame00102 0.381822 470.461914 293.084259 624.688782 343.907013
frame00102 0.354873 956.883545 309.527405 1129.915649 370.079224
frame00102 0.422903 1087.786743 309.125519 1265.396606 381.946533
frame00103 0.429193 473.242035 293.159149 622.689880 342.866608
frame00103 0.357922 958.015381 309.479309 1133.119629 370.710724
frame00103 0.419068 1087.928223 309.376312 1265.342285 381.689728
frame00104 0.401366 473.996033 293.380768 618.026978 341.445709
frame00104 0.356537 957.598633 309.349823 1133.929199 370.885101
frame00104 0.415685 1088.144409 309.674774 1264.458984 381.789368
frame00105 0.416282 470.888611 293.304993 617.533691 341.239136
frame00105 0.330592 958.846802 309.947906 1127.970093 369.405548
frame00105 0.415537 1087.284424 310.426819 1263.022949 382.293457
frame00106 0.454788 471.759644 294.356567 619.840210 342.677490
frame00106 0.316348 959.950073 310.074402 1132.042969 371.422729
frame00106 0.405692 1084.286987 310.515167 1262.865112 382.722870
frame00107 0.461526 468.489990 293.725555 617.923706 342.730530
frame00107 0.346656 960.711914 310.687317 1134.396851 370.571259
frame00107 0.414811 1083.405640 311.512146 1261.828125 381.293732
frame00108 0.514797 466.950134 295.026978 611.968689 342.490814
frame00108 0.342611 959.634949 311.470367 1129.717651 369.226105
frame00108 0.415211 1083.540283 312.744293 1260.313843 380.248322
frame00109 0.526775 467.707458 294.770752 612.816406 342.534912
frame00109 0.349574 954.143982 310.636078 1125.490112 367.840240
frame00109 0.413919 1087.649536 312.511810 1262.136108 379.851837
frame00110 0.217126 24.323944 250.621490 122.123962 293.739136
frame00110 0.491970 466.006439 294.413300 602.740295 340.343170
frame00110 0.355317 957.330261 310.786133 1124.967407 368.208282
frame00110 0.423020 1088.166382 313.166748 1261.027222 378.666748
frame00111 0.501526 464.425232 294.852264 607.886292 343.011139
frame00111 0.353488 954.239807 311.187958 1117.298828 366.227997
frame00111 0.420989 1086.771729 312.827118 1259.144531 379.296112
frame00112 0.485667 462.891785 294.075012 608.173767 343.324463
frame00112 0.364631 954.966797 310.709778 1121.291992 367.100433
frame00112 0.425783 1088.772217 312.118073 1262.009277 379.197876
frame00113 0.484458 459.458344 292.604950 609.902100 344.238373
frame00113 0.360276 955.310974 310.681000 1121.531860 366.912231
frame00113 0.437880 1088.021362 312.533325 1263.531738 379.034454
frame00114 0.481209 460.200256 293.200195 600.682068 341.608551
frame00114 0.355845 958.378357 311.031158 1125.243286 367.948090
frame00114 0.425144 1088.182495 313.210846 1260.975220 378.241516
frame00115 0.495469 459.550018 294.353729 597.483826 341.204376
frame00115 0.369875 957.305420 311.030945 1127.381104 368.173615
frame00115 0.419893 1087.576660 313.332062 1260.358765 378.051697
frame00116 0.523660 457.992615 295.300354 596.565063 342.009460
frame00116 0.361644 958.188965 311.615906 1128.878784 368.308197
frame00116 0.419517 1087.388794 314.280304 1259.347656 377.605499
frame00117 0.529196 454.762421 296.366272 591.158203 342.183289
frame00117 0.349540 957.348511 312.115692 1121.967163 366.125305
frame00117 0.417934 1088.632324 315.455688 1256.817261 376.429749
frame00118 0.525024 451.461914 296.942627 585.226868 342.357208
frame00118 0.338403 957.086304 312.826172 1117.424072 365.692291
frame00118 0.410642 1088.476807 316.567963 1252.408569 376.215179
frame00119 0.538521 444.767090 297.785126 584.431030 344.258514
frame00119 0.332613 955.359802 313.040894 1113.508423 364.539276
frame00119 0.413946 1086.877930 316.213989 1250.776489 375.897217
frame00120 0.217210 22.566532 250.284973 114.402939 292.064850
frame00120 0.528207 442.326965 297.378601 581.048706 344.311188
frame00120 0.320624 955.712280 312.452576 1115.106323 365.022980
frame00120 0.413830 1088.397095 316.281525 1251.480469 375.289703
frame00121 0.535234 439.552612 296.110626 581.167969 344.353699
frame00121 0.325541 954.330322 312.399811 1112.389893 365.006470
frame00121 0.435006 1088.734863 316.232483 1253.512451 376.035614
frame00122 0.544986 432.981842 297.135193 577.911621 345.263977
frame00122 0.335687 956.384033 312.684998 1117.667725 364.130524
frame00122 0.434397 1091.287598 316.915985 1254.937012 374.319489
frame00123 0.545080 429.583801 296.750519 573.900208 346.280121
frame00123 0.347393 953.652222 312.212158 1118.280518 365.072723
frame00123 0.436621 1091.792236 316.705658 1254.572021 374.644653
frame00124 0.557520 429.251770 296.978638 571.577209 346.282349
frame00124 0.354427 949.568542 312.188751 1112.824463 364.374451
frame00124 0.447880 1092.527832 316.861450 1255.078857 374.765839
frame00125 0.548459 424.689392 298.055084 565.683044 345.785828
frame00125 0.342639 951.812500 312.409119 1109.851562 362.271454
frame00125 0.447578 1093.090698 317.538086 1252.887695 372.877594
frame00126 0.543618 422.725983 298.495972 564.088440 345.447784
frame00126 0.349543 952.826782 312.485046 1112.932251 362.888336
frame00126 0.431918 1094.830444 317.436127 1252.345459 371.980194
frame00127 0.529888 418.681946 297.468781 564.044922 346.274872
frame00127 0.338224 954.181519 312.756287 1113.151733 362.957001
frame00127 0.440845 1092.268677 317.488281 1251.970337 372.661865
frame00128 0.511045 413.762573 296.125305 564.797302 346.169891
frame00128 0.335906 954.038391 312.520508 1110.986450 362.857727
frame00128 0.429620 1092.317627 317.072723 1250.403442 372.672821
frame00129 0.512102 413.115784 297.109924 558.993042 345.057922
frame00129 0.329065 953.285889 312.730774 1107.128418 361.785156
frame00129 0.435426 1091.097046 317.429291 1248.192017 372.519348
frame00130 0.509715 410.988800 299.001434 553.912170 345.165466
frame00130 0.323806 955.141602 313.018982 1108.508545 361.148804
frame00130 0.440562 1092.592896 318.043915 1249.102295 372.146973
frame00131 0.530780 405.307007 299.041412 551.220215 345.808594
frame00131 0.333365 954.409485 313.130035 1113.511230 362.016296
frame00131 0.442850 1095.019531 318.789398 1250.049561 371.257812
frame00132 0.529161 394.501892 298.654114 552.482178 348.391785
frame00132 0.356777 952.974609 313.115448 1114.589600 361.767853
frame00132 0.437340 1093.357666 317.495209 1248.931519 371.108093
frame00133 0.553277 388.847229 300.669678 547.755798 348.702728
frame00133 0.359872 948.876282 313.165588 1111.006836 360.392975
frame00133 0.455051 1095.454102 317.627045 1251.232300 371.291504
frame00134 0.570215 378.303040 300.889435 539.216370 348.801239
frame00134 0.366325 946.337769 312.793671 1112.865601 360.667419
frame00134 0.451518 1096.235840 317.529846 1249.485840 372.105042
frame00135 0.567218 373.465820 300.171600 535.575256 348.597015
frame00135 0.374985 946.235657 312.428375 1114.339478 360.953674
frame00135 0.440951 1100.077637 316.898102 1249.836548 370.960419
frame00136 0.538625 368.902954 299.147400 532.130737 348.154938
frame00136 0.358966 948.744202 312.755707 1111.091919 360.137329
frame00136 0.445247 1100.455200 317.156830 1248.145874 370.716003
frame00137 0.522922 365.617432 299.134338 526.887268 347.134613
frame00137 0.376385 947.252502 312.428436 1111.766479 360.155426
frame00137 0.438353 1100.936157 316.522797 1247.841064 370.834625
frame00138 0.546471 360.707733 299.530792 522.618774 348.085693
frame00138 0.381052 947.910278 312.290497 1114.715698 359.789551
frame00138 0.435550 1100.430298 316.476379 1246.836548 370.171021
frame00139 0.573504 350.246826 297.277191 528.520630 351.322205
frame00139 0.360202 951.127991 312.040131 1116.465332 359.558472
frame00139 0.421471 1098.098267 316.220886 1243.343384 369.273834
frame00140 0.590856 349.485321 298.602783 523.488525 351.599915
frame00140 0.333722 950.528320 313.217773 1110.562256 358.803223
frame00140 0.426738 1100.177246 317.694641 1243.161743 370.355804
frame00141 0.215979 24.882950 249.270294 109.938736 287.247253
frame00141 0.565578 344.977783 297.618530 523.026672 352.041931
frame00141 0.329889 953.013062 312.736450 1109.640381 358.058319
frame00141 0.426486 1100.367188 316.746643 1244.152466 370.302032
frame00142 0.230592 22.593985 247.563766 109.660324 287.772949
frame00142 0.574950 337.922424 296.150635 524.946777 352.911896
frame00142 0.335504 956.045227 312.518250 1120.857544 360.176331
frame00142 0.412140 1099.794800 316.105499 1244.642456 369.894745
frame00143 0.218123 23.602203 247.541397 108.789368 287.574615
frame00143 0.577951 333.316681 296.457458 515.998657 352.486145
frame00143 0.318015 957.026489 312.307434 1119.049805 360.027222
frame00143 0.418549 1102.020020 316.057190 1244.774658 370.443665
frame00144 0.227710 21.473537 247.284271 107.533607 288.322205
frame00144 0.577787 326.593628 296.526031 511.775513 353.268921
frame00144 0.343868 954.670166 312.012939 1123.782593 360.153564
frame00144 0.409189 1102.972168 314.826294 1246.465820 370.617462
frame00145 0.252240 19.716267 247.045456 108.313004 289.170868
frame00145 0.585387 320.670898 295.767944 506.245605 353.780426
frame00145 0.367262 952.772461 311.334290 1127.476685 360.446350
frame00145 0.390923 1105.246460 314.021240 1246.365234 370.367798
frame00146 0.238207 21.772366 247.297806 107.525291 288.562103
frame00146 0.550446 316.779297 294.154114 499.384796 352.592651
frame00146 0.355383 955.060547 310.992676 1127.323242 360.610260
frame00146 0.401628 1105.363281 313.714783 1246.413086 370.989319
frame00147 0.262317 19.019772 247.269287 108.510071 290.803955
frame00147 0.558263 307.441528 295.299591 490.875519 354.734833
frame00147 0.345753 955.032715 312.127472 1125.427979 359.555603
frame00147 0.405256 1106.536621 314.626801 1245.843750 371.767212
frame00148 0.256418 19.756937 247.643341 109.384995 291.660004
frame00148 0.578319 301.676758 294.536774 487.955444 354.716431
frame00148 0.361765 954.505249 311.928925 1128.010132 359.440247
frame00148 0.397606 1110.518799 314.161163 1247.769165 371.471558
frame00149 0.234228 20.437263 248.534348 108.567543 292.956390
frame00149 0.577056 298.415527 294.696869 486.626892 355.574799
frame00149 0.343471 954.500610 312.461945 1121.775635 357.878662
frame00149 0.413109 1110.726440 315.161591 1247.995850 371.511841
frame00150 0.258666 21.125504 249.498444 113.780960 295.197479
frame00150 0.602466 285.958252 294.401520 482.483521 359.248138
frame00150 0.355554 954.393799 312.968475 1131.045898 358.505035
frame00150 0.405575 1108.329102 315.292908 1246.063843 371.758759
frame00151 0.263456 14.914813 249.666855 108.900589 298.158569
frame00151 0.553800 276.258942 292.888824 479.398346 361.076263
frame00151 0.342140 956.935547 312.994080 1127.760010 356.899689
frame00151 0.407543 1110.850098 314.956085 1246.590088 372.134155
frame00152 0.270820 16.617790 252.112717 111.671982 298.207397
frame00152 0.499792 266.926392 292.367523 473.346436 363.818726
frame00152 0.377035 957.854675 313.262115 1127.868408 354.906952
frame00152 0.398484 1113.701904 314.885162 1246.066650 372.252258
frame00153 0.281840 14.826465 252.312592 109.936981 298.885681
frame00153 0.402526 264.880310 291.400696 469.279114 365.985657
frame00153 0.382566 960.557617 312.926636 1128.532227 355.480469
frame00153 0.403379 1114.270874 314.046814 1248.210815 373.585968
frame00154 0.289686 10.456209 252.529999 109.938820 300.481842
frame00154 0.484017 242.896606 292.475250 495.910919 375.553253
frame00154 0.385431 965.937195 312.704254 1131.765869 355.027588
frame00154 0.409370 1110.977051 313.442139 1248.863770 374.064575
frame00155 0.279023 10.035019 252.424530 109.979752 300.148499
frame00155 0.546757 235.930862 289.594971 494.688049 377.091339
frame00155 0.390153 967.207703 312.227814 1133.317993 355.089813
frame00155 0.412175 1112.484619 312.757874 1251.037720 374.097260
frame00156 0.279975 8.402858 252.071793 111.313591 300.001465
frame00156 0.599932 224.874542 288.955963 492.979248 379.025238
frame00156 0.357457 971.072998 312.645844 1130.775879 354.838135
frame00156 0.415099 1109.730713 313.852386 1248.997681 373.882843
frame00157 0.271793 6.084771 251.783524 108.903389 299.187988
frame00157 0.627627 211.792908 288.657867 484.744324 381.940369
frame00157 0.369057 969.477539 312.432159 1128.515503 354.299438
frame00157 0.413039 1106.629883 313.608612 1250.280884 373.430817
frame00158 0.277449 4.702744 251.017258 108.419456 298.323273
frame00158 0.634249 201.679047 287.475281 477.577393 383.645416
frame00158 0.379553 969.882080 312.540436 1126.416260 353.057892
frame00158 0.414087 1103.490601 313.905396 1249.361084 372.857910
frame00159 0.273836 4.091902 250.764374 108.023682 297.768829
frame00159 0.656555 193.175262 287.642273 467.544617 384.280304
frame00159 0.368848 970.895630 312.381561 1125.747803 352.760986
frame00159 0.411570 1101.862549 314.020721 1249.503174 372.422119
frame00160 0.261709 4.266210 250.198837 108.207382 296.687988
frame00160 0.658263 179.935272 288.165924 455.815918 385.577362
frame00160 0.372645 968.865417 312.630524 1124.644653 352.682159
frame00160 0.404241 1098.144775 314.287689 1248.944824 372.546173
frame00161 0.230118 6.591444 249.698853 107.788727 295.063080
frame00161 0.686052 164.826126 290.932007 438.208649 386.190857
frame00161 0.347613 969.782227 313.379608 1120.980957 352.420776
frame00161 0.402813 1096.241211 315.824188 1249.612671 372.103027
frame00162 0.212460 5.584660 249.523956 108.065948 295.345917
frame00162 0.717614 152.579346 291.452454 434.153595 388.074707
frame00162 0.337851 969.901672 313.744476 1118.586182 351.752625
frame00162 0.408969 1094.942017 316.751190 1253.397339 372.286499
frame00163 0.705908 147.244080 291.278076 426.960815 388.182770
frame00163 0.346945 968.490723 314.032318 1119.590088 351.436554
frame00163 0.401286 1095.354492 316.831818 1252.640625 371.438690
frame00164 0.696635 128.774231 290.593719 415.508057 389.385864
frame00164 0.348189 967.642883 313.570068 1123.136963 352.124573
frame00164 0.393110 1090.829834 316.470123 1252.791992 371.878998
frame00165 0.689300 119.057693 294.309875 395.238312 389.681274
frame00165 0.350484 964.525269 314.416962 1122.546997 352.625641
frame00165 0.391189 1092.379883 317.513000 1250.957275 372.009094
frame00166 0.658545 111.269714 296.200165 379.395416 391.843231
frame00166 0.341564 964.642029 314.965424 1118.113770 352.876343
frame00166 0.396723 1089.907959 318.028931 1246.213257 372.513306
frame00167 0.668742 102.129227 297.256622 370.252747 393.847687
frame00167 0.360015 963.067322 315.089325 1114.578369 352.024414
frame00167 0.395716 1091.823730 318.564789 1244.513062 372.293732
frame00168 0.688810 91.090317 298.837494 362.375763 394.415955
frame00168 0.345412 962.453308 315.342407 1111.132324 352.746063
frame00168 0.391539 1090.852295 319.444977 1239.762695 373.445679
frame00169 0.712631 72.635513 299.497253 353.069214 397.208160
frame00169 0.343588 961.102783 315.014282 1110.583374 354.717499
frame00169 0.396039 1091.008423 320.036407 1239.996826 375.628571
frame00170 0.642832 54.778576 299.745544 350.360107 405.422150
frame00170 0.347424 957.569031 315.320679 1106.822754 356.108765
frame00170 0.411891 1092.603882 319.600220 1241.215332 376.897614
frame00171 0.408156 57.743378 299.655975 340.687225 416.115448
frame00171 0.364975 953.072632 315.697479 1108.473511 358.785736
frame00171 0.424291 1088.808838 318.305389 1244.913452 378.123505
frame00172 0.531911 22.788582 281.378571 266.575500 424.285095
frame00172 0.376329 949.111938 315.545380 1110.598022 361.261505
frame00172 0.424830 1086.260376 317.140106 1244.181641 377.180939
frame00173 0.569557 15.972738 282.735443 254.349594 429.026764
frame00173 0.374640 952.051147 315.254456 1114.741699 362.710205
frame00173 0.436613 1092.161987 316.813568 1247.493164 375.393555
frame00174 0.557331 15.107250 285.464386 242.014557 427.999268
frame00174 0.356031 951.087524 315.592743 1109.720703 362.039581
frame00174 0.443074 1092.313965 317.438232 1246.364380 375.198242
frame00175 0.621962 9.612942 286.270203 243.048065 428.129639
frame00175 0.357923 952.243042 316.743134 1109.712036 363.327576
frame00175 0.437657 1091.183594 318.581207 1244.674683 375.084564
frame00176 0.640334 1.594982 286.606750 227.048553 431.936249
frame00176 0.345726 949.949219 316.651306 1106.731079 364.096527
frame00176 0.440035 1091.673340 320.515717 1246.671875 375.123871
frame00177 0.646587 0.000000 284.455322 205.054596 435.955444
frame00177 0.335618 955.035400 316.115570 1118.883789 366.599640
frame00177 0.427234 1089.544800 321.360840 1247.082031 374.448517
frame00178 0.658621 0.000000 287.928192 187.667664 440.936066
frame00178 0.319873 954.555603 316.823975 1111.046875 366.588226
frame00178 0.427495 1088.238037 322.799866 1246.384399 374.538788
frame00179 0.271456 199.395981 242.989807 358.365967 293.840546
frame00179 0.582086 0.000000 294.160492 173.805298 436.629639
frame00179 0.323900 956.196411 317.205109 1108.979492 365.514069
frame00179 0.438701 1088.502563 320.816925 1249.444214 373.313751
frame00180 0.201593 195.054047 244.128830 354.869446 298.578217
frame00180 0.579999 0.000000 293.610077 159.641205 431.972687
frame00180 0.342493 955.400024 316.567963 1114.020630 366.221191
frame00180 0.439054 1089.041992 321.342072 1253.050415 372.858521
frame00181 0.220660 199.630859 244.872803 357.685822 294.756653
frame00181 0.463488 0.000000 299.026855 124.461121 428.639404
frame00181 0.330029 954.828430 316.876801 1113.575806 365.570923
frame00181 0.436254 1084.060303 321.703430 1252.362183 371.969421
frame00182 0.222514 201.842072 244.464172 353.731140 292.722076
frame00182 0.423011 0.000000 303.628632 105.977081 423.445007
frame00182 0.325893 953.925171 317.071869 1115.069336 366.829468
frame00182 0.430143 1081.922241 321.903320 1252.677856 372.446869
frame00183 0.273466 215.385376 243.116302 355.494629 288.475220
frame00183 0.257816 0.000000 306.982208 99.919373 412.791718
frame00183 0.322785 954.697876 317.870392 1114.447754 364.366089
frame00183 0.429067 1084.387329 320.181732 1253.038208 371.011505
frame00184 0.358980 956.041199 317.618622 1121.996216 361.878143
frame00184 0.432613 1085.911377 315.904449 1252.903809 371.167297
frame00185 0.239770 21.575851 252.133499 103.644241 284.252808
frame00185 0.343560 953.950806 317.883972 1115.236328 359.893585
frame00185 0.441906 1088.353149 315.790192 1251.276245 371.378021
frame00186 0.235165 22.521410 252.330032 103.768158 284.021515
frame00186 0.332972 956.982788 317.950958 1115.114624 359.221039
frame00186 0.438945 1093.432373 316.117523 1251.532471 370.367004
frame00187 0.252619 20.518131 251.353394 104.046364 284.325287
frame00187 0.343008 956.592957 317.415009 1119.945923 360.478973
frame00187 0.444774 1094.647339 315.655762 1254.715820 370.395844
frame00188 0.256369 19.649940 251.026413 104.048981 283.819458
frame00188 0.342458 955.620422 316.933502 1120.212402 360.601929
frame00188 0.459070 1094.002441 315.454987 1256.024048 371.218536
frame00189 0.215021 24.094313 253.167343 103.687202 284.152313
frame00189 0.351432 956.366821 317.673828 1114.723633 359.049377
frame00189 0.455368 1091.169189 315.033875 1257.262939 370.855835
