frame00000 0.425598 928.553223 316.125519 1119.885132 371.021271
frame00000 0.418491 1070.992188 314.553711 1251.886475 386.852997
frame00001 0.402076 929.879272 315.387695 1115.952148 370.481293
frame00001 0.446165 1071.090454 314.472565 1256.237915 387.014923
frame00002 0.398253 928.990601 315.913422 1109.648193 370.897919
frame00002 0.448270 1074.173828 315.849121 1255.984863 387.237091
frame00003 0.395570 928.678955 316.889221 1107.741455 370.597687
frame00003 0.441186 1070.721191 316.121216 1250.689941 387.696289
frame00004 0.418828 929.828003 316.674011 1114.205566 370.074493
frame00004 0.428266 1071.244995 315.436493 1250.861084 386.432709
frame00005 0.412340 929.279785 316.923523 1112.387451 370.197540
frame00005 0.435223 1072.048218 315.874329 1251.229614 386.927094
frame00006 0.426214 930.129883 317.176025 1110.154907 370.372864
frame00006 0.413767 1070.620605 315.867310 1246.769043 386.009949
frame00007 0.431551 926.894775 316.183472 1107.236816 370.313110
frame00007 0.436298 1073.840698 315.520721 1252.281372 386.569092
frame00008 0.229087 445.564087 300.262817 602.865051 346.405609
frame00008 0.439463 925.052124 315.624146 1108.856934 371.327026
frame00008 0.430054 1073.078369 315.181519 1253.066895 386.401123
frame00009 0.213924 443.420593 300.507660 601.829590 347.144867
frame00009 0.435492 925.363037 315.913116 1105.121948 370.915833
frame00009 0.437822 1074.866455 315.397339 1253.333862 386.486267
frame00010 0.230109 450.700012 300.128754 601.796509 344.418243
frame00010 0.436722 924.043518 315.655762 1106.718384 372.245026
frame00010 0.425003 1072.485962 315.007904 1251.823242 387.645630
frame00011 0.230010 447.441833 300.105957 603.336060 345.785675
frame00011 0.416006 929.954834 316.292572 1107.828613 371.346588
frame00011 0.422290 1072.360107 315.963989 1251.288818 386.645508
frame00012 0.423978 927.384277 316.926239 1102.195312 370.377777
frame00012 0.414774 1072.599121 315.427612 1250.615112 386.136688
frame00013 0.211300 443.092102 299.790344 605.380310 347.175751
frame00013 0.437675 927.753906 316.811432 1102.167847 370.358429
frame00013 0.403945 1077.424438 316.065063 1251.307251 385.617157
frame00014 0.427782 928.924866 317.330750 1101.668701 370.149597
frame00014 0.420243 1074.586182 316.484772 1249.638916 386.027222
frame00015 0.221445 444.521667 299.725189 604.406250 347.151093
frame00015 0.421400 928.369751 316.848419 1103.443604 370.816162
frame00015 0.424021 1072.559937 316.028839 1250.626221 385.948242
frame00016 0.214656 444.772644 300.391357 604.049438 346.954895
frame00016 0.426174 927.819336 316.955322 1103.745239 370.491913
frame00016 0.422184 1072.961304 316.124603 1250.552002 385.937042
frame00017 0.221188 445.624664 299.823029 605.405823 346.542694
frame00017 0.429404 926.640930 316.121063 1103.125000 370.790863
frame00017 0.421187 1076.262817 315.394318 1254.334595 386.009094
frame00018 0.222243 448.207123 299.922668 605.409912 346.945099
frame00018 0.433102 925.964966 315.789032 1102.159424 371.138336
frame00018 0.419940 1079.307251 315.415497 1256.244873 385.903870
frame00019 0.211947 190.125885 254.828217 307.688599 296.146210
frame00019 0.424820 928.571777 317.621368 1100.606934 369.688660
frame00019 0.404213 1075.246826 316.503571 1250.368042 384.411102
frame00020 0.225101 447.253693 300.239288 603.522522 345.917664
frame00020 0.399234 929.555664 316.814301 1106.472900 371.457062
frame00020 0.428255 1072.165527 316.574036 1252.026855 386.494781
frame00021 0.215093 442.369049 300.065491 604.439148 347.455811
frame00021 0.431076 927.618958 316.911713 1107.573608 371.009369
frame00021 0.422723 1074.083740 316.280365 1251.654785 385.960693
frame00022 0.229904 446.465302 300.411346 603.424316 346.488373
frame00022 0.425974 927.561768 316.635834 1108.462158 371.516235
frame00022 0.428276 1072.787109 316.221191 1252.533203 386.513611
frame00023 0.236494 446.899963 300.217041 602.095825 345.139282
frame00023 0.448826 925.449829 316.125122 1109.585693 371.401917
frame00023 0.419232 1073.508545 315.660370 1251.220825 386.706604
frame00024 0.269793 453.410278 299.461182 605.492432 343.948456
frame00024 0.430958 925.604553 314.993958 1111.026123 372.304565
frame00024 0.430807 1072.437622 314.737457 1254.684326 387.262909
frame00025 0.240761 450.696350 298.761139 608.640991 345.144562
frame00025 0.435358 923.941162 314.208496 1108.087036 372.310181
frame00025 0.431965 1073.652954 313.968994 1256.304932 388.160370
frame00026 0.247064 452.068176 298.501343 608.792664 345.170197
frame00026 0.439916 925.572815 313.882050 1112.102051 372.879578
frame00026 0.430197 1072.698120 313.862030 1257.369141 388.015015
frame00027 0.261790 455.009949 298.803375 607.760742 343.803925
frame00027 0.417569 928.663940 314.082214 1111.622192 372.547241
frame00027 0.430018 1071.108765 314.314606 1255.872070 388.328125
frame00028 0.227311 447.776642 301.908722 603.736511 346.254486
frame00028 0.408182 929.800049 315.741547 1118.108765 370.711060
frame00028 0.432170 1066.828369 315.156006 1252.137817 385.753418
frame00029 0.214980 442.534485 302.271210 600.067993 346.969757
frame00029 0.404870 930.515381 315.742645 1119.262573 369.823975
frame00029 0.440052 1072.093750 315.278381 1254.645874 384.506989
frame00030 0.242397 449.680634 301.395630 604.960938 346.861847
frame00030 0.408846 931.968445 314.924194 1118.106812 370.753632
frame00030 0.440090 1073.961914 315.417542 1258.196777 385.430420
frame00031 0.231523 445.344910 300.809387 606.982910 348.008759
frame00031 0.409936 930.578003 314.287292 1115.191650 370.185883
frame00031 0.443099 1074.725586 314.531586 1260.153564 385.853119
frame00032 0.215344 447.406616 301.152466 608.289124 348.038330
frame00032 0.397161 932.723999 314.783875 1115.920532 371.169739
frame00032 0.444268 1072.602051 315.067841 1258.681152 386.803711
frame00033 0.220954 448.416412 301.664734 607.278259 347.778168
frame00033 0.393397 932.227905 314.972687 1115.736328 371.658905
frame00033 0.449239 1072.531738 315.764709 1260.188110 387.321198
frame00034 0.219345 443.137482 301.506165 606.906799 348.992157
frame00034 0.407570 931.710754 314.958344 1118.649536 371.603546
frame00034 0.439115 1075.055420 315.516022 1260.539185 386.997711
frame00035 0.239552 449.775543 301.295593 608.481079 347.502014
frame00035 0.411308 930.586548 314.764526 1115.551758 371.711609
frame00035 0.434879 1076.387573 315.585541 1260.996582 387.066162
frame00036 0.246056 450.538025 301.248474 607.686768 346.696075
frame00036 0.390561 932.598206 314.535706 1115.678345 371.823608
frame00036 0.442633 1072.965332 315.001984 1259.779663 387.919525
frame00037 0.243905 451.013153 301.835724 607.191589 346.881287
frame00037 0.384209 933.396240 315.036896 1115.890259 371.535828
frame00037 0.446299 1073.286011 315.904022 1261.112427 387.217896
frame00038 0.276374 456.481384 299.906311 611.113525 346.247589
frame00038 0.381866 933.758423 314.178894 1115.106934 372.677551
frame00038 0.448911 1071.609741 315.014862 1260.948120 388.140411
frame00039 0.293865 457.788330 299.622467 611.657715 345.935120
frame00039 0.395513 933.577637 314.066681 1115.142090 372.262878
frame00039 0.443408 1072.932861 315.066833 1260.723877 387.705170
frame00040 0.305654 458.218048 299.958740 610.280640 345.397980
frame00040 0.396667 932.488098 314.323273 1113.374756 372.240021
frame00040 0.441724 1072.191895 315.178497 1260.144653 388.058990
frame00041 0.332845 459.801514 298.991577 610.574585 344.729797
frame00041 0.413118 930.434570 314.061401 1114.422363 372.909027
frame00041 0.434814 1075.174927 315.084961 1260.470093 387.734589
frame00042 0.315735 456.956451 299.272003 612.091187 346.125458
frame00042 0.417240 930.344910 313.959991 1114.829468 373.164581
frame00042 0.433932 1073.787354 314.515472 1262.038818 388.327484
frame00043 0.309753 461.434479 300.098969 609.009766 344.020721
frame00043 0.404969 933.898315 314.009613 1122.433838 373.791504
frame00043 0.425389 1074.279663 315.082123 1261.687622 388.037415
frame00044 0.275188 457.539917 301.573364 608.658997 344.616638
frame00044 0.402980 932.623596 314.631195 1116.756104 371.865906
frame00044 0.437553 1075.557739 315.293640 1261.197144 388.090332
frame00045 0.273667 455.562195 302.772461 606.549438 345.478668
frame00045 0.360585 934.539490 314.934601 1117.978638 371.361420
frame00045 0.450605 1070.122803 315.782593 1260.286499 388.244354
frame00046 0.283592 452.753357 301.277954 609.288574 346.770111
frame00046 0.372153 936.366821 315.031250 1117.914551 371.567230
frame00046 0.441641 1071.860596 316.068176 1259.242432 388.024780
frame00047 0.329379 458.633270 302.414337 607.330627 345.046539
frame00047 0.378774 933.742310 315.383820 1119.870361 371.792023
frame00047 0.435093 1069.082275 316.247589 1258.043457 387.227997
frame00048 0.337666 457.843658 302.272308 608.514587 346.128815
frame00048 0.386660 936.242737 316.028687 1119.999756 371.594666
frame00048 0.430872 1070.270752 317.129211 1257.196289 386.128021
frame00049 0.342006 461.339478 303.111603 608.255005 345.675171
frame00049 0.381198 933.960510 316.160187 1112.802612 371.127136
frame00049 0.420679 1072.553833 317.324768 1256.312744 386.106812
frame00050 0.363719 463.113403 302.433716 610.552490 345.195557
frame00050 0.392645 934.747864 315.699615 1115.358032 371.358826
frame00050 0.409634 1073.388794 317.011108 1256.832153 385.836121
frame00051 0.339927 460.442871 300.020966 616.276550 346.884430
frame00051 0.410998 933.096313 315.035583 1111.348999 371.489044
frame00051 0.416462 1076.202271 315.916565 1257.796997 386.425262
frame00052 0.303503 460.094849 300.165924 614.720581 346.182343
frame00052 0.396013 932.891785 314.947418 1107.557129 370.927368
frame00052 0.433167 1077.434082 315.681030 1259.120361 387.281281
frame00053 0.303801 462.208435 301.242218 613.267700 345.246368
frame00053 0.397986 932.338013 314.484497 1112.652710 371.342316
frame00053 0.425313 1077.126465 315.511719 1260.070312 387.421539
frame00054 0.295089 461.776062 302.780640 611.615112 345.744476
frame00054 0.403953 932.986206 315.384247 1113.255859 370.984039
frame00054 0.418218 1076.634766 316.477112 1259.174927 386.405090
frame00055 0.288249 460.557800 301.979950 614.603821 345.317535
frame00055 0.413503 931.759094 315.128235 1116.032471 371.430084
frame00055 0.404527 1075.897339 315.279663 1257.710571 385.860992
frame00056 0.317977 466.502686 302.155304 614.111694 344.172943
frame00056 0.402492 931.820618 314.893555 1113.686157 371.829926
frame00056 0.404790 1078.804199 315.816559 1259.489014 385.962402
frame00057 0.306533 459.319489 301.513153 613.446716 347.193512
frame00057 0.411653 930.797058 315.123932 1109.415039 370.862762
frame00057 0.419450 1077.223022 315.855621 1259.014404 385.744019
frame00058 0.334889 463.898346 299.609528 612.228271 345.097809
frame00058 0.402333 934.479858 314.564423 1111.132568 371.820953
frame00058 0.410531 1077.533447 316.006836 1258.080566 386.575897
frame00059 0.384724 464.151031 298.534790 614.954407 346.556519
frame00059 0.403945 934.894348 313.771820 1113.008301 372.480286
frame00059 0.419602 1074.937500 315.263000 1259.578369 386.033295
frame00060 0.423083 465.709961 299.136871 614.402100 346.119873
frame00060 0.423460 932.322266 313.281891 1117.790771 372.857666
frame00060 0.410165 1074.975586 314.966278 1261.841553 386.058899
frame00061 0.429167 466.370392 298.686615 615.248779 346.104797
frame00061 0.411180 933.978271 312.930420 1116.669312 372.602600
frame00061 0.412691 1075.760742 314.893799 1262.065186 385.811829
frame00062 0.200680 198.593979 255.849655 315.209686 297.851257
frame00062 0.418941 468.475159 298.606750 614.374756 345.310791
frame00062 0.412061 934.650269 312.264313 1120.045898 373.313965
frame00062 0.411223 1073.249878 314.065613 1262.353882 386.241486
frame00063 0.421416 469.169067 299.939362 613.237427 344.855713
frame00063 0.408097 933.206482 313.494507 1116.518311 372.674927
frame00063 0.409434 1075.473633 315.361786 1261.248779 386.175568
frame00064 0.210467 198.968353 255.626282 313.494446 297.134521
frame00064 0.428322 467.685577 299.634735 611.931213 346.020477
frame00064 0.398588 935.904602 313.723755 1115.625488 372.556122
frame00064 0.408551 1075.759521 315.953705 1260.045776 385.324463
frame00065 0.422769 467.294647 299.650208 612.328979 345.550995
frame00065 0.415374 933.458984 314.104248 1114.093262 372.356354
frame00065 0.402220 1076.435669 315.784393 1258.897095 385.331726
frame00066 0.427708 471.518555 300.696045 608.232483 343.717499
frame00066 0.401939 936.340820 314.688232 1116.781128 372.512238
frame00066 0.394677 1073.217651 316.825836 1256.404907 385.191528
frame00067 0.414790 471.075073 300.137817 604.144897 342.096161
frame00067 0.390765 934.935303 315.004303 1110.526611 372.258606
frame00067 0.407260 1073.867310 317.316650 1256.054199 386.442017
frame00068 0.465995 480.064453 301.434601 602.418945 340.677460
frame00068 0.390041 931.587158 315.197205 1105.869629 373.501587
frame00068 0.408409 1075.273315 317.611755 1254.953003 387.446198
frame00069 0.475232 478.112030 302.218689 598.326355 339.230255
frame00069 0.389072 927.450073 315.118561 1108.401367 372.995148
frame00069 0.412874 1072.388794 317.561462 1255.370361 386.808624
frame00070 0.480395 475.484558 301.634369 595.719482 339.790314
frame00070 0.406211 929.540039 315.860809 1111.380127 372.568359
frame00070 0.399519 1071.056641 318.238312 1251.428955 385.290955
frame00071 0.474340 475.397675 301.137421 594.768188 339.770416
frame00071 0.416018 929.025635 315.812439 1109.667847 373.003601
frame00071 0.387636 1070.333740 318.047119 1248.698975 385.772888
frame00072 0.460967 468.838776 300.682434 596.146667 342.375427
frame00072 0.412674 929.224243 315.053741 1103.673584 372.139648
frame00072 0.397581 1072.603638 317.477966 1250.214600 384.766449
frame00073 0.487518 465.512451 301.169342 593.241028 341.534973
frame00073 0.432161 927.041748 315.530487 1107.760132 372.169769
frame00073 0.400095 1078.406006 318.085175 1253.921265 384.718170
frame00074 0.494245 466.133789 300.838867 589.735779 341.090424
frame00074 0.416137 929.921814 316.708954 1108.138184 372.414429
frame00074 0.378830 1074.718140 319.286377 1247.125732 384.071991
frame00075 0.497307 467.053070 300.415405 592.418091 341.428955
frame00075 0.409821 929.517212 316.690186 1105.265137 372.233368
frame00075 0.376877 1072.277344 319.062531 1246.397461 384.735046
frame00076 0.528901 465.283386 300.251251 594.732178 343.508636
frame00076 0.409985 927.922852 315.917145 1099.935913 371.210205
frame00076 0.374832 1074.686523 318.864838 1246.208496 383.937134
frame00077 0.516780 465.964294 300.999298 591.929871 341.897797
frame00077 0.420587 928.065491 316.062073 1105.227661 371.463074
frame00077 0.389216 1073.043335 318.774963 1248.760376 384.472015
frame00078 0.531761 465.225800 300.439453 593.615356 344.065094
frame00078 0.411615 929.117554 315.863556 1104.672852 371.785706
frame00078 0.379904 1075.148438 319.163116 1248.366089 383.461060
frame00079 0.535271 464.101379 301.273438 591.461121 343.154144
frame00079 0.402488 927.637695 316.630341 1102.101196 371.923859
frame00079 0.377511 1074.155762 319.719818 1246.722412 383.638123
frame00080 0.525237 461.054382 300.745209 589.451294 343.385651
frame00080 0.407156 930.015015 316.115173 1108.833740 372.420166
frame00080 0.375487 1073.320923 319.061584 1246.526611 383.454407
frame00081 0.523366 461.634094 300.032166 589.773071 342.266846
frame00081 0.415749 925.969910 315.206146 1105.189331 372.305359
frame00081 0.391831 1074.194214 318.057587 1249.635254 384.212067
frame00082 0.522686 462.010010 301.116852 587.451538 341.441803
frame00082 0.393265 927.988037 315.860931 1103.934814 371.461060
frame00082 0.388954 1071.333252 318.908234 1246.288452 384.047729
frame00083 0.508575 458.094727 300.859833 587.390747 342.388123
frame00083 0.417670 925.214172 315.107391 1105.952515 371.154724
frame00083 0.388382 1073.898926 317.954102 1248.958984 383.205536
frame00084 0.526265 459.662231 301.931671 585.572266 341.840729
frame00084 0.384127 927.089844 316.053497 1103.395264 371.598267
frame00084 0.404189 1071.336792 319.140656 1247.085083 383.570740
frame00085 0.517120 457.051636 301.618164 586.502136 343.395050
frame00085 0.414705 927.308289 315.456543 1106.910767 371.449341
frame00085 0.393582 1072.718628 318.354553 1247.940186 383.027466
frame00086 0.536068 460.200500 302.028656 586.301941 342.506775
frame00086 0.432384 923.844543 314.930695 1107.059692 372.066193
frame00086 0.395373 1075.901733 318.219238 1249.928467 383.438293
frame00087 0.524912 457.068481 301.434326 587.443909 343.379517
frame00087 0.420383 925.381531 314.595001 1102.767700 371.349609
frame00087 0.394461 1076.742065 317.722565 1249.177856 383.553833
frame00088 0.516139 457.340820 300.770813 587.878357 343.653473
frame00088 0.429516 926.716003 314.062958 1109.721802 371.238495
frame00088 0.387843 1072.269897 316.835846 1248.457275 383.189392
frame00089 0.532453 458.619965 300.982727 590.492126 344.369293
frame00089 0.415141 927.328369 313.883942 1110.872070 371.148163
frame00089 0.406201 1071.920898 316.796021 1251.180176 382.919708
frame00090 0.509940 459.046814 301.581085 586.903137 342.632477
frame00090 0.397347 928.970825 314.432343 1107.962036 370.791504
frame00090 0.409638 1072.861450 317.696838 1249.918213 383.379547
frame00091 0.524324 457.634583 301.073578 587.429077 343.282288
frame00091 0.386624 928.933655 314.021759 1106.773804 370.994385
frame00091 0.417708 1075.747559 317.641541 1252.790405 383.240326
frame00092 0.527402 457.673584 301.549866 584.569397 342.348572
frame00092 0.408363 925.097107 313.599609 1102.098145 370.229462
frame00092 0.417057 1075.682861 316.972504 1250.816162 383.286804
frame00093 0.543361 457.759766 301.744659 582.832397 342.849304
frame00093 0.407074 924.055237 313.527374 1099.699829 370.427521
frame00093 0.416982 1075.902222 317.061920 1250.231812 383.364136
frame00094 0.544432 449.630798 302.416534 578.979187 343.838135
frame00094 0.410702 925.226929 314.577362 1101.931152 369.396576
frame00094 0.406911 1075.284912 317.905243 1245.738647 381.476593
frame00095 0.569279 447.365112 302.031982 580.539490 344.720032
frame00095 0.416423 926.225891 314.647308 1103.094482 369.212158
frame00095 0.402102 1076.152222 318.132721 1245.521118 381.184906
frame00096 0.574324 450.090363 300.927429 580.661682 344.227722
frame00096 0.442738 922.986450 313.166412 1101.508667 369.824646
frame00096 0.407259 1081.951172 317.031097 1251.850464 381.638641
frame00097 0.527726 449.998596 302.016296 576.014465 342.501801
frame00097 0.417163 927.849792 314.161377 1106.328857 369.264648
frame00097 0.403852 1076.106567 317.899048 1247.120972 380.811523
frame00098 0.561537 447.916595 302.577820 572.950500 342.704346
frame00098 0.405305 930.483459 314.048218 1112.772705 369.581573
frame00098 0.407661 1077.796265 318.405670 1248.565430 380.178619
frame00099 0.588274 444.847656 302.963654 570.867798 343.511047
frame00099 0.377089 932.909485 314.008545 1114.758179 370.285980
frame00099 0.399383 1075.394531 318.745667 1246.099609 380.163513
frame00100 0.614902 442.691193 304.350769 568.979797 344.883057
frame00100 0.370630 932.519653 314.487762 1110.613037 369.577759
frame00100 0.408593 1080.294678 320.055237 1247.960449 379.635406
frame00101 0.598173 440.072479 303.020782 569.892212 345.345947
frame00101 0.399331 928.868896 313.816010 1113.672852 369.827820
frame00101 0.410929 1080.136108 318.766022 1249.999878 379.992279
frame00102 0.581787 439.167023 303.403625 568.831543 345.630096
frame00102 0.402120 925.740295 313.776642 1107.693970 368.930084
frame00102 0.420736 1081.312134 318.437561 1250.787598 380.851501
frame00103 0.580161 438.417053 301.991058 570.844666 346.512207
frame00103 0.401977 928.261414 312.720673 1105.943359 368.951630
frame00103 0.418214 1083.249268 318.082581 1252.950684 380.602509
frame00104 0.540788 434.586334 301.931213 565.797729 346.512909
frame00104 0.375686 931.933899 312.691376 1106.366089 368.826691
frame00104 0.425321 1082.490356 318.397980 1251.894409 380.737366
frame00105 0.550958 433.864685 302.279907 564.254639 345.806915
frame00105 0.382429 929.542908 313.062042 1104.007935 368.617157
frame00105 0.423820 1082.316895 318.662445 1250.378906 380.803772
frame00106 0.527265 432.122833 302.448029 561.442383 344.900146
frame00106 0.416594 926.973572 312.812317 1101.725830 367.214355
frame00106 0.428264 1083.280029 317.728760 1251.298096 380.883087
frame00107 0.570610 428.867432 303.445007 559.680298 346.593475
frame00107 0.412251 926.774902 313.547852 1104.398682 367.841919
frame00107 0.416662 1085.484863 319.056854 1249.844727 379.420868
frame00108 0.559581 429.308807 302.932281 559.849976 345.996704
frame00108 0.409088 926.478516 313.128693 1100.123657 366.739685
frame00108 0.423934 1083.636475 318.366119 1249.584473 380.063904
frame00109 0.558338 427.934753 301.988220 558.236938 345.187927
frame00109 0.406208 928.156128 312.689026 1100.964111 367.058960
frame00109 0.429045 1084.135498 318.378693 1250.013428 380.247253
frame00110 0.570458 427.476379 302.349365 554.746033 343.791718
frame00110 0.410553 927.649536 312.512726 1102.134277 366.491364
frame00110 0.428400 1084.249756 318.290039 1249.844604 379.888611
frame00111 0.593410 422.506409 302.540802 555.168396 345.698425
frame00111 0.412515 927.267212 312.821838 1107.070435 367.462769
frame00111 0.420458 1083.496338 318.711548 1248.646362 379.034454
frame00112 0.592513 420.324982 303.636505 547.113281 344.060150
frame00112 0.416107 926.274963 313.212097 1109.488892 367.366577
frame00112 0.414598 1082.232056 319.268951 1245.852661 377.944702
frame00113 0.558290 419.925079 303.617157 546.724243 343.479034
frame00113 0.422198 923.133667 314.172241 1100.272705 366.673370
frame00113 0.416501 1081.826416 319.762756 1243.505981 378.486084
frame00114 0.557968 415.234650 303.816284 545.624817 344.897339
frame00114 0.411008 922.619324 314.743378 1097.151489 366.811920
frame00114 0.421441 1080.489624 319.939178 1241.764404 379.448792
frame00115 0.576953 409.084595 303.107605 547.751587 347.287018
frame00115 0.414263 924.909668 314.987793 1102.678101 367.130890
frame00115 0.395978 1078.147339 319.704224 1237.633179 378.739319
frame00116 0.578629 406.372925 303.940857 545.027710 347.101929
frame00116 0.433177 923.313599 316.268250 1103.357178 367.359650
frame00116 0.370665 1078.230591 320.546143 1233.522705 378.593933
frame00117 0.600023 409.581177 304.626495 540.609802 345.294342
frame00117 0.426014 921.983704 315.978455 1101.128662 367.362457
frame00117 0.388415 1079.209106 320.810730 1236.026855 379.039703
frame00118 0.580441 402.767700 302.328766 543.904114 346.417267
frame00118 0.430251 922.776367 315.235229 1100.534912 367.154114
frame00118 0.393417 1082.993774 320.253143 1238.257446 378.963562
frame00119 0.596600 400.285461 302.145447 546.771606 348.086823
frame00119 0.438240 922.668518 315.823425 1100.911011 366.667572
frame00119 0.392108 1081.080933 320.387085 1236.334351 378.836731
frame00120 0.604836 397.698975 302.475281 544.427734 348.625885
frame00120 0.425004 925.297180 315.717133 1101.007568 366.701752
frame00120 0.404469 1083.394653 320.813690 1237.254150 378.206757
frame00121 0.596961 393.095581 302.835144 540.473389 348.619537
frame00121 0.419457 926.200073 315.818817 1100.332031 366.134705
frame00121 0.398804 1085.252930 320.846283 1235.700684 377.858826
frame00122 0.607014 393.482300 303.235931 541.984802 348.817963
frame00122 0.408545 924.575806 316.185272 1095.258667 365.640656
frame00122 0.405727 1083.622070 320.906677 1235.026367 378.604950
frame00123 0.606500 388.212585 304.626862 538.767090 349.745056
frame00123 0.416060 922.465515 316.016693 1098.626221 365.422180
frame00123 0.410951 1086.236328 320.431580 1238.785156 378.443298
frame00124 0.571983 384.060181 305.204498 531.843201 348.593445
frame00124 0.428576 922.480225 316.061981 1103.371948 365.847382
frame00124 0.396749 1083.064941 319.439301 1235.343872 378.257477
frame00125 0.559951 379.067108 304.882935 522.020691 347.310577
frame00125 0.378849 925.493164 316.556396 1096.561768 364.678680
frame00125 0.406124 1082.557251 320.477753 1231.042603 377.737732
frame00126 0.550135 376.361542 304.605072 519.958374 347.670197
frame00126 0.402191 921.372375 315.608154 1095.104980 364.398682
frame00126 0.408617 1086.949585 319.282074 1236.081055 378.679321
frame00127 0.528769 371.845856 303.819519 519.130249 348.464020
frame00127 0.420036 922.646790 315.338165 1099.327393 364.156738
frame00127 0.410545 1089.455811 318.658051 1236.851929 377.958557
frame00128 0.521967 372.191162 305.649719 515.017456 348.101685
frame00128 0.435137 921.095520 315.875763 1100.957397 364.684326
frame00128 0.408546 1094.506714 319.188049 1239.860352 377.546082
frame00129 0.510951 369.052063 306.122803 513.653442 348.798370
frame00129 0.419427 922.769653 316.589325 1096.281616 363.905945
frame00129 0.413220 1095.416504 319.787628 1238.836792 377.116028
frame00130 0.516320 366.660034 305.618774 510.289886 347.707947
frame00130 0.427245 922.406494 316.907074 1094.923096 363.974091
frame00130 0.401014 1094.673706 320.138458 1235.835693 377.445435
frame00131 0.564315 357.837219 304.066040 509.374237 349.736969
frame00131 0.389346 926.801758 317.244843 1097.352905 364.098328
frame00131 0.388726 1090.298096 321.064697 1230.038086 377.537872
frame00132 0.562116 360.065033 304.889435 508.948181 349.237427
frame00132 0.405330 923.429077 315.751312 1099.716187 364.375183
frame00132 0.404969 1089.487061 319.142822 1234.761230 377.896088
frame00133 0.550919 354.921021 303.925079 505.652405 348.873535
frame00133 0.426070 923.320862 314.892059 1107.265869 364.699280
frame00133 0.393182 1089.245728 318.320007 1235.242188 377.502075
frame00134 0.559678 351.778229 303.659149 506.394226 349.056549
frame00134 0.387987 924.879028 314.189209 1100.278076 363.524841
frame00134 0.418311 1089.066895 318.030518 1236.135864 378.139679
frame00135 0.570283 344.550842 304.476471 505.635681 350.989868
frame00135 0.395363 926.001709 316.076233 1100.490479 363.803101
frame00135 0.387358 1090.846069 319.540497 1232.490356 377.478516
frame00136 0.540956 335.663025 304.720093 499.475983 353.314362
frame00136 0.416256 922.000488 317.223328 1097.613159 362.307526
frame00136 0.394609 1091.679688 319.841888 1234.601807 377.869049
frame00137 0.528906 330.072937 305.028290 497.021332 354.436890
frame00137 0.423071 922.364197 317.334656 1097.085083 361.919861
frame00137 0.408235 1096.221191 319.680725 1238.009277 377.770569
frame00138 0.530936 325.763184 304.918274 496.291656 354.941223
frame00138 0.419825 922.739746 317.599915 1100.348022 361.759216
frame00138 0.406158 1096.958252 319.764191 1239.167847 377.137085
frame00139 0.555924 321.040497 306.378937 488.574890 354.901367
frame00139 0.378026 925.457520 318.346588 1100.661377 362.062012
frame00139 0.417099 1089.323486 320.250427 1234.865112 378.254211
frame00140 0.558700 314.287994 307.853149 486.339844 357.819000
frame00140 0.390187 924.132629 319.021729 1104.117065 362.418671
frame00140 0.417118 1093.435547 320.828522 1238.547485 377.942810
frame00141 0.566778 312.423523 306.850555 479.358093 355.662323
frame00141 0.379591 925.449158 318.643524 1107.036011 362.832062
frame00141 0.416862 1092.931885 320.666382 1237.643311 378.132172
frame00142 0.550832 309.198242 307.007629 476.096558 356.980316
frame00142 0.408521 923.241821 318.537476 1103.694702 361.981659
frame00142 0.416123 1095.666748 320.673370 1238.971313 378.216888
frame00143 0.546485 307.986267 307.412018 475.274841 356.627228
frame00143 0.416747 923.503723 317.726471 1107.922485 362.186279
frame00143 0.426171 1095.750244 320.223999 1241.282227 379.629944
frame00144 0.532345 299.953217 306.436493 469.893250 356.653625
frame00144 0.393448 927.123535 318.148346 1108.609497 360.960693
frame00144 0.419663 1093.819336 319.833069 1239.579590 380.105408
frame00145 0.491280 291.540039 308.183746 463.702118 359.845764
frame00145 0.422243 927.869812 318.671478 1118.847168 361.641205
frame00145 0.410098 1095.516357 319.711761 1242.632080 380.500732
frame00146 0.475019 291.471283 308.001190 458.442413 358.163574
frame00146 0.408666 932.091553 319.433167 1115.180054 361.377289
frame00146 0.384647 1098.560669 321.036255 1239.251221 380.256683
frame00147 0.454539 291.904327 308.382904 459.122437 360.304626
frame00147 0.430561 935.024902 318.072998 1121.277100 361.232056
frame00147 0.411113 1101.229492 320.423309 1246.647339 381.508698
frame00148 0.513247 290.403290 307.806702 467.141785 360.066376
frame00148 0.404304 935.921875 317.984772 1112.093140 358.814453
frame00148 0.409820 1109.701660 321.208191 1246.638306 378.755676
frame00149 0.472881 285.779846 306.641632 458.843353 359.995148
frame00149 0.416001 936.839722 317.765625 1116.172852 359.097595
frame00149 0.401973 1109.764160 320.715027 1248.338501 379.359283
frame00150 0.370542 284.642395 308.354797 456.273132 362.685822
frame00150 0.418647 940.394043 318.701813 1113.521851 357.627197
frame00150 0.404667 1110.518799 321.189697 1248.548828 379.608032
frame00151 0.405755 261.080933 305.650269 460.466003 369.855804
frame00151 0.420166 942.125916 318.531677 1110.682495 357.096100
frame00151 0.412540 1110.729614 320.411438 1249.842407 379.421631
frame00152 0.491408 254.431534 305.135468 464.887695 370.499115
frame00152 0.408791 951.541443 318.076416 1117.813110 356.656860
frame00152 0.401227 1110.026367 319.874176 1248.925415 377.607147
frame00153 0.542875 249.318665 303.772186 463.786743 370.452332
frame00153 0.396557 952.622131 317.846649 1112.987183 356.186554
frame00153 0.405468 1111.260254 320.411285 1249.589600 378.121216
frame00154 0.625918 243.209351 300.319946 465.076324 373.740540
frame00154 0.415237 945.634216 316.824646 1111.133667 356.154083
frame00154 0.423383 1106.169678 319.069031 1252.751953 380.907013
frame00155 0.639120 233.018219 300.053925 456.592682 374.587006
frame00155 0.400482 948.111267 316.204742 1110.100220 354.911255
frame00155 0.437660 1099.638916 318.812347 1252.754883 379.160492
frame00156 0.658389 226.545105 298.857300 450.867249 376.099854
frame00156 0.425069 945.289307 315.185516 1113.278931 354.492340
frame00156 0.437038 1098.282715 317.321686 1253.645996 379.870239
frame00157 0.662946 220.510101 298.259155 438.034302 375.530121
frame00157 0.401966 944.505615 315.332153 1108.562988 354.895386
frame00157 0.436218 1097.869507 317.812042 1252.902588 378.751434
frame00158 0.655650 210.640686 297.272217 425.823944 377.110352
frame00158 0.385743 944.514832 316.350647 1098.201538 353.077698
frame00158 0.448160 1094.900146 318.701630 1248.256958 376.238434
frame00159 0.652053 203.464996 297.619843 422.121307 377.714630
frame00159 0.400086 943.444214 316.846497 1100.083496 354.136536
frame00159 0.442774 1094.921387 318.996704 1248.923218 375.975739
frame00160 0.666773 197.087585 298.537598 414.341278 377.080902
frame00160 0.389767 943.873840 317.227386 1098.941284 353.966187
frame00160 0.447489 1091.718750 319.709045 1248.856201 375.675934
frame00161 0.656830 190.274384 300.129974 410.436157 379.839905
frame00161 0.395951 938.730469 317.074402 1094.436768 353.811646
frame00161 0.446093 1090.016113 319.570892 1248.787109 376.454590
frame00162 0.668270 179.678986 301.565308 408.727478 381.384918
frame00162 0.366579 946.436096 317.971832 1100.744385 353.024506
frame00162 0.433311 1088.688843 321.340363 1245.997803 375.347473
frame00163 0.663134 172.313614 299.562866 406.071930 382.346527
frame00163 0.416008 942.432922 316.991058 1108.976685 353.865173
frame00163 0.420583 1085.201904 319.454315 1249.797241 376.629913
frame00164 0.623113 164.443283 301.825470 395.386353 383.473358
frame00164 0.394638 941.939575 317.223663 1110.015259 355.456238
frame00164 0.428065 1086.060913 320.925537 1251.840820 376.986359
frame00165 0.614038 151.707825 302.216125 381.129150 385.106506
frame00165 0.398157 938.798523 318.013763 1107.386475 356.238586
frame00165 0.423753 1085.226318 321.559692 1249.500732 376.780487
frame00166 0.616970 140.650574 302.390686 363.962372 386.282043
frame00166 0.411433 937.384705 318.323608 1104.822021 356.811584
frame00166 0.426658 1084.059448 321.612915 1247.471680 377.001160
frame00167 0.616502 136.352478 302.095154 356.216736 385.752869
frame00167 0.404627 936.353638 319.162201 1104.784180 357.802368
frame00167 0.426646 1082.372070 321.991760 1245.319946 378.227234
frame00168 0.636826 128.349777 303.407562 349.898376 387.872742
frame00168 0.452720 929.472961 318.508148 1105.598267 357.988037
frame00168 0.412163 1080.197632 321.200623 1243.291260 379.186462
frame00169 0.628829 124.444595 304.312988 337.297424 386.768066
frame00169 0.427326 933.234863 318.310608 1106.034668 358.955322
frame00169 0.407402 1080.621460 321.519012 1240.164062 379.404999
frame00170 0.660713 107.182343 304.824036 333.112640 389.949402
frame00170 0.455874 930.953003 317.438293 1111.269165 359.869019
frame00170 0.402077 1079.347412 320.552338 1240.889648 381.098938
frame00171 0.674798 93.499939 304.329407 326.589844 393.128754
frame00171 0.452681 932.819458 319.103973 1104.705688 360.461304
frame00171 0.383685 1083.074219 322.742493 1235.379883 381.524445
frame00172 0.647640 76.318016 304.093292 327.160645 395.645386
frame00172 0.431784 931.265747 318.723114 1106.918335 362.019653
frame00172 0.414872 1080.292480 322.562897 1240.689819 382.470398
frame00173 0.531265 65.878738 301.536499 322.579407 401.911224
frame00173 0.437162 926.755249 318.317780 1102.472168 363.814819
frame00173 0.433788 1077.604248 321.999237 1241.770264 384.041992
frame00174 0.479999 49.298752 289.247375 280.958832 409.712372
frame00174 0.452244 924.953613 318.909882 1100.014526 366.406708
frame00174 0.444833 1077.516724 321.723755 1242.590454 384.542297
frame00175 0.564165 41.385223 291.277130 268.278839 409.936859
frame00175 0.467801 923.875854 320.418793 1101.891602 369.097015
frame00175 0.426310 1074.872803 322.297211 1238.614258 384.088715
frame00176 0.593349 29.839478 293.523712 251.752808 409.700378
frame00176 0.439943 924.208252 320.635010 1099.057007 367.054077
frame00176 0.426364 1075.638672 322.859344 1240.271118 381.954254
frame00177 0.590800 22.075615 295.406921 236.643845 411.519348
frame00177 0.477539 919.382935 319.112671 1103.305908 368.375092
frame00177 0.434059 1083.016846 321.189575 1248.609375 380.968445
frame00178 0.531470 17.437572 299.671173 216.390045 412.108612
frame00178 0.441659 927.528625 321.338135 1105.982422 367.077301
frame00178 0.436123 1079.174194 323.176941 1244.651611 378.607635
frame00179 0.527195 16.358433 302.906067 208.691986 414.489685
frame00179 0.438952 919.210083 319.750763 1098.999634 366.417633
frame00179 0.451839 1078.818237 321.929138 1246.081055 380.080261
frame00180 0.581878 10.104876 300.743317 206.812515 416.199432
frame00180 0.455203 917.838440 319.478485 1101.936035 368.212189
frame00180 0.448883 1077.253540 321.841187 1246.370239 379.238983
frame00181 0.563275 4.334602 299.038422 191.931381 414.701172
frame00181 0.418361 922.632751 320.492828 1102.250977 367.710938
frame00181 0.450553 1074.177979 323.372803 1244.055664 377.857849
frame00182 0.518385 0.000000 303.316986 168.547592 415.772186
frame00182 0.421609 924.365540 320.767700 1103.826416 368.252289
frame00182 0.439670 1075.659180 324.659363 1245.409912 377.074646
frame00183 0.518326 0.000000 303.801239 153.821823 421.430908
frame00183 0.421406 922.500000 320.131561 1107.900146 369.344543
frame00183 0.435935 1073.139404 324.859772 1247.302124 377.407318
frame00184 0.484873 0.000000 305.205811 144.804474 421.749695
frame00184 0.397156 921.315186 320.464752 1098.978271 368.402313
frame00184 0.442632 1075.357300 325.566132 1246.276123 377.700165
frame00185 0.483703 0.000000 308.090363 145.393814 420.884094
frame00185 0.439423 920.960388 321.318512 1103.016968 369.607361
frame00185 0.430148 1078.749023 325.478180 1247.255249 376.612244
frame00186 0.212586 174.229263 247.044342 310.009857 291.887115
frame00186 0.454389 0.000000 307.333557 125.326172 419.804626
frame00186 0.434214 921.027527 321.186768 1101.237549 370.976166
frame00186 0.422891 1079.169922 325.644348 1248.420166 376.905823
frame00187 0.432529 0.000000 310.697479 116.051437 417.363312
frame00187 0.434814 921.183533 321.285370 1105.263306 371.338959
frame00187 0.416661 1078.352295 325.902924 1248.994629 376.704498
frame00188 0.353620 0.000000 315.925415 96.872147 412.086060
frame00188 0.410506 921.530762 321.606842 1110.867798 371.362732
frame00188 0.417282 1074.933350 325.704590 1249.270752 376.449371
frame00189 0.415667 919.972046 321.748474 1108.898315 368.170624
frame00189 0.431512 1074.459351 323.724945 1249.614380 376.800232
frame00190 0.422643 922.181152 322.802368 1108.645874 365.770111
frame00190 0.469265 1075.600342 322.020874 1246.776489 377.911591
frame00191 0.453436 917.321777 320.861023 1110.153320 364.889435
frame00191 0.487757 1079.392944 319.390106 1250.894409 379.313568
frame00192 0.453982 916.996765 320.160889 1107.444824 365.065613
frame00192 0.496577 1079.147705 318.560150 1250.010498 379.876343
frame00193 0.447239 920.463989 320.816681 1108.515869 364.509064
frame00193 0.502081 1076.686768 319.407135 1247.584839 379.014343
frame00194 0.450415 921.054810 321.075073 1111.171875 364.286438
frame00194 0.499263 1077.264038 319.536682 1248.168091 378.383301
