frame00000 0.226382 212.150192 255.090195 322.751282 295.140991
frame00000 0.455987 941.745728 313.203064 1123.507690 369.767395
frame00000 0.408867 1090.111572 311.955963 1260.630005 382.774261
frame00001 0.418310 945.073792 312.741058 1123.282349 370.720520
frame00001 0.406312 1089.572632 311.795502 1258.330933 383.581329
frame00002 0.441450 942.838135 312.271118 1126.108154 370.326538
frame00002 0.410701 1090.198853 310.939423 1260.290771 383.854675
frame00003 0.426117 942.186157 311.664795 1124.293945 371.507355
frame00003 0.400761 1091.245605 310.549622 1258.271240 384.735382
frame00004 0.434288 941.933716 311.235413 1126.940308 372.100800
frame00004 0.395111 1091.193237 310.058105 1259.371094 385.422180
frame00005 0.425557 944.380554 311.875061 1124.821411 371.054688
frame00005 0.402142 1089.122681 310.770142 1258.304565 384.302429
frame00006 0.207066 517.940918 285.253632 619.512451 323.973999
frame00006 0.419237 945.918091 311.764069 1124.871094 371.646057
frame00006 0.397239 1091.960571 310.881500 1257.058594 385.059845
frame00007 0.447788 943.811096 312.787384 1123.604492 370.266052
frame00007 0.405937 1090.330078 311.462219 1259.832031 383.555664
frame00008 0.215060 213.593658 255.481903 327.789459 296.040863
frame00008 0.446672 942.860474 312.808136 1124.989136 370.711548
frame00008 0.406155 1085.478760 311.091217 1260.417236 383.741364
frame00009 0.435316 942.156860 312.733368 1119.127075 371.417664
frame00009 0.417037 1087.224609 311.668121 1260.652954 385.487030
frame00010 0.427464 939.359863 312.987488 1120.822876 371.752106
frame00010 0.422729 1085.768433 312.939819 1259.801758 385.906830
frame00011 0.423738 938.352417 310.976685 1124.837402 373.081329
frame00011 0.422333 1081.440918 310.553467 1263.306152 387.643311
frame00012 0.443897 937.535400 310.725128 1127.107422 373.877869
frame00012 0.395458 1081.094727 310.501129 1261.187744 388.580078
frame00013 0.456130 937.569519 312.506927 1122.075439 371.247162
frame00013 0.397563 1080.781372 312.069031 1258.965454 386.362549
frame00014 0.455801 934.937073 311.393127 1123.209717 372.309509
frame00014 0.406656 1080.471924 311.289185 1260.930908 388.287384
frame00015 0.422468 938.159851 311.019165 1124.247559 373.673767
frame00015 0.407109 1083.489502 310.831268 1262.482666 389.298737
frame00016 0.425719 936.610107 312.218658 1124.346191 371.581299
frame00016 0.427687 1082.632080 312.134338 1262.544067 386.812805
frame00017 0.428675 937.284424 312.850342 1124.012939 371.081696
frame00017 0.423776 1082.848999 312.210999 1260.535645 386.327911
frame00018 0.424014 939.339844 313.205231 1123.873535 370.349335
frame00018 0.427563 1083.063232 313.127258 1261.255859 385.220612
frame00019 0.433306 936.351318 312.564972 1122.726929 371.189453
frame00019 0.427372 1083.945557 312.207977 1262.224243 386.436188
frame00020 0.434047 940.702148 313.063110 1125.530640 371.423798
frame00020 0.428404 1086.747437 313.093506 1260.760620 385.215393
frame00021 0.409609 944.118652 311.994171 1123.180054 372.767059
frame00021 0.416687 1085.758789 311.835388 1258.706787 386.355804
frame00022 0.433751 937.376221 311.082092 1120.506714 372.120972
frame00022 0.410490 1087.574707 310.186279 1260.309814 387.224426
frame00023 0.427531 937.495178 311.172607 1120.221313 371.775055
frame00023 0.422008 1085.999023 310.369720 1261.796143 386.002716
frame00024 0.441613 936.856140 311.025146 1121.477905 371.754913
frame00024 0.409628 1085.832275 310.096313 1262.075073 385.420441
frame00025 0.419339 938.672974 311.574463 1117.755005 370.916290
frame00025 0.415685 1085.353516 310.508728 1260.518311 385.664703
frame00026 0.455724 937.380432 311.308228 1121.615967 372.204132
frame00026 0.399245 1081.657471 309.810028 1256.941895 386.122192
frame00027 0.461301 934.911377 312.542023 1117.046021 370.497314
frame00027 0.407802 1081.297852 311.285583 1256.103271 384.467224
frame00028 0.424563 938.564331 310.976257 1123.303101 372.360748
frame00028 0.404009 1080.770630 310.693390 1259.265015 386.982605
frame00029 0.437387 937.419189 310.881653 1127.093994 373.285248
frame00029 0.397968 1080.604004 310.280334 1261.193726 387.560913
frame00030 0.454527 934.560913 311.638733 1121.040405 371.562439
frame00030 0.401255 1079.543701 310.747314 1258.307129 386.681458
frame00031 0.443229 936.098389 311.188110 1122.775146 371.854340
frame00031 0.407838 1080.819214 310.693878 1260.929077 386.948486
frame00032 0.455473 933.919678 312.010925 1123.274170 371.744934
frame00032 0.405060 1080.193359 311.536469 1260.358765 387.111115
frame00033 0.444333 935.725708 311.465668 1121.351318 372.017426
frame00033 0.395017 1081.941284 311.025391 1259.807495 387.210510
frame00034 0.459888 934.316895 312.447449 1122.502563 372.335938
frame00034 0.391621 1078.728027 312.088959 1258.247192 386.889801
frame00035 0.206257 463.450012 300.720428 612.229248 346.851440
frame00035 0.444901 936.879883 311.476685 1124.282349 372.310425
frame00035 0.385491 1078.146729 311.183899 1258.773682 386.755066
frame00036 0.464553 934.696045 311.157623 1122.174683 372.147797
frame00036 0.403028 1083.402588 310.839050 1260.973389 387.639160
frame00037 0.454390 933.148804 310.700562 1126.202515 373.309845
frame00037 0.403625 1081.494385 310.272156 1262.327637 388.530151
frame00038 0.435218 936.819702 310.834137 1125.738159 373.171051
frame00038 0.396878 1080.844849 310.575806 1261.328613 387.219482
frame00039 0.425066 938.908447 311.465820 1121.886353 371.755280
frame00039 0.418809 1082.701904 311.363617 1261.521729 385.061279
frame00040 0.462857 933.604858 312.458069 1115.250000 370.960938
frame00040 0.413485 1081.549194 311.223999 1257.227295 385.108795
frame00041 0.452536 935.244385 312.963654 1114.532837 370.883453
frame00041 0.410695 1076.586670 311.841766 1253.617310 385.810089
frame00042 0.216428 458.603882 299.389984 611.785339 348.027527
frame00042 0.457278 932.695251 312.648376 1109.247559 371.156311
frame00042 0.417296 1076.569580 311.296448 1256.263306 386.649872
frame00043 0.243036 459.552490 299.204651 610.117554 346.988678
frame00043 0.453423 933.477112 312.968872 1109.803955 370.497192
frame00043 0.438205 1077.359131 312.722046 1257.748291 386.511566
frame00044 0.231690 455.308960 299.606140 605.222717 345.961029
frame00044 0.463778 927.175537 313.457458 1106.415039 369.907745
frame00044 0.435447 1079.959229 313.128387 1256.067749 385.754517
frame00045 0.256549 460.202393 299.201050 604.832764 344.692963
frame00045 0.465419 927.865112 313.963318 1108.151367 371.043579
frame00045 0.432303 1075.635864 313.256836 1254.414917 385.847534
frame00046 0.282298 467.348083 297.633911 604.410645 341.054138
frame00046 0.453027 927.626221 314.125336 1106.407349 371.996765
frame00046 0.424558 1076.171997 313.544769 1252.144653 386.512543
frame00047 0.283772 467.102844 297.458923 604.691528 341.688629
frame00047 0.458285 927.202881 313.562805 1106.698975 371.830872
frame00047 0.432434 1074.034424 313.084503 1252.456299 387.049316
frame00048 0.280656 466.632996 298.334595 605.681824 342.902222
frame00048 0.463097 926.739868 312.537079 1108.827026 372.110352
frame00048 0.440917 1076.317017 312.428070 1257.789673 387.484497
frame00049 0.292122 467.915222 298.376984 603.969299 341.765625
frame00049 0.467311 925.608521 313.231445 1108.454468 372.215729
frame00049 0.429113 1078.319824 313.312439 1255.425537 387.182159
frame00050 0.264031 464.568054 299.271667 604.374146 342.675781
frame00050 0.459523 927.043396 313.714417 1112.594971 372.577972
frame00050 0.420306 1072.562622 312.903198 1253.884766 388.372070
frame00051 0.275450 466.194733 298.968689 606.505371 343.051544
frame00051 0.457692 931.030396 312.508850 1115.096924 372.966064
frame00051 0.416744 1076.292236 312.203949 1255.845459 389.272339
frame00052 0.240651 459.871674 300.981689 604.466858 345.525970
frame00052 0.451466 931.817078 313.255219 1113.874878 371.805969
frame00052 0.428468 1077.317261 313.100067 1258.348267 388.625854
frame00053 0.246588 460.435730 300.845581 606.214539 345.266693
frame00053 0.469735 930.892212 313.137085 1121.405029 371.464325
frame00053 0.408100 1074.013916 312.816071 1256.553101 387.227417
frame00054 0.248319 460.914154 300.024048 608.042236 345.548523
frame00054 0.459222 931.599487 313.126678 1116.709229 370.517120
frame00054 0.414831 1073.667725 312.741608 1255.838745 386.919464
frame00055 0.260799 460.441254 299.484863 604.936646 345.529755
frame00055 0.456683 931.225708 312.933105 1110.699707 370.744019
frame00055 0.432933 1075.854370 312.821991 1256.957886 385.911224
frame00056 0.225575 457.987183 299.911774 602.217468 344.354889
frame00056 0.460445 928.805786 313.412170 1106.772217 370.680542
frame00056 0.432086 1078.632324 312.698273 1255.486938 386.077972
frame00057 0.228455 460.680573 299.283722 602.319580 342.995087
frame00057 0.460374 929.206482 313.647217 1106.706421 370.577301
frame00057 0.426753 1079.386108 312.908264 1253.054932 386.134674
frame00058 0.235964 462.529968 298.052765 603.771973 342.403839
frame00058 0.461804 927.328491 312.847443 1104.677490 371.327515
frame00058 0.434233 1079.654663 311.880096 1255.327881 387.397125
frame00059 0.244625 466.096771 298.064697 604.576538 341.477753
frame00059 0.437258 926.189636 312.973999 1105.053467 372.483826
frame00059 0.437048 1077.556274 312.189606 1256.477539 388.211517
frame00060 0.256334 464.484283 298.795990 601.197571 341.776611
frame00060 0.456104 925.223328 312.803864 1102.865356 371.571655
frame00060 0.422417 1077.618286 312.016083 1254.320679 387.541565
frame00061 0.284630 469.476868 298.701599 603.249878 341.404449
frame00061 0.438280 924.937866 312.353333 1100.634277 371.365906
frame00061 0.438144 1076.618408 311.567963 1255.506104 387.439087
frame00062 0.303499 466.216888 298.416901 598.840332 340.998932
frame00062 0.465011 923.623413 312.998993 1103.197510 371.330109
frame00062 0.434096 1076.209839 312.169983 1254.482910 386.191406
frame00063 0.318890 470.012177 299.884094 599.377319 341.474731
frame00063 0.468120 922.663452 314.250580 1098.604980 370.461334
frame00063 0.426704 1076.390625 314.195984 1250.723022 385.318756
frame00064 0.331306 466.702515 299.335114 597.402832 340.808868
frame00064 0.475111 923.881165 314.231873 1100.972534 370.022278
frame00064 0.428249 1078.472046 314.302063 1251.503784 385.250458
frame00065 0.328796 470.780029 298.949432 601.874512 340.772369
frame00065 0.483914 923.619324 313.089233 1106.583496 371.684723
frame00065 0.411766 1077.243164 312.431061 1253.057129 387.418060
frame00066 0.334458 467.351746 298.832550 603.168457 343.079590
frame00066 0.486630 927.643555 314.051422 1109.602295 371.763275
frame00066 0.389122 1073.002808 313.146301 1248.925537 386.433441
frame00067 0.342565 470.519348 299.477264 601.335693 341.305176
frame00067 0.489305 924.101929 313.553223 1112.061035 372.271637
frame00067 0.396690 1072.182617 312.715179 1250.747070 387.561340
frame00068 0.345346 468.851440 299.712799 601.476257 342.709686
frame00068 0.483021 926.524963 314.445770 1111.323120 372.177917
frame00068 0.381404 1068.976074 313.526489 1246.601562 387.225372
frame00069 0.345732 468.664551 299.997833 603.489685 343.159943
frame00069 0.481557 924.856873 314.243500 1113.977173 372.790710
frame00069 0.388468 1070.381592 313.378265 1249.970337 387.060944
frame00070 0.350437 472.780640 299.938873 601.208923 341.356201
frame00070 0.482939 921.435059 313.705963 1111.407471 373.622528
frame00070 0.393854 1074.273682 313.293396 1252.096069 387.886963
frame00071 0.368473 477.424988 299.942200 602.461304 340.526581
frame00071 0.468562 921.571167 313.250977 1109.661621 373.700256
frame00071 0.409012 1074.301636 313.244019 1254.192871 388.157837
frame00072 0.365249 475.886169 299.465088 604.831238 341.086517
frame00072 0.468423 923.415833 313.483826 1113.007935 373.546814
frame00072 0.419341 1075.351318 313.694031 1257.161621 387.574310
frame00073 0.344490 474.616547 299.963226 603.683533 341.427399
frame00073 0.456676 924.234375 314.049316 1111.451782 372.553345
frame00073 0.413254 1072.956909 314.006195 1253.559692 387.533447
frame00074 0.346779 475.518341 300.616547 602.976379 341.216919
frame00074 0.448363 928.500122 314.420441 1109.862793 371.887329
frame00074 0.411259 1075.284668 314.652222 1251.538696 386.129639
frame00075 0.366723 477.079651 300.522736 604.648193 342.011383
frame00075 0.444844 926.453491 314.457245 1103.052490 371.456085
frame00075 0.425342 1073.616089 314.559875 1251.904785 385.808380
frame00076 0.348369 474.404236 299.446930 605.529907 341.969849
frame00076 0.444498 924.727051 313.074890 1103.762451 371.537964
frame00076 0.440427 1075.349365 313.175659 1256.688110 386.509613
frame00077 0.367044 474.857849 298.929535 601.959351 340.349823
frame00077 0.427822 924.817505 312.192444 1099.601074 370.855255
frame00077 0.433087 1078.526245 312.310181 1255.740234 386.539551
frame00078 0.376006 475.549805 299.202332 601.688416 340.079468
frame00078 0.420112 925.684143 312.366699 1098.391235 370.300079
frame00078 0.438866 1078.513306 312.777252 1255.556885 386.459808
frame00079 0.316351 472.637299 299.606018 601.776062 340.933105
frame00079 0.454925 922.769287 312.988831 1101.075317 371.166840
frame00079 0.427140 1076.779907 312.531067 1255.334595 387.422638
frame00080 0.347230 474.301392 300.159180 603.513794 341.714172
frame00080 0.433710 923.618408 313.557678 1101.124512 371.407593
frame00080 0.441210 1075.944336 313.593750 1257.453369 386.794281
frame00081 0.361973 473.765503 299.612122 604.703430 342.168579
frame00081 0.445686 926.632080 313.820465 1103.749023 371.400452
frame00081 0.436716 1075.068359 313.818542 1255.463379 386.124573
frame00082 0.363856 472.169373 300.265991 603.010132 342.089844
frame00082 0.451721 926.324158 314.207123 1107.118652 371.437408
frame00082 0.430556 1074.743164 314.313110 1254.315186 385.535217
frame00083 0.370445 472.663605 300.678406 603.971191 342.500885
frame00083 0.457288 925.811157 314.163483 1107.524658 371.413116
frame00083 0.422705 1074.855835 314.015167 1254.555786 385.482880
frame00084 0.394116 475.579681 300.199341 606.010803 342.435425
frame00084 0.447945 923.487549 313.997040 1103.376221 371.308533
frame00084 0.427003 1072.642578 314.248627 1253.267578 385.950256
frame00085 0.380602 471.687622 300.900391 598.116211 341.785126
frame00085 0.475831 924.665161 315.236237 1109.191406 371.649933
frame00085 0.395017 1072.482178 315.163879 1247.393555 384.942139
frame00086 0.407189 475.906555 301.331299 594.072205 339.776917
frame00086 0.469434 921.261292 314.207520 1102.074585 371.058350
frame00086 0.413193 1078.074341 314.894531 1251.276855 385.430054
frame00087 0.394486 469.176361 300.266998 597.366272 341.512787
frame00087 0.463374 922.087402 313.993622 1105.859863 371.356995
frame00087 0.413933 1070.115845 313.558014 1249.988037 386.516266
frame00088 0.417748 477.549072 302.414398 593.999573 339.378204
frame00088 0.462407 923.994019 314.842926 1107.394409 371.290771
frame00088 0.393456 1068.819580 314.856415 1244.760986 385.632690
frame00089 0.422856 469.709808 301.981812 584.368103 339.085114
frame00089 0.453266 923.837952 315.505371 1105.533936 371.212097
frame00089 0.408927 1072.550293 316.550049 1244.602295 384.444672
frame00090 0.412217 471.762695 302.927948 585.096985 338.689667
frame00090 0.459147 920.208069 315.097137 1102.927368 370.755493
frame00090 0.425202 1071.449097 315.775482 1248.427612 384.719116
frame00091 0.437024 475.261688 303.019867 585.912781 338.150116
frame00091 0.453871 920.582275 314.807526 1104.800903 371.675323
frame00091 0.407276 1072.859375 315.709320 1247.925049 385.015625
frame00092 0.430041 471.647919 301.977020 583.497498 338.059326
frame00092 0.460398 922.343445 315.203522 1106.516235 371.518768
frame00092 0.400791 1071.182251 315.983185 1243.996338 384.622437
frame00093 0.449342 472.353699 301.585571 588.443542 339.329559
frame00093 0.464184 923.250488 314.576080 1106.943237 370.811218
frame00093 0.393672 1070.103638 315.291656 1243.843628 384.643005
frame00094 0.458516 471.541473 301.261169 591.113770 339.661682
frame00094 0.472236 921.195801 314.547363 1107.588623 371.254639
frame00094 0.385271 1068.436035 314.911285 1243.520386 385.014526
frame00095 0.449476 470.528870 301.767944 591.055969 340.763824
frame00095 0.473208 920.528809 314.660675 1106.396118 371.468231
frame00095 0.387346 1069.310059 315.093231 1244.923340 385.362701
frame00096 0.473027 474.764709 302.292908 588.211609 338.777740
frame00096 0.462226 922.670166 314.464966 1108.220337 371.263702
frame00096 0.389969 1069.771851 315.281464 1244.163330 384.640961
frame00097 0.455886 471.160034 302.887085 580.149048 338.447632
frame00097 0.460512 921.894897 315.092773 1107.113403 371.057953
frame00097 0.412353 1072.729492 316.522064 1246.494873 383.877502
frame00098 0.449217 466.656158 302.860077 578.177673 338.772858
frame00098 0.448190 918.446533 314.791046 1101.158569 370.998077
frame00098 0.421188 1071.401123 316.410065 1245.407959 384.015656
frame00099 0.479508 470.852386 303.216553 577.756165 338.127777
frame00099 0.443857 919.875610 314.805817 1099.824341 370.931427
frame00099 0.425460 1073.113770 317.126434 1247.002197 383.487274
frame00100 0.517955 467.657318 303.041077 577.379822 338.392334
frame00100 0.451873 917.594299 314.679535 1100.281982 370.999115
frame00100 0.419603 1074.873657 317.417908 1246.480957 383.434692
frame00101 0.492873 467.730743 303.415314 575.251831 337.544098
frame00101 0.431182 919.053345 314.591309 1102.419189 371.246735
frame00101 0.434883 1070.341919 316.929626 1247.273682 384.220032
frame00102 0.484011 467.557648 303.874573 574.272278 338.277924
frame00102 0.442543 918.628784 314.757996 1104.336060 371.524139
frame00102 0.422609 1069.216187 316.862183 1244.417847 384.011871
frame00103 0.491716 469.308472 303.076630 579.854187 339.401825
frame00103 0.442668 921.521667 314.548431 1105.966431 371.714264
frame00103 0.419545 1067.698730 316.468750 1247.364014 385.631195
frame00104 0.497252 472.356995 302.971222 583.841614 339.495331
frame00104 0.475149 918.382446 314.386017 1108.184692 372.507843
frame00104 0.375244 1070.131592 315.578094 1244.789307 385.712891
frame00105 0.518657 475.762665 301.924652 587.847168 339.879028
frame00105 0.470815 920.068237 313.639252 1107.710938 372.242493
frame00105 0.381417 1073.405151 315.295654 1248.456787 385.669434
frame00106 0.509457 474.446838 301.441101 589.800537 340.944092
frame00106 0.465164 922.902466 313.864410 1109.693481 372.609344
frame00106 0.386540 1072.264648 315.366577 1249.078125 385.531189
frame00107 0.512912 474.922058 300.997864 589.477600 340.735229
frame00107 0.458174 921.261353 313.754242 1103.579590 372.624329
frame00107 0.404747 1075.940918 315.883209 1251.048828 385.974457
frame00108 0.539879 477.708771 300.606812 594.879517 341.186890
frame00108 0.456992 922.454956 312.896393 1108.366699 373.333496
frame00108 0.414529 1078.425781 315.243774 1256.536987 385.796143
frame00109 0.551180 477.102325 300.819611 592.893555 340.669891
frame00109 0.459512 920.725098 312.664215 1107.687500 373.059479
frame00109 0.404485 1077.877197 314.851257 1255.431152 385.439789
frame00110 0.548144 474.223358 301.813324 585.297058 340.290710
frame00110 0.466423 921.588379 313.955048 1103.982056 371.427399
frame00110 0.385046 1075.776367 316.111572 1247.363037 383.548523
frame00111 0.542973 470.703583 301.835175 583.582520 340.186798
frame00111 0.443752 919.986328 314.409882 1096.329102 370.618042
frame00111 0.414719 1070.455322 316.641327 1244.007080 383.521484
frame00112 0.518185 464.432648 302.187744 577.110840 339.514801
frame00112 0.458073 918.467529 313.254181 1101.698242 369.642334
frame00112 0.423433 1072.710083 315.544128 1247.117310 382.979370
frame00113 0.516837 463.749237 302.635376 573.994446 339.345947
frame00113 0.465492 915.320068 313.669983 1099.841187 370.177582
frame00113 0.429130 1073.904785 315.919891 1247.377319 383.227234
frame00114 0.513345 465.452942 302.986267 573.318970 338.420013
frame00114 0.459217 915.623901 314.041565 1101.459961 370.810150
frame00114 0.430195 1075.346680 316.115784 1248.716431 383.222107
frame00115 0.511022 463.779633 302.459381 572.547974 339.355469
frame00115 0.450549 919.466797 314.702118 1098.761475 369.972168
frame00115 0.422293 1071.900391 317.266479 1241.472412 382.567322
frame00116 0.504071 460.425415 301.695923 576.940430 340.429626
frame00116 0.446584 923.512573 314.784851 1099.434814 369.459991
frame00116 0.404410 1069.490601 316.714752 1238.849365 382.832886
frame00117 0.513423 461.232758 302.057037 578.750000 340.801514
frame00117 0.472884 918.917786 314.257629 1104.188721 370.701324
frame00117 0.377978 1071.249756 315.857483 1240.821777 383.595459
frame00118 0.559129 461.934265 302.739624 578.635864 341.722626
frame00118 0.462324 919.719849 314.350616 1104.725586 370.625031
frame00118 0.383734 1071.666504 316.854340 1241.281494 383.026886
frame00119 0.559227 463.318237 301.167145 579.881104 340.735046
frame00119 0.454130 922.188965 314.238037 1103.864014 370.486267
frame00119 0.386873 1069.949463 316.649872 1238.563843 383.168579
frame00120 0.565278 463.678314 303.353485 574.664978 341.243835
frame00120 0.458148 917.585388 314.245361 1104.205078 371.358185
frame00120 0.405876 1071.861450 317.236786 1243.802002 383.809937
frame00121 0.565773 462.176697 303.007721 576.960327 341.648895
frame00121 0.458771 918.760681 314.348938 1104.923218 371.337982
frame00121 0.408857 1071.719238 317.004883 1245.080811 384.153625
frame00122 0.568187 460.910797 303.689606 572.745483 340.881531
frame00122 0.456698 916.454224 314.463226 1101.647705 370.653381
frame00122 0.402310 1072.589844 317.471619 1241.789062 383.365723
frame00123 0.571632 457.955048 303.877319 573.809021 342.184937
frame00123 0.448638 917.836670 314.811279 1104.430298 370.775085
frame00123 0.418650 1069.968750 317.609314 1241.919922 382.836639
frame00124 0.578509 456.840851 304.075928 573.271118 341.956665
frame00124 0.440686 916.848206 314.612488 1102.469238 370.628601
frame00124 0.431658 1070.452148 317.674835 1243.541016 383.142822
frame00125 0.588906 456.680420 304.095215 571.853699 341.982727
frame00125 0.440830 916.242676 314.523010 1101.917603 370.941650
frame00125 0.421515 1071.339600 317.719086 1242.864868 382.862122
frame00126 0.586314 457.692413 304.587708 572.004028 342.717163
frame00126 0.445532 915.435120 314.727966 1100.943237 370.756470
frame00126 0.417543 1069.712280 317.700348 1240.826904 383.670685
frame00127 0.597231 457.555542 304.092316 573.675171 342.923584
frame00127 0.448213 918.637756 314.554047 1102.951172 370.690887
frame00127 0.411657 1071.676636 317.887054 1243.361206 384.028168
frame00128 0.563849 455.291260 303.324249 572.880493 342.546967
frame00128 0.450391 917.961426 314.597473 1103.788330 370.577301
frame00128 0.417413 1072.004272 317.561584 1244.955566 383.560699
frame00129 0.562720 454.140350 302.360413 574.677002 343.890564
frame00129 0.463491 917.219299 314.346588 1102.650513 371.190094
frame00129 0.411784 1074.230591 317.210144 1245.285400 383.483795
frame00130 0.560416 454.297638 302.973267 573.797119 343.138031
frame00130 0.458611 914.938110 314.596680 1098.695435 370.786072
frame00130 0.406118 1075.428223 317.565277 1243.890259 383.657928
frame00131 0.591177 457.469604 303.536804 572.574097 342.433929
frame00131 0.460698 917.278564 314.507812 1102.390015 370.483734
frame00131 0.384357 1073.053223 317.519043 1239.296997 382.782867
frame00132 0.592554 454.813293 302.322327 570.106201 341.649048
frame00132 0.450814 921.411438 315.110596 1101.334717 369.414734
frame00132 0.395868 1070.582031 318.265900 1234.526611 381.287933
frame00133 0.587817 454.437256 303.222900 566.340637 341.921478
frame00133 0.453087 918.822266 314.804016 1100.441528 369.226837
frame00133 0.403263 1071.179321 317.887329 1236.239746 381.358673
frame00134 0.589689 452.903900 302.607910 567.775635 342.225769
frame00134 0.455277 917.573486 314.706360 1097.916992 369.112488
frame00134 0.409870 1072.385498 317.932831 1236.879639 381.270203
frame00135 0.580992 450.928101 302.282867 569.205322 342.486298
frame00135 0.457573 918.425232 314.805023 1098.927979 368.950562
frame00135 0.406875 1071.199341 317.747284 1236.490234 381.405182
frame00136 0.570685 447.652222 301.896881 572.453003 344.030548
frame00136 0.454717 919.935852 314.275330 1101.313965 369.214813
frame00136 0.395207 1070.188110 316.825287 1238.072021 381.846954
frame00137 0.578305 449.244537 301.797333 570.538391 343.323425
frame00137 0.461945 917.554932 313.846619 1100.519043 369.914490
frame00137 0.399825 1074.524048 316.850616 1241.318604 382.564880
frame00138 0.559055 445.371338 301.400818 570.615295 344.392548
frame00138 0.464435 919.054565 314.106903 1101.653931 369.799805
frame00138 0.402132 1076.898682 317.133118 1244.200439 382.645966
frame00139 0.558013 444.700348 302.616547 567.142822 343.961823
frame00139 0.461511 917.759644 314.831329 1100.860718 369.864441
frame00139 0.404666 1077.635010 318.060150 1243.003052 381.881409
frame00140 0.582728 446.489868 303.609924 564.508362 343.567291
frame00140 0.464367 914.916748 315.519073 1096.884033 370.558472
frame00140 0.386559 1082.900024 319.459106 1241.866821 382.263123
frame00141 0.591340 442.007874 303.474304 564.811523 345.120392
frame00141 0.465555 914.324463 315.401093 1098.865356 370.572998
frame00141 0.387795 1080.731689 318.903076 1241.774658 382.365631
frame00142 0.635875 444.123840 303.792358 562.379150 343.887634
frame00142 0.467559 914.754761 315.147186 1099.493652 370.354004
frame00142 0.369490 1082.144287 319.514618 1239.741821 381.868256
frame00143 0.617992 435.764587 302.495514 557.547668 345.036041
frame00143 0.454517 917.085693 314.652740 1099.947266 369.958771
frame00143 0.404128 1078.793457 318.763336 1240.745361 381.975922
frame00144 0.611178 435.496460 303.110229 553.016968 343.696625
frame00144 0.434860 919.336487 314.865540 1097.451294 369.048279
frame00144 0.420302 1075.104248 319.011292 1238.563232 382.269714
frame00145 0.596151 432.976013 303.680054 548.708435 343.199280
frame00145 0.450752 916.285400 315.013123 1099.914429 368.679810
frame00145 0.413708 1072.168457 318.345703 1235.547119 381.569336
frame00146 0.629978 431.960602 303.882050 547.917542 344.301727
frame00146 0.441103 916.977539 314.774170 1098.723022 368.894501
frame00146 0.419607 1074.642578 319.143066 1236.371094 380.873901
frame00147 0.604777 430.767517 303.267944 544.604614 342.927612
frame00147 0.440443 917.676147 315.191559 1096.084106 368.535431
frame00147 0.408643 1076.515015 319.292358 1234.132568 380.249420
frame00148 0.623794 430.638580 303.412506 546.055603 344.163239
frame00148 0.441319 918.446106 315.082977 1099.211670 368.744446
frame00148 0.418724 1075.383911 319.413422 1235.413330 379.985321
frame00149 0.608597 432.842346 302.941589 549.798889 343.756073
frame00149 0.462589 915.901245 314.379517 1098.318970 368.448059
frame00149 0.414377 1073.513550 318.216583 1237.148926 381.875916
frame00150 0.614839 428.902466 301.607941 549.458679 344.620911
frame00150 0.469316 915.382385 314.624054 1097.686035 368.363953
frame00150 0.404882 1076.637695 318.699890 1235.410889 380.751923
frame00151 0.580498 430.661438 301.827454 550.527222 344.243042
frame00151 0.466640 918.026733 314.513550 1097.831909 368.286469
frame00151 0.393948 1076.543701 318.477478 1235.332031 380.904449
frame00152 0.581802 429.306702 301.303558 550.837097 344.580536
frame00152 0.471187 914.712036 313.890991 1093.581543 367.444611
frame00152 0.421338 1083.801025 318.230591 1242.294800 380.553223
frame00153 0.565501 428.313873 299.868500 554.836670 345.873199
frame00153 0.478600 919.352966 313.944489 1096.688965 367.646301
frame00153 0.401607 1079.583252 317.707672 1238.134521 380.139526
frame00154 0.580512 427.563599 300.427460 551.426819 344.932892
frame00154 0.466669 920.250366 314.663879 1095.298584 367.852600
frame00154 0.408462 1079.908691 319.185333 1237.000854 379.284668
frame00155 0.595408 428.697144 299.988525 552.445984 344.772186
frame00155 0.467488 919.576050 313.845581 1097.615601 368.365448
frame00155 0.411352 1083.436646 319.139252 1240.866333 378.985992
frame00156 0.600861 426.412964 299.789154 552.466736 345.196381
frame00156 0.463817 918.059814 313.672852 1093.701294 367.387848
frame00156 0.421650 1082.945801 318.837463 1240.733643 379.324280
frame00157 0.604172 425.996094 300.119080 553.321899 345.711365
frame00157 0.440584 919.318604 313.787842 1091.161865 366.629852
frame00157 0.443160 1083.528198 319.038452 1242.160889 378.821808
frame00158 0.597520 427.964539 299.926788 552.831726 345.533417
frame00158 0.454718 920.292480 314.005066 1092.548218 367.278534
frame00158 0.413944 1084.178589 319.332031 1238.321533 378.634308
frame00159 0.593949 427.177704 299.324127 554.094666 345.711456
frame00159 0.452367 921.036377 313.129333 1093.341797 367.291138
frame00159 0.431394 1083.936890 318.670471 1242.707764 378.944031
frame00160 0.582904 428.995728 300.602905 549.228516 344.519226
frame00160 0.438532 925.478455 313.998260 1095.138916 367.082306
frame00160 0.421689 1084.699341 319.487213 1238.238281 378.304779
frame00161 0.587256 424.234680 299.123993 553.159912 346.446991
frame00161 0.455412 924.365173 312.542419 1098.413940 367.697418
frame00161 0.420267 1084.477661 318.267517 1242.036011 379.083466
frame00162 0.595464 423.223541 300.450226 554.059021 347.844391
frame00162 0.449932 928.074036 312.850769 1100.424194 366.891083
frame00162 0.421796 1083.783203 318.664246 1242.789185 378.501953
frame00163 0.612946 422.098083 300.956451 549.601685 347.022034
frame00163 0.451193 926.509277 312.780762 1100.677246 367.165955
frame00163 0.420939 1084.943115 318.887024 1241.874023 378.577209
frame00164 0.609909 422.423981 302.879028 543.963196 345.919647
frame00164 0.441141 923.951416 313.871490 1094.999268 366.462494
frame00164 0.420969 1085.341064 319.529327 1238.850342 377.984283
frame00165 0.617039 422.149353 302.475616 543.554626 345.448273
frame00165 0.444316 922.861023 313.577026 1095.914429 366.733368
frame00165 0.428854 1087.370239 319.542114 1240.968872 377.822327
frame00166 0.617471 418.585175 301.933228 545.563110 346.425049
frame00166 0.443512 918.863037 313.155426 1092.905518 366.833923
frame00166 0.433055 1083.689087 318.623596 1242.016113 379.137238
frame00167 0.604668 418.623047 302.346313 543.446411 345.997864
frame00167 0.458352 919.953552 313.554443 1094.637085 366.800781
frame00167 0.417004 1085.119019 318.937744 1240.547607 378.694702
frame00168 0.612911 416.231384 304.182556 539.239380 346.251953
frame00168 0.459205 919.285522 314.704834 1093.047119 366.173248
frame00168 0.414353 1086.888184 319.810455 1238.577026 377.480865
frame00169 0.603862 412.508423 302.411041 539.397400 346.190735
frame00169 0.454847 918.999695 314.474396 1090.526855 366.208893
frame00169 0.417404 1087.365601 319.642914 1237.833984 377.974792
frame00170 0.617618 410.384399 304.114532 541.879761 348.241455
frame00170 0.451867 919.837952 314.830750 1094.519531 366.217010
frame00170 0.414249 1084.043457 319.882080 1237.628540 377.757843
frame00171 0.620605 408.802368 304.099182 540.857300 347.791901
frame00171 0.442240 922.973328 314.313812 1097.858643 365.411102
frame00171 0.425975 1085.293213 319.318451 1239.577881 377.462524
frame00172 0.607856 406.300659 304.418335 538.023132 347.524933
frame00172 0.447811 923.461914 314.425751 1099.669678 365.029724
frame00172 0.409978 1084.888794 319.119385 1237.947754 378.428162
frame00173 0.596627 404.086884 304.165344 540.394226 348.222992
frame00173 0.446553 925.053345 314.722351 1102.209229 365.063934
frame00173 0.418651 1085.780518 319.416382 1239.583008 377.474945
frame00174 0.578954 402.530151 302.484772 541.942810 348.207520
frame00174 0.458357 923.913513 314.664337 1099.787964 365.140045
frame00174 0.418316 1087.074097 319.102356 1239.164062 377.328918
frame00175 0.606428 398.627014 302.682983 539.129028 348.572632
frame00175 0.453958 923.285522 314.567505 1096.799072 365.173615
frame00175 0.414372 1088.014038 318.974121 1236.819580 377.253571
frame00176 0.620738 391.242950 302.956604 535.675232 350.188873
frame00176 0.444493 923.036865 314.416016 1097.194702 364.947876
frame00176 0.425797 1089.997681 318.858215 1237.914062 377.021637
frame00177 0.626120 388.953491 302.872650 531.496704 349.738403
frame00177 0.457570 922.115356 314.091431 1095.721680 364.668274
frame00177 0.423692 1091.666626 318.609924 1237.734863 377.088318
frame00178 0.603031 383.191498 301.817902 528.317383 349.641479
frame00178 0.443511 923.675903 313.307434 1096.271851 364.124298
frame00178 0.425027 1092.451660 317.623932 1237.911743 377.349823
frame00179 0.611585 381.188690 302.087555 526.364319 349.796539
frame00179 0.454627 920.444336 313.240051 1093.645752 363.868988
frame00179 0.422842 1094.036987 317.566071 1238.235596 377.245178
frame00180 0.610687 377.105560 300.668915 522.330627 349.441345
frame00180 0.446913 921.338501 312.514801 1094.787476 364.012970
frame00180 0.420510 1092.795044 316.955444 1236.313599 377.831726
frame00181 0.613950 375.024353 301.517792 518.137329 349.409515
frame00181 0.448631 921.732178 312.689575 1093.705566 363.792786
frame00181 0.420349 1094.899902 317.475586 1236.499756 377.426025
frame00182 0.604904 372.488464 301.679169 516.250671 349.185089
frame00182 0.448825 923.571472 313.091064 1099.452393 364.546661
frame00182 0.406152 1096.170532 317.689972 1235.863770 376.751709
frame00183 0.599274 367.364838 301.020294 518.885986 350.895386
frame00183 0.446079 924.157104 313.617645 1098.650635 364.014648
frame00183 0.416647 1093.278564 317.968140 1235.548706 377.263519
frame00184 0.611841 362.792419 300.972870 520.268860 352.746277
frame00184 0.441857 924.998901 313.182159 1103.540527 364.553314
frame00184 0.415616 1092.657471 317.443115 1236.638794 377.592163
frame00185 0.617875 361.197968 300.034454 517.461487 351.693298
frame00185 0.448643 924.885132 312.702759 1101.887451 363.946655
frame00185 0.413460 1090.919678 317.072144 1234.855835 377.328217
frame00186 0.604186 358.084351 300.698334 511.153107 351.879120
frame00186 0.438314 926.419922 313.055756 1104.842773 364.448944
frame00186 0.406100 1092.081177 317.562378 1233.689087 377.290192
frame00187 0.604119 357.640106 300.413361 508.242676 350.242859
frame00187 0.434524 923.361206 312.830109 1095.558594 363.151001
frame00187 0.415626 1096.150269 317.298767 1235.514404 377.123444
frame00188 0.583314 355.520935 303.711884 501.668854 350.639313
frame00188 0.445794 921.950195 314.538696 1097.055054 363.014404
frame00188 0.406010 1093.624756 317.948212 1234.156250 376.954346
frame00189 0.612117 347.520477 302.606598 502.225372 351.800476
frame00189 0.437370 919.498230 313.968414 1097.522339 362.888275
frame00189 0.418238 1093.421997 317.304077 1235.212769 377.366180
frame00190 0.600419 343.912994 302.447144 502.141235 352.956238
frame00190 0.445045 919.420044 314.408661 1099.512207 363.100067
frame00190 0.417937 1092.141846 317.526672 1234.666748 377.013672
frame00191 0.597000 342.307739 303.008942 501.066223 353.003082
frame00191 0.435141 920.367065 314.864075 1096.301025 362.490234
frame00191 0.422929 1092.056641 317.652435 1234.434814 377.035217
frame00192 0.583872 334.975952 303.979553 493.078613 353.651459
frame00192 0.444696 921.859375 315.443024 1100.579346 362.612213
frame00192 0.418433 1093.715576 317.774017 1235.634521 376.575378
frame00193 0.615776 329.116058 303.103363 488.506836 354.762512
frame00193 0.444232 921.751831 315.533447 1101.753052 363.204132
frame00193 0.409244 1094.368164 318.333435 1233.716919 376.465149
frame00194 0.603803 325.508423 304.927002 484.003143 355.426086
frame00194 0.446098 921.098633 316.184357 1101.768188 362.848022
frame00194 0.405366 1094.111938 318.457764 1233.479614 376.964020
frame00195 0.589981 325.679810 305.875427 481.013611 354.957947
frame00195 0.448132 921.097351 315.766693 1101.357788 363.088013
frame00195 0.414208 1096.885376 318.480988 1238.085938 377.882080
frame00196 0.566116 324.757568 305.287354 476.518585 354.060272
frame00196 0.443584 922.207092 315.392303 1103.829590 363.277130
frame00196 0.418357 1097.432861 318.219543 1238.764893 378.411926
frame00197 0.582840 318.255737 305.415588 477.137726 356.385376
frame00197 0.451074 921.976929 315.972626 1106.498779 363.115784
frame00197 0.412741 1094.006836 318.350800 1238.028076 378.126892
frame00198 0.601978 310.896118 304.680084 475.488007 357.250793
frame00198 0.451539 923.084106 316.877258 1106.109497 362.743744
frame00198 0.390319 1093.531982 319.041199 1233.610107 377.722198
frame00199 0.595141 307.990906 303.563049 471.854828 357.123505
frame00199 0.434169 923.339172 316.675659 1100.270020 361.811829
frame00199 0.407676 1095.493286 319.369049 1234.320801 377.800415
frame00200 0.600648 302.615662 304.256775 466.639954 357.667114
frame00200 0.410755 925.792969 316.316193 1102.896851 361.171082
frame00200 0.403519 1095.140869 318.862671 1232.905029 377.901245
frame00201 0.555638 298.198730 305.116974 463.413239 358.021973
frame00201 0.428106 923.705933 316.188843 1104.377930 360.958801
frame00201 0.404787 1097.640015 318.382568 1237.367065 378.553253
frame00202 0.514069 294.769684 305.448730 458.069824 358.286560
frame00202 0.437387 922.177856 315.356995 1105.076660 360.239166
frame00202 0.413217 1098.982666 317.231262 1240.583496 379.693024
frame00203 0.442498 293.185455 306.263153 450.992249 358.942963
frame00203 0.425897 926.100708 315.762512 1105.538208 359.636353
frame00203 0.420612 1101.123779 317.666077 1241.880615 379.986267
frame00204 0.422990 294.044525 306.160126 449.477661 359.691711
frame00204 0.450272 927.258972 315.364227 1110.891357 359.845123
frame00204 0.410529 1103.396851 317.298462 1241.813599 379.490082
frame00205 0.383279 274.105530 301.902344 460.204529 369.208099
frame00205 0.446419 929.337524 315.604584 1108.107788 359.020294
frame00205 0.433039 1105.488159 317.649628 1246.048462 379.802887
frame00206 0.394881 270.332062 302.897064 461.263550 369.648865
frame00206 0.437014 931.368958 316.250824 1109.107544 358.434967
frame00206 0.439641 1101.617310 318.176971 1244.940430 379.196259
frame00207 0.474367 267.262207 300.485657 465.358887 369.918518
frame00207 0.439382 932.259216 315.568207 1107.059448 357.369812
frame00207 0.429752 1105.740723 317.078796 1246.002686 379.422150
frame00208 0.560711 263.289093 299.106995 464.181580 370.877197
frame00208 0.453407 931.896729 315.322479 1107.258057 357.257507
frame00208 0.420012 1104.138428 316.010803 1245.998291 380.363892
frame00209 0.614800 256.894196 297.976654 463.790619 372.406921
frame00209 0.455304 934.382019 315.748474 1107.250732 356.647095
frame00209 0.414159 1101.198242 316.061401 1243.499634 380.301025
frame00210 0.627138 251.033340 296.521149 462.663116 373.033051
frame00210 0.445686 934.993652 316.005890 1103.938354 356.021362
frame00210 0.422731 1099.430054 316.464600 1242.719849 380.232574
frame00211 0.668720 241.429565 296.091553 457.027161 374.812714
frame00211 0.439809 937.973633 316.827545 1101.133911 355.040405
frame00211 0.418579 1097.072876 317.507507 1240.414917 379.129395
frame00212 0.671186 233.917084 296.017517 451.479187 376.438263
frame00212 0.441767 938.800903 316.948883 1098.369629 353.913177
frame00212 0.425862 1096.235474 317.887054 1239.775391 377.991241
frame00213 0.678676 225.528992 295.015167 444.492981 376.288513
frame00213 0.456035 934.964478 316.646118 1099.047729 354.148651
frame00213 0.427120 1094.719727 317.206635 1242.214600 378.242065
frame00214 0.681041 222.179993 295.994598 434.396240 376.533478
frame00214 0.450063 936.234131 317.016510 1095.456665 353.334442
frame00214 0.425742 1095.219604 318.132324 1241.204590 376.842224
frame00215 0.687839 217.832642 295.820801 428.899078 376.776215
frame00215 0.442389 939.096802 317.788513 1096.844604 353.778320
frame00215 0.403165 1090.542725 318.858307 1235.660522 376.546997
frame00216 0.669145 211.225464 296.581543 423.872528 378.573029
frame00216 0.449817 936.723328 317.051819 1097.952759 355.014618
frame00216 0.424466 1091.561035 318.431885 1243.344238 377.187073
frame00217 0.672307 210.103607 295.380920 418.393005 378.380768
frame00217 0.459197 936.783081 317.065948 1099.062378 355.923431
frame00217 0.419231 1092.187012 318.499817 1243.826172 377.567657
frame00218 0.681552 203.503418 297.097107 417.838257 379.175385
frame00218 0.465003 937.031006 316.886230 1101.275146 355.414246
frame00218 0.413664 1089.887451 318.423859 1244.607666 376.896240
frame00219 0.684370 200.650177 297.629120 411.406006 378.793182
frame00219 0.464339 937.384888 317.379028 1102.289795 355.467804
frame00219 0.399574 1089.487549 319.167328 1241.655273 376.791626
frame00220 0.685215 192.785721 298.888397 409.378632 381.432129
frame00220 0.467477 936.419189 317.421722 1099.853516 355.270844
frame00220 0.409411 1088.569458 319.325134 1243.451294 376.580597
frame00221 0.667369 182.389709 298.656250 403.236633 382.768402
frame00221 0.456759 934.608215 317.933075 1095.843140 354.739746
frame00221 0.410190 1085.534668 319.597443 1240.959595 376.089264
frame00222 0.645831 174.804611 297.727661 391.744141 382.246338
frame00222 0.446969 934.776123 318.842712 1094.033813 354.223907
frame00222 0.399414 1084.635254 320.422729 1236.669312 375.453766
frame00223 0.595371 164.837158 298.013763 377.460754 383.197174
frame00223 0.462358 929.015747 318.302307 1091.311768 354.388306
frame00223 0.426965 1078.385498 319.310333 1237.725952 375.981812
frame00224 0.570745 156.757187 298.686859 360.171967 384.015350
frame00224 0.471782 929.878235 318.532288 1096.600464 356.189301
frame00224 0.423709 1074.565918 319.303131 1237.076416 376.846283
frame00225 0.579927 150.159286 296.959412 346.857422 383.571716
frame00225 0.467346 928.212158 318.130371 1092.183716 356.308716
frame00225 0.422831 1077.669800 319.335663 1237.006836 376.942627
frame00226 0.590317 145.382446 297.781128 340.692200 383.981750
frame00226 0.477045 929.021606 317.546600 1092.686523 356.847870
frame00226 0.410826 1080.726929 319.794678 1238.120850 377.113953
frame00227 0.618195 138.018860 298.706848 341.364441 386.060425
frame00227 0.473735 926.069214 317.608246 1090.848877 356.617096
frame00227 0.416289 1078.071899 319.806061 1236.753174 377.861481
frame00228 0.614508 135.223816 298.271271 331.977997 384.491486
frame00228 0.463912 927.656799 318.366028 1092.596069 357.757507
frame00228 0.401233 1073.682251 319.893585 1232.026245 379.364349
frame00229 0.600159 127.083450 301.009003 322.145538 385.677185
frame00229 0.469670 929.972229 317.574280 1096.128540 360.039429
frame00229 0.387674 1069.484863 320.418823 1228.136230 379.968201
frame00230 0.628896 115.822746 301.629456 318.916290 386.792664
frame00230 0.483454 928.789001 316.975555 1098.588135 360.518127
frame00230 0.385190 1072.691772 320.536072 1229.238770 380.420166
frame00231 0.641217 95.726006 301.750702 314.126038 390.571686
frame00231 0.482906 926.510559 316.678497 1098.528687 362.480347
frame00231 0.387209 1071.554565 320.976440 1230.239136 382.551666
frame00232 0.601649 81.692726 300.216705 314.313385 394.188080
frame00232 0.487916 920.789246 316.281647 1096.125610 364.012756
frame00232 0.399182 1074.877686 320.778381 1236.559204 383.095886
frame00233 0.516242 73.534531 298.973236 312.239105 398.403015
frame00233 0.469232 919.023743 316.688751 1089.714844 364.277252
frame00233 0.407444 1073.519409 321.105682 1235.316895 383.408569
frame00234 0.459546 55.624802 286.995026 287.260498 403.345428
frame00234 0.482121 914.648376 315.101654 1091.604370 367.406586
frame00234 0.412094 1072.428467 319.219421 1238.315308 384.524689
frame00235 0.533099 48.958645 287.855316 283.912384 403.013092
frame00235 0.483712 914.874573 313.866852 1095.108521 370.498474
frame00235 0.406869 1072.619263 317.127136 1239.779907 385.004791
frame00236 0.610584 38.973999 288.199524 273.066101 403.197418
frame00236 0.472812 915.259949 315.443970 1093.114380 370.015442
frame00236 0.409866 1069.145508 317.155945 1236.661865 383.915741
frame00237 0.630490 32.823257 289.968231 261.497772 404.504120
frame00237 0.480324 913.173706 315.546509 1095.974121 370.784973
frame00237 0.413335 1070.894653 316.680450 1239.883179 383.702576
frame00238 0.622279 24.759321 290.838776 249.368927 404.694519
frame00238 0.479998 914.570618 315.682495 1099.763184 370.602753
frame00238 0.396240 1068.210327 316.889313 1237.087646 383.361298
frame00239 0.602299 19.608965 294.083069 235.805542 405.229736
frame00239 0.475889 916.544678 317.085449 1102.636597 369.709595
frame00239 0.403019 1066.527832 318.242401 1237.517822 383.294495
frame00240 0.569604 17.946291 297.131439 224.620132 405.125824
frame00240 0.491780 915.992554 316.809814 1104.051514 370.034241
frame00240 0.395053 1068.449585 317.775909 1238.977661 382.776733
frame00241 0.557301 16.798019 298.937714 216.540680 405.968567
frame00241 0.478138 919.126892 318.063202 1103.457642 368.696350
frame00241 0.399221 1069.423584 319.086090 1238.006836 380.785217
frame00242 0.563424 10.443048 298.352783 209.172699 408.846466
frame00242 0.475452 916.851318 317.801758 1099.451416 368.374756
frame00242 0.404698 1071.771118 319.279449 1239.322754 379.831177
frame00243 0.565148 8.028088 299.243683 198.038345 410.425873
frame00243 0.481485 916.597290 318.115814 1094.564087 367.532898
frame00243 0.411133 1071.706421 319.955231 1239.424438 379.367645
frame00244 0.524927 6.144772 300.036163 182.217621 409.324097
frame00244 0.491340 915.737793 316.995270 1098.689209 368.631317
frame00244 0.408477 1072.327637 319.053528 1241.579468 378.606262
frame00245 0.526439 1.973705 299.094574 170.594193 410.778198
frame00245 0.491590 915.953491 318.041199 1099.056519 367.974091
frame00245 0.398865 1069.629639 320.622925 1238.201416 377.804932
frame00246 0.518037 0.000000 299.584534 153.264862 416.139832
frame00246 0.486031 920.003052 318.020020 1102.206055 368.392914
frame00246 0.385700 1068.386841 321.299683 1236.451660 377.384705
frame00247 0.485241 0.000000 296.750244 141.178314 413.575134
frame00247 0.478698 917.037903 317.262268 1099.727051 369.168762
frame00247 0.412605 1068.543823 320.395142 1241.668823 377.797882
frame00248 0.494478 0.000000 302.799713 145.340408 418.273071
frame00248 0.482342 914.951904 315.976929 1093.186157 368.961853
frame00248 0.418877 1078.190796 319.537354 1246.839478 377.810455
frame00249 0.500656 0.000000 302.237305 132.194000 418.871429
frame00249 0.451626 920.883301 316.670074 1100.092896 371.268555
frame00249 0.388252 1073.291748 320.936188 1245.008545 378.761505
frame00250 0.465138 0.000000 303.014221 124.227127 416.068817
frame00250 0.451598 918.924683 314.821503 1093.395508 370.812897
frame00250 0.403631 1076.813477 319.136597 1249.727539 378.889801
frame00251 0.439386 0.000000 306.917633 113.606659 413.452271
frame00251 0.423338 922.164246 314.564026 1096.216919 372.282318
frame00251 0.401209 1075.833984 319.808228 1251.810303 379.054230
frame00252 0.407392 0.000000 310.754456 104.102112 407.794403
frame00252 0.451762 919.912170 315.325439 1096.177612 371.699615
frame00252 0.399151 1076.179443 319.742737 1250.935547 378.154572
frame00253 0.271819 8.734574 317.753326 102.612244 399.453064
frame00253 0.461880 921.283264 316.126129 1100.470581 370.268402
frame00253 0.414210 1075.999146 319.689667 1249.906616 376.733582
frame00254 0.490960 921.418396 315.912079 1104.352783 368.887604
frame00254 0.435421 1078.463501 316.459412 1250.838501 379.582916
frame00255 0.498496 923.799133 315.883453 1100.906982 367.786957
frame00255 0.444153 1079.498779 314.623627 1249.102661 381.387115
frame00256 0.496468 922.708435 315.629089 1100.480347 367.161682
frame00256 0.449356 1080.249023 314.372589 1248.177734 381.096161
frame00257 0.490674 923.679321 316.154175 1098.844116 367.519531
frame00257 0.444864 1078.830078 314.912872 1246.918701 381.708130
frame00258 0.500196 922.582886 316.129669 1095.188232 366.552704
frame00258 0.427579 1081.390503 315.234650 1244.802368 381.901062
frame00259 0.506804 919.232544 316.303009 1097.242798 367.087341
frame00259 0.434351 1080.424072 315.268555 1245.107300 382.139221
