frame00000 0.210486 460.093628 298.303558 590.799683 338.852386
frame00000 0.435964 919.480530 313.164825 1092.225586 372.077271
frame00000 0.452933 1074.671387 311.669891 1250.833496 389.163239
frame00001 0.438889 919.798218 313.774323 1094.353882 371.448700
frame00001 0.464307 1073.175171 311.568237 1250.056885 388.700378
frame00002 0.420529 919.628906 313.198944 1091.831543 371.317719
frame00002 0.469569 1074.248291 311.482117 1249.892822 388.507690
frame00003 0.431368 918.252930 312.948120 1091.808838 371.304901
frame00003 0.466550 1073.665527 311.330963 1250.881958 388.747192
frame00004 0.432303 920.032104 312.757935 1093.679565 370.845917
frame00004 0.464481 1073.242676 310.419098 1254.553589 388.316528
frame00005 0.437909 921.062744 313.553833 1095.158936 370.794678
frame00005 0.447910 1072.178467 310.555328 1252.363037 387.511597
frame00006 0.446055 916.875305 313.328796 1096.735352 371.035736
frame00006 0.459337 1073.646484 310.078644 1252.902832 388.524933
frame00007 0.450785 917.154785 313.860260 1096.109131 370.454437
frame00007 0.461848 1074.433960 310.707275 1251.768921 387.875885
frame00008 0.465664 917.656006 313.936646 1094.715698 369.477386
frame00008 0.459200 1074.044312 311.815796 1248.396362 386.300446
frame00009 0.200508 456.279144 297.298279 592.917236 339.396423
frame00009 0.450407 920.413269 313.367615 1096.965698 371.237305
frame00009 0.448758 1074.436279 311.458160 1249.763428 387.884460
frame00010 0.430242 922.619080 312.993408 1098.566650 371.227905
frame00010 0.461712 1072.280151 310.927429 1251.656006 388.199615
frame00011 0.201338 458.214355 297.719055 593.321472 339.357208
frame00011 0.443867 922.215576 313.598999 1097.889526 371.381439
frame00011 0.448521 1075.317139 311.824524 1251.054688 387.971832
frame00012 0.465290 920.253357 312.679535 1101.479004 371.324585
frame00012 0.452813 1074.969482 310.395691 1253.767822 388.105896
frame00013 0.457006 920.124573 312.537811 1100.449463 371.565979
frame00013 0.455019 1074.194580 310.304871 1253.210205 388.532104
frame00014 0.459862 920.106934 312.581177 1102.242188 371.433472
frame00014 0.448027 1073.761719 310.141510 1251.911133 388.412964
frame00015 0.445152 920.507141 313.382233 1096.321289 371.003967
frame00015 0.453478 1073.584717 310.884613 1250.032227 388.542389
frame00016 0.451589 919.944214 313.607574 1095.257935 370.391449
frame00016 0.461105 1073.622681 311.054962 1249.470581 387.913605
frame00017 0.464310 918.620850 314.449463 1096.088501 369.856354
frame00017 0.457729 1075.211060 312.229462 1249.290894 386.578796
frame00018 0.465763 918.344055 313.807556 1097.465088 370.172516
frame00018 0.455686 1076.139160 311.420593 1250.771729 386.833801
frame00019 0.455904 918.523438 313.926178 1097.533081 370.405823
frame00019 0.455433 1073.821777 311.483032 1249.625854 387.144867
frame00020 0.441780 917.202148 313.116058 1095.000488 371.143402
frame00020 0.460943 1074.620239 310.512299 1252.747925 388.517090
frame00021 0.424647 920.695557 313.512909 1092.223633 369.719482
frame00021 0.458650 1075.053223 311.034882 1252.529175 387.948303
frame00022 0.415374 921.867065 313.455078 1090.467651 370.029694
frame00022 0.467341 1075.779053 311.709564 1253.132812 388.010284
frame00023 0.430302 918.378052 313.175293 1092.031006 370.722412
frame00023 0.471472 1074.846313 310.949524 1254.691528 388.291046
frame00024 0.429041 917.229553 313.808838 1089.760864 370.390991
frame00024 0.476630 1075.586060 312.103851 1253.182739 387.744781
frame00025 0.431803 914.962830 313.416138 1090.512817 370.774109
frame00025 0.474367 1077.143188 311.805389 1254.318359 387.828705
frame00026 0.210055 456.480072 298.732666 591.375305 339.424011
frame00026 0.436230 914.551453 313.384827 1089.422363 371.264160
frame00026 0.470952 1077.924683 311.997894 1253.949097 387.799988
frame00027 0.209846 457.641022 298.718811 590.882019 339.494568
frame00027 0.427443 916.063354 313.388824 1090.434692 371.260651
frame00027 0.470406 1075.789917 312.036713 1252.033691 387.582520
frame00028 0.221303 458.915375 299.195404 590.461609 339.340332
frame00028 0.422759 917.336487 313.736511 1089.608276 371.177979
frame00028 0.467327 1076.159912 312.711365 1250.899414 387.286682
frame00029 0.223841 458.830719 298.663269 594.030701 340.570953
frame00029 0.433937 917.883545 313.494202 1091.408813 371.714630
frame00029 0.458353 1074.345825 312.113098 1249.485352 387.712708
frame00030 0.432843 916.660461 312.770020 1092.352783 371.725616
frame00030 0.472844 1072.077148 310.897888 1251.372559 388.706421
frame00031 0.209017 457.668182 298.591644 595.037170 341.178864
frame00031 0.435366 918.237610 313.023438 1094.350586 372.187347
frame00031 0.461360 1073.069946 311.213806 1251.543823 389.006653
frame00032 0.239055 463.513184 298.634521 593.358826 338.964935
frame00032 0.428722 917.418823 312.330933 1093.409912 372.555054
frame00032 0.464982 1073.492310 311.072540 1252.750732 389.304199
frame00033 0.234187 459.765472 298.569061 595.998779 340.919830
frame00033 0.434770 919.283508 313.066406 1095.664917 372.351501
frame00033 0.460745 1072.342407 311.491608 1252.121216 388.885681
frame00034 0.220446 460.432495 298.499725 594.825378 340.101715
frame00034 0.423948 918.290894 313.045990 1092.621582 372.147949
frame00034 0.466656 1072.239136 311.502563 1250.827515 389.003937
frame00035 0.233374 462.430481 298.203552 593.449219 339.071533
frame00035 0.422831 918.223206 312.959900 1093.181396 372.292419
frame00035 0.464617 1072.081543 311.564636 1250.713013 389.113159
frame00036 0.239068 463.688232 298.318298 593.954102 339.099640
frame00036 0.419114 918.659363 312.590210 1091.823120 372.942108
frame00036 0.457040 1073.667480 311.375488 1250.706421 389.365845
frame00037 0.258042 467.658386 298.086365 594.893433 338.100464
frame00037 0.416869 918.706360 312.334229 1092.828369 373.518799
frame00037 0.460176 1075.213013 311.374390 1253.820312 389.538025
frame00038 0.259267 467.629700 298.329193 594.807007 338.604584
frame00038 0.420241 918.441833 312.535614 1091.864868 373.255219
frame00038 0.458178 1074.351074 311.625488 1252.193848 389.174866
frame00039 0.254011 468.446350 297.942291 594.984619 338.315247
frame00039 0.425732 918.989319 311.921509 1093.282715 373.261261
frame00039 0.462847 1073.715698 310.880005 1253.795288 389.967041
frame00040 0.248805 466.584717 297.061310 597.715149 338.764313
frame00040 0.437361 918.614502 311.416534 1094.130127 373.364868
frame00040 0.457975 1075.890381 310.124146 1255.168945 390.455017
frame00041 0.264905 468.197815 297.779999 596.418823 339.344543
frame00041 0.427616 920.353271 311.859528 1092.249756 372.968597
frame00041 0.466756 1075.286133 311.118286 1255.774048 389.444916
frame00042 0.259750 466.313660 297.898773 597.097717 339.639008
frame00042 0.440623 917.756287 312.275055 1090.526001 372.451202
frame00042 0.464947 1076.338257 311.419952 1255.646240 389.197113
frame00043 0.265644 466.654816 298.298645 595.509033 339.794189
frame00043 0.435092 919.866943 312.232086 1090.547119 372.360474
frame00043 0.455109 1076.569092 311.676636 1253.638794 388.572174
frame00044 0.263349 462.169464 298.789551 594.342163 340.623047
frame00044 0.447157 918.963501 313.284119 1091.838135 371.449890
frame00044 0.458191 1077.283813 312.817230 1252.565186 387.831543
frame00045 0.267069 459.062256 298.429565 596.095642 342.265503
frame00045 0.439657 918.911072 313.120728 1091.978394 371.476379
frame00045 0.458983 1074.464355 312.279419 1252.018799 387.644775
frame00046 0.290315 463.071167 298.718231 594.812195 340.823120
frame00046 0.442518 916.522705 312.873779 1090.536377 371.696014
frame00046 0.465483 1075.705078 312.447815 1253.918701 388.065613
frame00047 0.281197 460.704315 298.357483 594.149597 341.160889
frame00047 0.435637 918.247070 312.805969 1088.418091 371.078888
frame00047 0.469343 1074.501221 312.144348 1252.267578 387.953583
frame00048 0.263584 460.639282 298.755676 595.164856 342.090057
frame00048 0.434302 917.984680 313.016846 1087.423950 371.183777
frame00048 0.472242 1074.655884 312.360809 1252.621948 387.819183
frame00049 0.277999 463.114075 298.882935 593.784241 340.739014
frame00049 0.444976 918.087158 312.977905 1090.219238 371.479309
frame00049 0.460504 1076.016235 312.517883 1252.618530 388.022705
frame00050 0.298920 464.900940 298.509766 592.731140 340.189880
frame00050 0.453077 915.467651 312.557831 1087.964844 371.848083
frame00050 0.457434 1077.038086 312.302917 1253.666504 388.282684
frame00051 0.294465 465.634766 298.655151 592.133301 339.749084
frame00051 0.449192 917.209473 312.270508 1089.207031 372.137695
frame00051 0.455155 1075.534180 311.858551 1253.215088 388.782288
frame00052 0.305893 469.182129 299.315704 591.856445 338.819061
frame00052 0.442491 915.688965 312.763458 1087.990845 371.729248
frame00052 0.456751 1075.584473 312.616394 1252.394531 388.052307
frame00053 0.292433 465.342834 298.881073 592.151245 339.804626
frame00053 0.435785 917.260803 313.069336 1088.653320 371.713196
frame00053 0.458510 1075.334717 312.908844 1251.954590 387.761597
frame00054 0.302792 468.157379 299.309174 591.149963 338.858643
frame00054 0.430500 918.402954 313.071228 1089.193848 371.800507
frame00054 0.458338 1076.777222 313.314941 1252.699951 387.455688
frame00055 0.296168 466.847717 299.325470 592.198120 339.598602
frame00055 0.439136 918.849854 313.252136 1092.160767 371.666016
frame00055 0.452689 1074.963745 313.047363 1251.397339 387.155060
frame00056 0.282037 466.813293 298.973846 593.803101 339.463562
frame00056 0.435667 917.643066 313.021423 1089.640991 371.660736
frame00056 0.467589 1075.632568 312.687622 1253.430420 387.956787
frame00057 0.265028 467.895996 299.499542 593.284485 339.278381
frame00057 0.434899 916.843384 312.535522 1093.904541 373.071838
frame00057 0.461173 1073.725464 311.651947 1254.243042 389.162598
frame00058 0.281469 471.208527 300.123230 589.357544 337.560455
frame00058 0.423797 918.088501 312.941010 1093.196289 372.504150
frame00058 0.462006 1074.723022 312.620697 1252.581055 388.044891
frame00059 0.272909 469.005280 299.972687 590.268066 338.083832
frame00059 0.418193 918.738770 313.013733 1093.046143 372.235718
frame00059 0.470948 1071.947510 312.366486 1252.086670 388.032562
frame00060 0.268353 469.324402 299.751221 588.412231 337.143066
frame00060 0.436038 915.773010 312.932800 1092.605469 372.555450
frame00060 0.462298 1074.360474 312.287994 1252.574951 387.829926
frame00061 0.284693 469.175232 299.992859 591.140503 338.177795
frame00061 0.433556 915.959778 313.156708 1091.292236 372.052551
frame00061 0.469358 1074.088013 312.535400 1252.981445 387.727875
frame00062 0.279502 470.755646 299.866882 590.379456 337.568909
frame00062 0.427329 917.310852 313.158600 1092.123535 372.478485
frame00062 0.460210 1073.854614 312.520081 1251.711182 387.889252
frame00063 0.279068 467.308838 299.580688 593.568665 339.823700
frame00063 0.426872 916.730957 312.807739 1092.627197 372.696259
frame00063 0.464319 1071.516479 311.899292 1252.197632 388.608734
frame00064 0.279423 468.461365 299.123566 594.917664 339.297180
frame00064 0.444242 917.113770 312.664276 1093.433228 373.062195
frame00064 0.452157 1073.826660 311.540009 1253.068481 389.298645
frame00065 0.290800 469.076477 300.082825 592.156677 338.905029
frame00065 0.437910 917.969604 312.852844 1097.099365 372.870026
frame00065 0.450541 1071.254761 311.944519 1250.730957 388.696198
frame00066 0.277329 467.037537 300.438538 589.853760 339.169952
frame00066 0.423995 919.285950 313.479950 1095.007812 372.335236
frame00066 0.450725 1071.758545 312.810577 1249.359253 388.231659
frame00067 0.279652 467.079102 299.686707 591.625977 339.240570
frame00067 0.431855 919.139954 313.134613 1094.182007 372.387756
frame00067 0.462485 1071.902832 312.397369 1250.782715 388.352448
frame00068 0.302825 468.957977 300.250427 591.503357 339.322144
frame00068 0.431650 919.604614 313.348663 1094.390381 372.409576
frame00068 0.458394 1073.013794 313.022034 1251.107910 388.338470
frame00069 0.301726 468.068787 300.155914 592.285767 339.799927
frame00069 0.423309 919.109863 313.350220 1094.502930 372.517365
frame00069 0.462035 1072.890259 313.174683 1251.259521 388.203522
frame00070 0.295935 469.394562 300.766174 592.712280 339.560730
frame00070 0.432756 917.563599 313.425385 1095.411133 372.363739
frame00070 0.453999 1072.646484 313.084930 1250.967041 388.053467
frame00071 0.278609 462.040863 301.050171 591.516663 341.470154
frame00071 0.443998 918.148499 313.873932 1095.855713 371.689911
frame00071 0.455955 1072.825684 313.285217 1250.186646 387.612762
frame00072 0.277186 461.853455 300.632751 593.454224 341.132629
frame00072 0.448493 917.669189 313.751221 1095.330200 371.394714
frame00072 0.457869 1073.935059 312.741699 1252.076904 387.266693
frame00073 0.283550 461.850891 300.253113 595.322815 341.778351
frame00073 0.451509 916.687012 313.645111 1093.664429 371.109711
frame00073 0.455606 1072.641968 312.440063 1251.010498 387.277649
frame00074 0.294184 465.635406 300.413300 595.335938 340.701569
frame00074 0.439533 915.662170 313.187225 1092.493530 371.250824
frame00074 0.466772 1073.884033 312.443146 1254.665894 387.431519
frame00075 0.310721 470.069733 300.152740 597.463501 340.258392
frame00075 0.429182 917.341064 313.146973 1092.679199 371.055328
frame00075 0.465047 1074.322266 312.736145 1255.934937 387.198975
frame00076 0.309567 469.261841 300.125183 597.765625 340.459839
frame00076 0.428108 918.377686 313.266937 1091.833252 370.861969
frame00076 0.465214 1073.449707 312.813080 1255.175049 387.237000
frame00077 0.310981 469.998901 300.213440 596.786316 340.153748
frame00077 0.430544 916.561768 313.035004 1092.191406 371.157532
frame00077 0.465601 1073.800903 312.613129 1255.811035 387.235321
frame00078 0.321195 471.297729 300.818054 594.518799 339.599121
frame00078 0.425858 914.313660 313.145233 1091.103027 371.466309
frame00078 0.467517 1073.592041 312.929382 1254.465210 387.132538
frame00079 0.336363 470.765137 300.742340 595.070496 340.113739
frame00079 0.427993 914.744385 313.452698 1090.660156 371.413727
frame00079 0.469282 1075.230835 313.552856 1254.966064 386.497223
frame00080 0.355390 471.546783 300.353516 594.180542 339.478577
frame00080 0.424269 915.625244 313.456512 1091.540894 372.016815
frame00080 0.463776 1072.541748 313.626038 1252.335083 387.025421
frame00081 0.356970 471.896942 300.160828 592.471680 338.965881
frame00081 0.419289 913.979553 313.186066 1089.646118 371.935272
frame00081 0.467153 1074.012817 313.679352 1252.767456 386.550079
frame00082 0.359046 473.662262 300.192078 593.291321 338.579681
frame00082 0.421683 915.887512 312.988617 1093.263428 372.600891
frame00082 0.455556 1073.104858 313.189606 1252.570190 387.085236
frame00083 0.350839 475.525360 300.007050 591.822815 337.642914
frame00083 0.427991 917.081238 312.952820 1094.102051 372.857178
frame00083 0.450913 1071.780640 312.916687 1249.998535 387.539032
frame00084 0.339801 475.930939 301.224640 589.255127 337.761200
frame00084 0.425834 916.138245 312.997009 1093.437256 372.945801
frame00084 0.457947 1073.515503 313.210815 1252.864746 387.589020
frame00085 0.357802 474.930298 300.519806 593.191711 339.300507
frame00085 0.432952 916.971680 312.866516 1092.523438 372.620728
frame00085 0.449748 1072.152710 312.849457 1251.758057 387.901276
frame00086 0.379390 473.388641 299.575043 594.294983 340.016632
frame00086 0.427473 919.605774 312.752838 1092.078613 372.518250
frame00086 0.438835 1073.286377 313.127350 1251.082520 387.826263
frame00087 0.372149 469.680237 299.457062 591.393311 339.709656
frame00087 0.429610 916.932434 312.755341 1090.132324 371.769714
frame00087 0.458639 1071.972778 313.265839 1251.462402 387.612122
frame00088 0.369684 469.396973 299.906921 589.993591 340.201996
frame00088 0.448002 913.675598 312.606964 1087.562500 371.425873
frame00088 0.457902 1072.144531 312.889526 1251.308594 387.406799
frame00089 0.380447 471.759918 300.316437 590.446289 339.715515
frame00089 0.451356 912.363403 312.496307 1088.665771 371.858185
frame00089 0.458089 1072.215088 312.765106 1252.524292 387.425354
frame00090 0.378126 469.824677 300.336182 590.553284 340.503387
frame00090 0.430920 915.354858 313.205292 1087.382324 371.117981
frame00090 0.458782 1072.231812 313.631439 1251.009644 385.957184
frame00091 0.374174 469.767731 300.340942 589.469849 340.496735
frame00091 0.435958 915.383179 312.722412 1087.023682 371.083588
frame00091 0.455607 1070.415894 312.923035 1249.668335 386.855438
frame00092 0.412314 472.270264 300.562042 589.156555 339.863312
frame00092 0.434859 914.499634 312.804901 1087.089355 371.400513
frame00092 0.450795 1073.630127 313.811798 1250.611816 386.630554
frame00093 0.409111 472.689331 300.259125 591.394897 340.669373
frame00093 0.433275 916.763184 312.593384 1087.457397 371.599640
frame00093 0.458677 1072.005859 313.219727 1251.147827 386.903625
frame00094 0.408851 475.172363 300.416840 592.003296 340.141388
frame00094 0.427438 917.631470 312.801910 1089.068726 371.866302
frame00094 0.452579 1075.224243 313.893036 1252.956055 386.749878
frame00095 0.418859 477.251099 299.824371 593.569519 339.499115
frame00095 0.420615 919.566895 312.385132 1091.706177 372.136841
frame00095 0.445832 1074.357788 313.318176 1251.793457 387.085083
frame00096 0.423652 478.982605 300.084930 596.981689 340.233704
frame00096 0.425034 918.429688 312.312775 1092.867188 372.775543
frame00096 0.443523 1072.717407 312.612396 1252.903564 387.620270
frame00097 0.406562 479.396698 300.714752 592.323730 338.347137
frame00097 0.419773 917.060669 312.548004 1094.559570 373.379761
frame00097 0.450867 1072.323242 313.151306 1253.036377 387.775238
frame00098 0.418916 479.649811 300.771271 590.990662 337.658722
frame00098 0.430951 915.356567 312.562012 1093.898315 372.568542
frame00098 0.456217 1073.393066 313.330719 1253.414185 386.939819
frame00099 0.428211 477.162933 300.751587 591.163208 338.443054
frame00099 0.421925 914.739929 312.943695 1091.454590 372.163452
frame00099 0.458760 1074.326904 314.099365 1253.224976 386.321991
frame00100 0.425458 478.634521 300.524078 590.864319 338.069855
frame00100 0.427381 913.208740 312.794647 1090.064941 372.369995
frame00100 0.458077 1074.780518 313.911346 1254.055542 386.591736
frame00101 0.422313 477.412140 299.887909 593.508789 339.030090
frame00101 0.426481 915.076416 312.319336 1091.664429 372.643768
frame00101 0.458010 1074.644409 312.980499 1255.403931 387.185577
frame00102 0.427017 479.174805 300.400726 593.389221 338.776764
frame00102 0.424326 914.723389 312.545319 1091.109497 372.199158
frame00102 0.457919 1073.087891 313.435791 1253.739136 386.746399
frame00103 0.415861 478.181335 300.016968 595.416504 339.356445
frame00103 0.428009 914.757385 312.440521 1090.175781 372.461914
frame00103 0.461310 1073.627197 312.929901 1256.525757 387.316132
frame00104 0.419044 478.362579 300.430878 593.332275 338.567841
frame00104 0.434824 913.936401 312.308899 1092.180664 372.177002
frame00104 0.457378 1076.362427 312.981567 1258.193848 386.866821
frame00105 0.425178 479.498779 300.165894 594.454163 338.335632
frame00105 0.433858 914.786987 312.040894 1093.372925 372.202850
frame00105 0.458472 1074.986816 312.549683 1258.145630 387.096924
frame00106 0.433886 481.620483 299.639496 594.188721 337.945251
frame00106 0.433706 915.686523 312.057007 1091.920166 371.854675
frame00106 0.449703 1076.546509 312.885681 1256.603882 386.585419
frame00107 0.418788 479.235870 299.138916 593.704712 337.798431
frame00107 0.431509 915.835449 311.934113 1091.017456 371.253601
frame00107 0.457594 1076.347778 312.790070 1256.464233 386.303986
frame00108 0.421907 478.205902 299.076355 590.890686 337.695221
frame00108 0.438415 915.021973 311.850098 1088.915527 371.726318
frame00108 0.459364 1077.020386 312.671234 1256.682983 386.744232
frame00109 0.436885 474.847717 299.278259 588.492676 338.097382
frame00109 0.428269 914.732727 312.373993 1089.249023 371.796051
frame00109 0.463191 1075.831787 313.668488 1255.021729 386.325806
frame00110 0.438424 475.514771 299.479828 587.029114 337.722443
frame00110 0.422020 914.117310 312.543762 1088.574951 372.012878
frame00110 0.461759 1075.437378 314.009491 1253.499634 385.815582
frame00111 0.433153 475.744751 300.471405 586.859863 337.981323
frame00111 0.420289 915.133179 312.919647 1090.170898 372.296021
frame00111 0.459427 1074.671875 314.289612 1253.055542 385.971771
frame00112 0.439303 474.706390 300.542358 584.722412 337.761719
frame00112 0.424022 914.167786 312.929688 1090.082520 371.885376
frame00112 0.454153 1075.138794 314.543427 1252.060425 385.465668
frame00113 0.446018 477.743378 300.563263 585.917358 337.435120
frame00113 0.409432 916.272522 312.860596 1089.298218 372.153503
frame00113 0.454310 1075.843750 314.789124 1252.806274 385.814789
frame00114 0.450462 476.879639 300.137604 589.361511 338.629395
frame00114 0.416438 917.440796 312.699768 1091.555176 372.408447
frame00114 0.451517 1074.218872 314.141693 1254.475586 386.395691
frame00115 0.460428 477.532379 300.120605 589.425293 338.284790
frame00115 0.420190 915.065002 312.484680 1089.392212 372.388458
frame00115 0.455714 1074.336670 313.997223 1253.293091 386.013550
frame00116 0.465355 476.704590 300.019165 588.028320 338.472565
frame00116 0.415936 917.489319 312.519135 1092.223389 372.542145
frame00116 0.451317 1073.193237 314.159882 1252.620239 385.904724
frame00117 0.447358 471.085052 299.983887 587.803711 339.906647
frame00117 0.425985 917.619568 313.140747 1091.714966 371.883850
frame00117 0.451923 1073.199707 314.472900 1251.592896 385.681061
frame00118 0.464291 472.969727 300.235199 587.787170 339.396088
frame00118 0.435954 916.718445 312.880402 1096.655273 372.276489
frame00118 0.445520 1072.639404 314.165009 1253.216919 385.817566
frame00119 0.465005 473.864868 299.996857 586.822449 338.719940
frame00119 0.423278 917.115112 312.691711 1091.992432 372.037811
frame00119 0.446200 1071.564819 314.041748 1250.520508 385.865540
frame00120 0.467667 474.619019 300.220398 589.200867 339.235809
frame00120 0.425871 918.152832 312.664703 1093.548096 371.506622
frame00120 0.450149 1072.130371 314.192810 1253.052368 385.313141
frame00121 0.457787 475.756042 299.347870 589.507996 338.858826
frame00121 0.413371 918.204285 312.558472 1088.113892 371.479156
frame00121 0.455440 1073.068359 314.190094 1252.981934 385.691925
frame00122 0.465262 477.036438 299.311340 588.090088 337.893158
frame00122 0.413025 917.663025 311.871796 1091.521118 372.018402
frame00122 0.458716 1074.252319 313.872528 1255.790039 386.083374
frame00123 0.479767 476.152893 298.959869 589.872192 338.498352
frame00123 0.409881 919.458069 312.194366 1094.616821 372.016724
frame00123 0.453657 1072.477539 314.036621 1254.543945 385.525909
frame00124 0.468961 475.090790 299.153259 589.485413 338.522766
frame00124 0.406990 918.929810 312.669128 1090.812500 371.742493
frame00124 0.455075 1072.910400 314.422607 1253.613770 385.601746
frame00125 0.468854 473.799103 298.518951 591.198853 339.146606
frame00125 0.427763 917.938904 312.352173 1092.632812 372.177399
frame00125 0.446603 1073.081665 313.378906 1253.878296 386.024506
frame00126 0.482171 475.645416 299.335510 588.245911 337.938812
frame00126 0.437640 917.130005 313.159821 1093.579346 371.833954
frame00126 0.447987 1074.874146 314.391388 1253.673340 385.625427
frame00127 0.495800 474.695618 299.658936 587.118591 337.967499
frame00127 0.450320 916.547729 313.403717 1097.508057 372.185028
frame00127 0.437038 1072.672974 314.456299 1251.249634 385.294312
frame00128 0.492033 472.511902 298.950745 587.504211 338.619843
frame00128 0.449311 918.111633 312.912048 1098.744263 372.117188
frame00128 0.436226 1075.264160 314.236237 1253.732788 385.079987
frame00129 0.474180 470.765686 298.861847 584.805176 337.965210
frame00129 0.448068 917.144409 312.548401 1097.188477 372.228546
frame00129 0.440337 1073.646973 313.564392 1252.990112 385.953400
frame00130 0.508649 470.985535 300.043030 582.403381 338.434082
frame00130 0.444549 917.271484 313.404999 1095.697876 371.349335
frame00130 0.444535 1073.347412 314.935791 1250.872192 384.754211
frame00131 0.523333 470.661560 300.607727 581.557983 338.750366
frame00131 0.441552 917.701294 313.442139 1097.035400 371.473022
frame00131 0.435065 1073.603516 315.136292 1249.887451 384.508606
frame00132 0.526291 471.292786 300.781830 580.074768 338.214172
frame00132 0.440202 915.858276 313.418152 1094.950562 371.377289
frame00132 0.435978 1075.057251 315.467316 1249.759277 384.197723
frame00133 0.528138 470.512024 300.805420 581.206299 338.973145
frame00133 0.430299 917.925476 313.359344 1096.673462 371.198456
frame00133 0.430440 1073.540649 315.670929 1248.244019 383.961273
frame00134 0.502640 470.339813 300.987518 580.121399 338.593018
frame00134 0.432446 916.313110 313.304047 1095.066772 371.174805
frame00134 0.440527 1074.314453 315.464905 1250.665649 384.188690
frame00135 0.519303 470.218475 301.110504 579.226562 338.876892
frame00135 0.443183 916.162109 313.420105 1096.043945 371.085632
frame00135 0.430066 1074.821167 315.589752 1248.871826 383.821747
frame00136 0.501045 468.060944 300.857086 581.789612 339.307800
frame00136 0.434674 915.792236 312.914307 1090.018433 370.324524
frame00136 0.445417 1073.314697 314.639801 1249.911255 384.075714
frame00137 0.506979 465.509766 300.326447 583.143494 340.413116
frame00137 0.430144 918.333679 313.013763 1091.572754 370.275604
frame00137 0.440432 1072.494995 314.932556 1249.544189 383.917664
frame00138 0.522183 464.700592 299.887329 582.798279 341.362854
frame00138 0.416869 920.753479 312.476532 1094.822021 371.073975
frame00138 0.441594 1072.313110 315.168152 1250.828125 384.132965
frame00139 0.534139 462.835724 300.288055 582.235168 342.210602
frame00139 0.416820 919.324707 312.681122 1092.148193 370.640442
frame00139 0.440663 1071.664062 315.380066 1249.174316 383.906586
frame00140 0.538662 465.140656 300.510864 585.096252 342.175812
frame00140 0.419130 919.921936 312.816010 1095.183960 370.521759
frame00140 0.437662 1068.638794 315.165497 1248.347412 383.578278
frame00141 0.529620 462.208893 299.633331 584.529785 342.657745
frame00141 0.413079 919.471924 312.161621 1092.208252 370.620636
frame00141 0.438949 1070.101562 314.420044 1248.868286 384.023499
frame00142 0.550599 464.763367 300.339783 583.603455 341.777679
frame00142 0.425815 916.487122 312.471527 1090.726562 370.309723
frame00142 0.443449 1072.903320 315.083649 1250.664795 383.308411
frame00143 0.543752 463.847351 300.985016 581.510376 341.941437
frame00143 0.421427 917.479858 312.874298 1088.903564 369.593506
frame00143 0.448585 1072.738159 315.587158 1249.586670 382.859924
frame00144 0.532146 464.414368 301.399597 579.975098 341.353882
frame00144 0.424948 915.999146 312.880402 1089.907715 370.257874
frame00144 0.446462 1073.405640 315.395111 1250.510498 383.565063
frame00145 0.550656 461.606628 301.789581 580.084778 342.426544
frame00145 0.430849 916.586182 312.838898 1093.163330 369.853149
frame00145 0.442268 1073.255859 315.504852 1249.572876 382.682739
frame00146 0.547495 460.869781 300.680237 578.652222 342.361420
frame00146 0.436265 917.733826 312.846497 1093.893677 370.510315
frame00146 0.428008 1073.291504 315.274414 1247.414429 383.047913
frame00147 0.546883 461.177490 300.946350 576.759216 341.452942
frame00147 0.443920 916.335693 312.991394 1096.614502 370.687866
frame00147 0.435214 1074.051025 315.611664 1248.837158 383.684509
frame00148 0.520949 459.962158 300.909912 576.226685 341.060059
frame00148 0.439010 918.036987 313.881317 1095.763428 370.165100
frame00148 0.433937 1072.857544 316.215271 1247.086914 383.205017
frame00149 0.532087 457.350220 300.238556 575.409058 341.227234
frame00149 0.447815 916.741455 313.319672 1096.843872 370.235443
frame00149 0.433480 1072.219482 315.488800 1245.914307 383.311737
frame00150 0.538548 458.063202 300.974152 572.832581 340.693848
frame00150 0.433396 916.312561 313.670654 1092.478271 369.402710
frame00150 0.444678 1074.081055 316.530457 1244.980591 382.535522
frame00151 0.568876 459.793579 301.305145 572.661072 340.718109
frame00151 0.439327 916.346069 313.381866 1093.301025 369.711304
frame00151 0.429034 1076.664917 316.843933 1243.971436 382.182159
frame00152 0.579829 457.447052 301.384399 574.556824 342.416534
frame00152 0.443436 916.470459 313.097382 1093.816040 369.587555
frame00152 0.427446 1076.490601 316.685638 1244.758423 381.931702
frame00153 0.573687 456.672241 301.651123 575.671936 343.109222
frame00153 0.438232 917.398376 313.226837 1094.594238 369.447723
frame00153 0.426673 1074.576660 316.744110 1244.915894 382.110077
frame00154 0.572087 457.913666 301.490143 576.890930 342.484802
frame00154 0.439768 918.919067 313.309998 1096.537354 369.250061
frame00154 0.421687 1076.536377 316.649750 1246.658447 381.673950
frame00155 0.569666 456.560638 300.432190 578.463989 343.319946
frame00155 0.437364 917.339722 312.779053 1092.747070 369.231598
frame00155 0.425213 1074.638916 316.038391 1245.562256 381.815704
frame00156 0.565769 457.360809 300.249237 581.700195 344.607971
frame00156 0.445377 915.637268 312.924133 1089.612305 369.453522
frame00156 0.437199 1073.938110 315.832123 1247.092529 382.109528
frame00157 0.567450 455.162994 300.289001 580.284607 345.098877
frame00157 0.462444 915.256470 312.667480 1095.632568 370.563812
frame00157 0.439276 1076.321045 315.658630 1251.272949 382.587128
frame00158 0.563702 456.932831 300.806335 576.431824 343.527924
frame00158 0.443548 915.401306 312.201874 1095.177612 370.750732
frame00158 0.451019 1076.867432 315.400024 1251.655029 383.266846
frame00159 0.560490 455.582642 300.762024 574.432251 343.111176
frame00159 0.446567 915.063110 312.311707 1092.691895 369.369019
frame00159 0.452826 1077.233398 315.345306 1250.008667 383.141846
frame00160 0.564906 454.588562 300.228363 575.506348 344.147675
frame00160 0.446474 914.788574 311.851746 1092.213867 369.596954
frame00160 0.446162 1077.449463 314.552490 1250.107910 383.430664
frame00161 0.577471 456.524963 300.168854 576.213623 343.843384
frame00161 0.455155 915.694031 311.244812 1094.688843 369.800446
frame00161 0.438567 1079.503296 314.601807 1251.026611 382.533478
frame00162 0.582699 456.700989 300.609558 575.777893 343.408783
frame00162 0.449931 914.895264 311.301147 1092.253296 369.057556
frame00162 0.446913 1081.760620 314.948364 1252.085327 381.975281
frame00163 0.575622 454.739136 300.202026 577.353882 345.261963
frame00163 0.445087 915.404297 311.596191 1088.993042 369.467987
frame00163 0.448701 1080.038818 315.034668 1250.865479 382.322327
frame00164 0.585177 453.593750 299.546173 576.951050 344.357574
frame00164 0.436326 916.177124 311.149902 1092.269409 369.511841
frame00164 0.456511 1080.942261 315.134583 1252.944580 382.272064
frame00165 0.589872 451.015503 300.585083 574.931580 345.096863
frame00165 0.432575 916.129395 311.534668 1091.374390 368.876953
frame00165 0.457597 1080.546631 315.594452 1251.613037 381.817871
frame00166 0.597195 452.508179 301.256470 573.012756 344.037262
frame00166 0.445693 914.169312 311.494293 1092.012695 368.777008
frame00166 0.452463 1081.366699 315.588989 1251.299072 381.694397
frame00167 0.594617 447.171570 301.260590 569.681702 344.169952
frame00167 0.446407 914.524902 311.715485 1091.475708 368.221191
frame00167 0.450331 1082.681885 315.666656 1249.988281 381.553772
frame00168 0.608765 445.182526 301.131500 568.594482 344.886108
frame00168 0.449651 912.705200 311.851807 1092.843262 369.211395
frame00168 0.446755 1081.202637 316.041840 1249.511841 382.056610
frame00169 0.610362 442.616272 302.151764 567.526855 345.483521
frame00169 0.445312 912.762939 312.564453 1092.530273 368.960114
frame00169 0.451665 1080.814453 316.592377 1249.119629 382.065369
frame00170 0.629039 441.026123 301.889740 566.718201 345.502136
frame00170 0.444248 913.350952 312.721161 1091.841309 368.662109
frame00170 0.447119 1079.922485 316.821136 1247.536499 381.428375
frame00171 0.625446 439.099884 301.300385 566.144409 345.613770
frame00171 0.454672 913.192749 312.261047 1095.273193 368.901062
frame00171 0.444986 1081.128906 316.534637 1249.451172 381.537231
frame00172 0.628778 440.103302 302.140015 564.160889 345.683167
frame00172 0.442882 912.415771 312.046844 1091.406006 368.391968
frame00172 0.448940 1081.544434 316.528625 1248.276733 381.501923
frame00173 0.635975 442.327606 302.751160 563.390625 345.153748
frame00173 0.442191 914.333008 311.891632 1094.359131 367.905823
frame00173 0.449935 1082.932861 316.419067 1248.726929 380.736084
frame00174 0.619238 441.901001 302.382172 563.022827 345.003540
frame00174 0.450159 913.651611 312.089478 1091.472778 367.708923
frame00174 0.445865 1082.408325 316.326965 1247.171387 380.582703
frame00175 0.619900 440.677185 302.045898 563.947083 345.745361
frame00175 0.443207 912.306396 311.427887 1090.549561 368.269775
frame00175 0.442935 1081.301392 315.769562 1247.661621 381.755920
frame00176 0.630848 437.444214 300.659058 562.690491 345.166290
frame00176 0.445412 912.960205 311.436188 1090.483887 368.186523
frame00176 0.441221 1083.344238 315.990570 1247.017334 381.075043
frame00177 0.631104 436.014954 301.540039 558.783936 345.301697
frame00177 0.446022 913.273560 311.736053 1089.439331 367.118591
frame00177 0.450209 1083.444946 316.284943 1246.649048 380.428101
frame00178 0.609806 429.570679 300.326172 558.153442 346.111572
frame00178 0.460953 913.551392 311.943878 1092.031738 367.870117
frame00178 0.443728 1082.402832 316.183350 1245.999634 381.056854
frame00179 0.629028 429.763824 301.789551 551.784729 345.364380
frame00179 0.445321 914.464172 312.996979 1091.758057 368.328308
frame00179 0.441838 1079.368164 317.434143 1242.531860 381.326080
frame00180 0.611788 427.342834 301.527161 551.713257 345.766693
frame00180 0.459967 914.052246 313.018036 1092.781372 367.715363
frame00180 0.436188 1078.027832 317.177216 1241.890625 381.090820
frame00181 0.629892 427.197083 300.592255 552.568604 346.040558
frame00181 0.451353 913.438354 312.009308 1090.418335 367.062653
frame00181 0.447225 1077.457153 316.523895 1242.424072 381.170441
frame00182 0.610243 424.070068 300.947601 552.249451 346.474915
frame00182 0.462439 914.062195 312.040100 1095.198242 367.367615
frame00182 0.433671 1077.401978 316.341309 1242.138306 380.462250
frame00183 0.593992 421.929871 300.495483 553.272644 346.830658
frame00183 0.456148 915.158813 312.516266 1093.939209 366.886322
frame00183 0.431824 1077.489990 316.541656 1240.988403 379.905212
frame00184 0.594613 422.919891 299.536804 551.123596 345.509430
frame00184 0.461389 915.179382 312.299866 1094.261230 367.508179
frame00184 0.436328 1078.130615 316.654358 1240.545410 380.253296
frame00185 0.601133 421.616638 300.356506 553.212769 346.792877
frame00185 0.436328 917.338196 313.598083 1087.923706 366.528595
frame00185 0.444040 1077.144287 318.040039 1238.199707 379.402985
frame00186 0.598913 420.698547 300.479706 553.750854 346.996796
frame00186 0.441605 916.614319 313.385254 1087.708862 366.196960
frame00186 0.441095 1076.441772 317.671661 1238.009277 379.348114
frame00187 0.627104 421.917114 302.737122 545.932861 345.923065
frame00187 0.437584 915.503235 313.950653 1089.854126 366.823914
frame00187 0.429350 1079.804932 318.708496 1237.592163 379.470734
frame00188 0.644179 421.461182 302.200897 545.335022 346.167145
frame00188 0.446001 914.345032 313.717377 1090.060669 366.815308
frame00188 0.432279 1082.345703 318.507996 1238.566528 379.293121
frame00189 0.637780 420.440186 303.093170 542.592957 346.117462
frame00189 0.437833 913.665161 314.144196 1088.463135 367.023254
frame00189 0.443624 1080.737183 318.666595 1238.137451 379.312134
frame00190 0.637267 420.171661 301.245728 545.668091 346.611603
frame00190 0.455264 912.806946 313.354980 1089.403320 367.459625
frame00190 0.451541 1082.136230 318.078033 1241.419922 380.025421
frame00191 0.621719 417.845459 303.165527 540.972534 345.907837
frame00191 0.449178 912.447021 314.200378 1088.777100 367.031494
frame00191 0.446550 1082.339233 318.465363 1240.370361 379.622559
frame00192 0.616517 416.698425 303.027100 540.822021 346.318939
frame00192 0.438389 911.387817 313.683899 1086.017456 366.975494
frame00192 0.449833 1082.917969 317.828125 1241.080078 380.376221
frame00193 0.624851 412.281555 302.865479 543.730957 347.599640
frame00193 0.425042 912.679932 313.702423 1085.351807 366.045441
frame00193 0.450654 1081.718018 318.019531 1240.800537 379.716339
frame00194 0.608894 407.820709 302.672211 543.674866 348.922913
frame00194 0.448044 911.538757 313.665100 1088.239868 366.211823
frame00194 0.445053 1081.691406 317.256500 1240.336670 379.734222
frame00195 0.605641 409.188782 305.078339 537.759888 347.020538
frame00195 0.447454 911.905396 315.277496 1088.827637 365.937683
frame00195 0.443854 1083.313599 318.636169 1239.265137 379.000824
frame00196 0.618590 407.267639 304.470703 537.551819 347.937683
frame00196 0.450638 914.181396 315.107086 1091.094238 365.941315
frame00196 0.443684 1083.411011 318.773193 1238.778931 378.777344
frame00197 0.623333 404.060364 303.135010 539.966309 348.710663
frame00197 0.464775 913.259277 314.465240 1092.925049 366.043732
frame00197 0.441091 1083.170410 317.979218 1239.358154 379.362366
frame00198 0.633007 402.478302 302.540527 538.664001 348.696838
frame00198 0.459341 912.238708 313.885132 1091.949951 366.521545
frame00198 0.447678 1083.752319 317.610504 1239.991943 379.577240
frame00199 0.629054 400.556885 303.349823 536.471619 348.737244
frame00199 0.461664 911.857849 313.936798 1092.156738 365.898193
frame00199 0.444242 1083.035156 317.371399 1239.179565 379.591614
frame00200 0.619761 397.533112 303.880615 534.204041 349.573303
frame00200 0.447338 914.768433 313.673065 1093.680664 365.894165
frame00200 0.440574 1082.736084 317.443634 1238.059326 378.862854
frame00201 0.609402 396.479370 303.193207 536.203552 349.189697
frame00201 0.452772 913.645020 314.106506 1090.953857 365.385803
frame00201 0.431106 1082.419678 317.606262 1235.928711 378.658295
frame00202 0.603846 394.673645 303.242157 535.868713 349.569611
frame00202 0.450722 913.303711 313.895447 1086.655884 365.062164
frame00202 0.432398 1084.403320 317.790985 1236.633423 378.558533
frame00203 0.616119 392.476624 302.833649 537.005127 349.964874
frame00203 0.451335 913.083984 313.521973 1090.404541 365.604431
frame00203 0.434336 1084.178223 317.475586 1238.387695 379.008362
frame00204 0.614941 391.867065 301.959259 534.468262 349.119537
frame00204 0.454011 911.298340 312.623962 1090.585938 366.378021
frame00204 0.444872 1088.100708 316.782440 1242.085327 379.544128
frame00205 0.642230 389.516418 301.453247 532.980408 349.383270
frame00205 0.459374 912.290710 312.366058 1093.855347 365.876770
frame00205 0.440996 1087.478516 316.292511 1241.212402 379.834991
frame00206 0.625474 387.831726 301.490173 530.448242 349.409851
frame00206 0.446937 914.574524 312.462128 1092.802490 365.432343
frame00206 0.441482 1086.183228 315.990540 1238.986084 380.069305
frame00207 0.622926 384.390228 301.004761 531.998474 350.561951
frame00207 0.452899 913.327576 312.328033 1093.323608 365.320221
frame00207 0.446434 1086.442383 315.887573 1240.110596 380.122131
frame00208 0.615671 382.192047 302.128326 531.179626 351.111237
frame00208 0.460003 911.339600 312.384399 1092.041992 364.680389
frame00208 0.447986 1090.255859 315.889343 1242.181152 378.828949
frame00209 0.615447 380.559082 301.459961 530.361694 351.641724
frame00209 0.438568 912.998962 311.687317 1090.517700 364.547363
frame00209 0.448184 1088.601196 315.503540 1240.335327 379.120514
frame00210 0.605636 378.563507 301.789368 523.990662 350.579529
frame00210 0.409858 916.355713 312.267761 1089.677124 364.932770
frame00210 0.436738 1089.282715 316.401398 1237.864990 379.349915
frame00211 0.611988 377.160339 300.012939 525.018433 350.349213
frame00211 0.411704 915.110718 311.027679 1089.364990 365.212097
frame00211 0.432874 1089.012207 315.667389 1236.862061 378.662628
frame00212 0.617261 377.503174 300.226044 524.263123 349.856140
frame00212 0.440025 911.791077 310.390625 1088.993652 364.283386
frame00212 0.426041 1094.065918 314.488007 1239.048096 378.031830
frame00213 0.615123 375.698364 300.092377 523.780640 349.821228
frame00213 0.426211 914.722290 310.905792 1087.080322 364.029419
frame00213 0.430635 1095.351440 315.416351 1239.738892 378.149414
frame00214 0.627621 373.191833 300.729462 521.119141 350.624664
frame00214 0.427145 919.365540 311.801208 1094.482666 364.154633
frame00214 0.415460 1095.492065 316.536957 1237.980835 377.978912
frame00215 0.623434 370.622559 300.194702 523.520264 351.013977
frame00215 0.426538 919.051147 311.612518 1096.691162 364.563477
frame00215 0.416111 1095.374268 316.298096 1239.046387 377.975250
frame00216 0.608302 369.921417 301.058350 520.633850 350.665436
frame00216 0.414604 920.290649 312.068390 1095.472656 364.359985
frame00216 0.421618 1094.664429 316.565094 1238.998047 377.891418
frame00217 0.600941 367.531006 300.530579 521.635498 351.281616
frame00217 0.421906 921.353271 312.324219 1094.507812 364.078156
frame00217 0.431339 1094.244385 316.643372 1239.276245 378.025482
frame00218 0.612632 367.178467 300.686920 516.532227 350.513397
frame00218 0.426408 919.683716 311.653656 1092.874268 363.870148
frame00218 0.437512 1094.981812 316.303345 1239.777832 379.272125
frame00219 0.620614 360.339630 299.253967 516.989075 352.281799
frame00219 0.437347 920.580933 311.171814 1095.445801 363.858124
frame00219 0.432033 1097.082397 315.733887 1239.853638 379.257233
frame00220 0.606838 361.489502 300.098022 512.298462 350.801117
frame00220 0.417953 919.738098 311.312012 1090.248047 363.535919
frame00220 0.448994 1096.126099 315.823303 1239.682617 379.025970
frame00221 0.631382 356.655701 299.550232 512.521423 352.025543
frame00221 0.419993 920.506714 311.649231 1092.696655 363.538239
frame00221 0.440486 1096.267334 316.197388 1238.848877 379.185852
frame00222 0.623335 356.088379 300.539368 509.641907 351.886993
frame00222 0.419133 922.757690 311.739197 1094.985596 363.414246
frame00222 0.436927 1098.823486 316.462097 1239.722168 378.075775
frame00223 0.613645 352.025909 300.313354 509.932495 353.025238
frame00223 0.419743 922.090576 311.878479 1096.033691 364.160980
frame00223 0.436836 1099.674683 316.501617 1240.583374 377.826599
frame00224 0.629977 348.588104 300.357208 508.266663 354.137665
frame00224 0.435674 921.053345 312.073517 1097.262939 364.189606
frame00224 0.432675 1100.553589 316.614075 1240.922363 378.822540
frame00225 0.630008 348.478424 300.400848 507.935974 353.509003
frame00225 0.439252 919.566284 311.943237 1096.469360 363.643463
frame00225 0.439108 1098.716309 316.145203 1241.181885 378.754913
frame00226 0.633098 344.281128 300.008698 506.721832 354.176910
frame00226 0.429506 920.527039 311.914703 1096.288818 363.699036
frame00226 0.440003 1099.789795 316.355865 1241.124146 378.563751
frame00227 0.606480 341.773529 301.009460 502.185059 353.976013
frame00227 0.425601 919.884705 311.937744 1094.005981 362.792847
frame00227 0.438978 1101.276978 316.010986 1241.691040 379.221863
frame00228 0.621740 337.310944 300.606384 499.615326 353.943298
frame00228 0.438949 918.669739 311.531525 1099.377686 363.189209
frame00228 0.420241 1103.006470 315.486115 1242.155273 378.672760
frame00229 0.633733 335.062103 302.701080 495.948425 354.066284
frame00229 0.419726 920.911621 313.077423 1099.670776 362.931061
frame00229 0.423575 1099.819214 316.745422 1239.916748 378.580414
frame00230 0.622848 328.977234 303.451141 489.716614 354.672913
frame00230 0.424773 919.377075 313.303314 1099.296509 362.622314
frame00230 0.417990 1099.689453 316.434326 1240.231201 378.070007
frame00231 0.604455 325.944366 301.554504 489.126434 354.794830
frame00231 0.421713 918.541565 313.031036 1093.643188 362.153503
frame00231 0.427296 1100.965332 316.033539 1240.322266 378.074127
frame00232 0.616428 323.232269 300.698212 487.108704 354.420410
frame00232 0.426287 917.140198 312.705627 1093.808472 362.285034
frame00232 0.421993 1102.989746 315.909943 1240.516479 378.392792
frame00233 0.610567 321.998901 300.649719 484.502106 354.231445
frame00233 0.416926 918.151978 312.387238 1095.786255 362.624603
frame00233 0.423840 1100.929565 315.696503 1240.158081 378.549866
frame00234 0.628472 317.488129 300.059998 484.346283 354.869781
frame00234 0.408251 919.931946 312.229279 1099.048340 362.788300
frame00234 0.432109 1099.933105 315.763580 1241.416748 378.538239
frame00235 0.649436 311.457886 301.263763 481.206726 357.021606
frame00235 0.440800 919.314819 313.265594 1104.306519 362.833191
frame00235 0.423749 1099.402588 316.480408 1241.879395 378.496552
frame00236 0.650299 308.910675 301.997833 476.109680 357.323303
frame00236 0.432376 920.744751 313.992401 1100.178711 362.672943
frame00236 0.424361 1102.853638 317.629089 1242.512939 378.810577
frame00237 0.648565 305.246521 303.272247 473.381409 358.184143
frame00237 0.425865 921.354858 313.965790 1103.091309 362.968384
frame00237 0.418338 1105.614258 317.672119 1244.661011 379.314880
frame00238 0.627578 302.508789 303.340210 475.143677 358.886230
frame00238 0.424750 921.950989 314.369781 1103.649780 362.751678
frame00238 0.422412 1104.022583 317.920929 1245.170654 379.326538
frame00239 0.609120 299.491211 303.667023 469.925537 358.633301
frame00239 0.433883 921.013306 314.326660 1104.188354 362.428497
frame00239 0.420458 1103.159912 317.229889 1244.723022 379.293793
frame00240 0.566107 291.970490 304.095581 462.304535 359.385956
frame00240 0.441111 922.435669 314.198090 1105.783203 361.790009
frame00240 0.422476 1107.247803 317.336609 1247.241333 379.725311
frame00241 0.536253 289.447571 304.844666 458.406006 360.671783
frame00241 0.430148 923.732056 314.585632 1103.610107 360.743805
frame00241 0.428583 1107.253052 317.595551 1246.418579 379.898438
frame00242 0.465450 287.184937 304.513550 453.316986 361.189301
frame00242 0.436315 924.806213 314.651978 1105.261353 359.973511
frame00242 0.432354 1106.934937 316.710114 1247.707764 379.744995
frame00243 0.436924 285.612427 304.533783 451.854401 362.083679
frame00243 0.438752 928.416626 314.886475 1109.063110 359.015900
frame00243 0.436611 1104.953491 316.722473 1247.702881 380.148468
frame00244 0.422190 268.493469 298.949738 469.407806 372.451660
frame00244 0.431902 931.134399 314.900848 1107.571899 357.821930
frame00244 0.434568 1105.777100 316.410187 1247.497681 380.396332
frame00245 0.485402 267.202026 298.281677 470.518250 372.339325
frame00245 0.443896 931.662659 314.619171 1108.655640 357.692444
frame00245 0.436821 1107.311768 315.853760 1249.715332 381.119598
frame00246 0.548154 262.968353 298.228638 470.013672 373.299469
frame00246 0.437674 933.135437 315.083801 1106.582764 357.904449
frame00246 0.439284 1108.067383 316.226746 1250.047119 381.375031
frame00247 0.611777 258.267334 297.637756 470.026672 373.207550
frame00247 0.422602 937.567810 314.557983 1106.597534 356.728363
frame00247 0.444377 1105.134399 315.337830 1251.064697 381.814392
frame00248 0.649993 254.330200 296.762177 469.545837 373.587250
frame00248 0.412692 939.075867 314.270508 1106.669800 356.480713
frame00248 0.447236 1106.189819 315.157166 1251.797607 381.797119
frame00249 0.676127 249.622314 296.492340 466.372559 374.380157
frame00249 0.414872 937.759521 314.274994 1102.621582 355.455017
frame00249 0.446645 1107.400024 315.359650 1251.861084 381.724792
frame00250 0.693422 241.776886 295.065338 463.020020 374.661469
frame00250 0.406747 940.714355 313.879150 1104.629272 355.128143
frame00250 0.436660 1103.773560 314.688416 1250.709717 380.599884
frame00251 0.688652 234.057739 295.713867 459.501221 378.103912
frame00251 0.430597 938.208984 314.886353 1102.235962 354.699615
frame00251 0.434062 1101.184937 315.502655 1248.382080 379.937897
frame00252 0.678657 226.151031 296.131897 455.057220 379.927307
frame00252 0.446042 934.800110 315.209045 1098.990723 354.977692
frame00252 0.441158 1102.476318 315.885071 1250.620239 379.205780
frame00253 0.673519 222.857742 296.589813 445.843811 380.015411
frame00253 0.443760 934.149292 314.806244 1098.338379 354.720612
frame00253 0.451083 1100.220215 315.536804 1250.956665 379.395020
frame00254 0.672522 217.281158 296.069580 439.506195 380.214600
frame00254 0.451538 932.905762 315.004547 1098.448975 355.034302
frame00254 0.450014 1099.011230 315.581848 1251.187256 378.843750
frame00255 0.652896 213.422180 296.606750 427.853760 380.843201
frame00255 0.458399 932.394531 315.545563 1098.347290 355.392273
frame00255 0.443716 1098.329712 316.261963 1250.317261 378.115326
frame00256 0.656296 207.839996 295.892700 423.964355 381.235718
frame00256 0.449694 931.772583 315.390717 1095.856934 355.012695
frame00256 0.448094 1098.169800 316.409576 1251.258911 377.990570
frame00257 0.670207 203.859787 295.423492 420.843506 382.079346
frame00257 0.451526 933.592896 316.120636 1093.579834 354.773438
frame00257 0.428106 1097.276489 317.275116 1246.765625 377.516571
frame00258 0.685641 199.555634 292.882416 418.123840 381.816284
frame00258 0.434597 936.465820 316.116730 1095.733154 355.301788
frame00258 0.435731 1097.480347 317.561188 1249.022827 377.112823
frame00259 0.688313 193.892822 295.159729 414.293335 383.363159
frame00259 0.415499 937.932190 316.616302 1093.010376 354.489777
frame00259 0.437365 1095.158813 318.373260 1247.551636 376.477875
frame00260 0.689494 186.510651 297.003021 409.602814 384.781647
frame00260 0.414843 937.074890 316.957794 1092.808960 354.493317
frame00260 0.433385 1094.141479 319.150208 1246.612915 376.191498
frame00261 0.698167 179.093323 297.587921 406.272644 385.650452
frame00261 0.417906 936.335144 317.270813 1092.144775 354.314728
frame00261 0.428265 1093.615845 319.337677 1245.276611 375.784058
frame00262 0.686883 173.523636 298.028381 401.837738 387.016510
frame00262 0.437118 933.821045 317.209961 1093.468262 353.908539
frame00262 0.429876 1089.132446 318.407837 1244.908936 376.121155
frame00263 0.663729 167.774689 297.852234 398.720581 387.612427
frame00263 0.431507 929.971436 316.264282 1092.848145 353.645874
frame00263 0.432475 1089.493652 317.453033 1245.777344 375.918518
frame00264 0.640300 161.872421 297.986145 390.014282 387.451233
frame00264 0.430092 927.288330 315.681091 1091.298950 353.700775
frame00264 0.440398 1089.531250 316.975433 1247.603882 375.617249
frame00265 0.612063 151.473724 298.306671 375.241547 389.818604
frame00265 0.457510 924.097778 316.221191 1092.158203 354.793365
frame00265 0.441924 1087.209473 317.110687 1247.058350 375.886658
frame00266 0.628334 145.398773 297.942657 361.679504 389.535065
frame00266 0.463091 924.601929 315.914795 1093.685913 355.621490
frame00266 0.433385 1086.949951 316.885651 1245.855957 376.508942
frame00267 0.618734 141.061493 296.957550 353.982697 390.748169
frame00267 0.456150 923.779541 315.838226 1092.053101 356.196075
frame00267 0.450165 1085.603638 316.891418 1247.102783 377.258179
frame00268 0.630754 138.843170 296.974365 351.019867 389.449707
frame00268 0.454671 925.418457 315.675354 1093.202271 356.637238
frame00268 0.441586 1085.215332 317.130432 1246.361450 377.770416
frame00269 0.624956 137.336655 295.913361 343.237335 389.838745
frame00269 0.458772 928.405457 316.185028 1094.651978 357.405609
frame00269 0.424076 1089.420654 318.021637 1244.411499 377.617004
frame00270 0.631190 132.370636 297.758667 340.424652 390.192719
frame00270 0.471869 925.708557 316.362518 1092.386230 357.438599
frame00270 0.422301 1088.535278 318.220123 1242.948242 378.255615
frame00271 0.640807 124.877625 297.747864 339.364807 391.962067
frame00271 0.465331 926.823669 316.434631 1092.056396 357.214081
frame00271 0.419569 1089.745361 318.545807 1243.428589 378.439178
frame00272 0.661859 113.314148 299.180878 332.306976 392.966156
frame00272 0.456256 927.881714 316.220642 1093.427856 358.917236
frame00272 0.422556 1090.222412 318.864319 1244.080200 379.934662
frame00273 0.679436 101.328278 300.786713 328.668091 393.728241
frame00273 0.460476 926.638428 315.970428 1094.479858 359.815521
frame00273 0.413300 1093.007568 319.310272 1244.070435 380.916473
frame00274 0.666224 89.724922 298.476898 323.868225 395.741821
frame00274 0.464067 924.960205 316.153839 1094.245361 361.195160
frame00274 0.416352 1092.993530 319.355347 1243.691040 381.520020
frame00275 0.628566 76.433861 298.816467 324.417572 399.295868
frame00275 0.459699 924.807678 316.722870 1095.118042 361.610962
frame00275 0.420914 1088.982544 319.981598 1242.747803 381.873169
frame00276 0.557620 70.182281 295.934448 320.064545 403.399261
frame00276 0.479163 921.358948 316.500977 1095.244751 363.008026
frame00276 0.432543 1088.633911 318.939453 1245.174072 382.772247
frame00277 0.448406 51.390667 285.747681 287.725342 410.102112
frame00277 0.492147 916.957336 316.098816 1094.138062 365.368195
frame00277 0.446114 1085.781128 317.976685 1246.703979 383.779297
frame00278 0.541566 44.479935 286.162720 286.428528 411.787994
frame00278 0.495073 916.384338 316.262299 1096.395752 367.321716
frame00278 0.445546 1083.244751 317.569122 1246.566040 383.787415
frame00279 0.578919 40.010368 285.412109 280.588501 412.853302
frame00279 0.490044 916.783691 316.861359 1093.485474 367.593140
frame00279 0.455003 1082.881348 317.849213 1246.748779 383.660522
frame00280 0.647711 32.570984 285.191956 272.343079 413.288422
frame00280 0.477751 916.675293 316.978027 1093.437988 368.387299
frame00280 0.457371 1082.659790 317.969482 1247.859375 382.823059
frame00281 0.654725 24.949560 287.819824 260.668610 413.901794
frame00281 0.470370 916.205811 316.308929 1096.990479 368.080261
frame00281 0.458724 1083.894775 317.236115 1250.304077 380.938171
frame00282 0.637411 22.404404 289.190979 250.997223 415.614685
frame00282 0.451425 916.648254 316.805908 1093.692017 367.246857
frame00282 0.457642 1083.384521 318.214844 1248.682129 381.117126
frame00283 0.615186 21.050491 291.134277 238.863510 415.353699
frame00283 0.453625 917.973755 317.181122 1094.260010 366.936890
frame00283 0.459720 1084.470215 318.477386 1248.379395 380.038635
frame00284 0.595840 21.092262 291.889130 229.068771 416.734589
frame00284 0.463479 916.916443 316.434113 1095.900391 366.876495
frame00284 0.466661 1081.774658 317.792297 1249.994385 381.179810
frame00285 0.592174 15.426035 293.716064 219.810211 416.831757
frame00285 0.461587 917.943237 316.696167 1095.755371 366.622772
frame00285 0.464593 1083.330200 318.705078 1250.395630 380.460754
frame00286 0.574782 9.777966 295.206146 212.541779 420.119629
frame00286 0.462149 919.691772 316.474030 1093.614014 366.539490
frame00286 0.468135 1083.742554 318.357025 1250.525879 380.142578
frame00287 0.575697 5.786104 295.716370 198.308029 422.009186
frame00287 0.468695 920.044495 317.077515 1095.050415 367.062073
frame00287 0.459285 1082.829468 319.546387 1250.026123 379.807495
frame00288 0.617549 1.316090 293.630096 193.983536 418.864929
frame00288 0.452464 918.683472 316.930969 1091.449463 367.837769
frame00288 0.456212 1083.889526 320.294525 1249.554199 378.488861
frame00289 0.584378 0.000000 295.481293 178.779175 424.751495
frame00289 0.460433 917.713989 315.636047 1096.954834 368.465820
frame00289 0.441325 1084.753174 319.451324 1250.935303 378.918152
frame00290 0.547505 0.000000 296.149200 161.586121 430.506897
frame00290 0.464088 917.499084 315.336945 1098.309570 368.494507
frame00290 0.436324 1086.359375 319.759491 1252.922241 379.204773
frame00291 0.561645 0.000000 293.572510 151.069061 436.589111
frame00291 0.456454 917.524719 314.706055 1101.453369 370.332001
frame00291 0.430546 1085.910522 320.235870 1254.336060 380.219696
frame00292 0.546694 0.000000 297.984955 150.422989 434.804565
frame00292 0.484827 919.083008 315.264923 1106.413086 371.078003
frame00292 0.422643 1087.446411 320.480347 1255.518677 379.787659
frame00293 0.542946 0.000000 299.613342 150.826385 431.464050
frame00293 0.471619 919.191895 315.678864 1102.886475 370.774414
frame00293 0.429650 1088.881958 320.624298 1255.113770 379.975800
frame00294 0.506122 0.000000 298.820618 131.687714 431.997070
frame00294 0.463607 919.898987 315.845764 1106.463013 371.836639
frame00294 0.419142 1089.379639 321.413483 1256.660767 379.725647
frame00295 0.511604 0.000000 302.334351 129.137726 426.980591
frame00295 0.455396 921.502441 316.641754 1104.369873 371.580841
frame00295 0.422200 1088.180908 322.134491 1256.098877 379.717041
frame00296 0.485351 0.000000 307.024536 118.036697 425.955994
frame00296 0.452215 921.786560 317.084778 1105.731323 372.409363
frame00296 0.419141 1089.218994 322.763184 1256.479370 378.962280
frame00297 0.452936 0.000000 306.907562 106.423256 420.742645
frame00297 0.471520 915.400879 316.071045 1107.219482 372.016479
frame00297 0.423241 1085.535889 321.062836 1257.630859 379.790070
frame00298 0.353501 0.000000 313.921753 95.078796 412.125183
frame00298 0.453893 914.029846 316.860382 1100.538208 369.932617
frame00298 0.432149 1087.546997 321.279816 1256.038818 378.491974
frame00299 0.473408 915.011658 317.840363 1100.635620 367.124512
frame00299 0.457106 1088.978516 319.973358 1255.143066 377.225433
frame00300 0.482645 917.548889 318.880829 1099.898926 364.983643
frame00300 0.481655 1091.751953 319.110138 1254.787842 377.476746
frame00301 0.504054 917.746521 318.058136 1100.933350 363.773132
frame00301 0.498361 1090.997070 316.779663 1255.255371 379.163879
frame00302 0.494330 919.003357 317.750366 1101.858032 364.217590
frame00302 0.498088 1092.187134 316.362640 1256.116699 379.107422
frame00303 0.488883 918.449768 317.903442 1099.766357 363.992920
frame00303 0.498940 1091.567627 316.521576 1255.661011 378.868805
frame00304 0.499015 917.278442 316.842041 1100.941895 363.099396
frame00304 0.506208 1090.761230 315.652405 1256.239990 378.910553
