frame00000 0.236373 451.172455 298.924805 569.288879 337.344849
frame00000 0.482168 899.719788 312.972351 1060.453125 370.013947
frame00000 0.366477 1097.993408 314.201141 1245.011719 384.576324
frame00001 0.219222 450.838074 299.554047 568.899536 338.094971
frame00001 0.460665 904.626770 313.468994 1064.257812 370.099915
frame00001 0.364142 1091.330566 314.717804 1240.976318 385.239014
frame00002 0.202172 183.542160 256.761017 289.783508 299.842529
frame00002 0.202624 443.351624 299.842834 571.602539 341.514282
frame00002 0.453179 906.253174 314.089813 1063.699951 369.370605
frame00002 0.356238 1086.040771 314.327240 1237.936646 385.199463
frame00003 0.267827 450.724609 299.588837 574.612488 340.005798
frame00003 0.464593 906.669006 314.091583 1064.207886 369.962189
frame00003 0.361195 1094.282349 315.007202 1243.173096 384.906738
frame00004 0.222228 450.678711 300.139374 574.769836 340.319122
frame00004 0.464837 908.427612 314.665253 1062.125244 369.068359
frame00004 0.387367 1091.050781 315.272308 1242.630005 384.033783
frame00005 0.270668 453.299622 299.615021 579.331787 341.064850
frame00005 0.469880 911.552490 315.141571 1065.006592 369.613647
frame00005 0.376214 1084.409424 315.351288 1237.529663 384.991547
frame00006 0.290137 458.626526 299.961487 577.925293 338.448303
frame00006 0.465629 907.667847 314.978699 1061.876221 369.596100
frame00006 0.384642 1086.677124 315.534576 1239.926270 384.853699
frame00007 0.302270 458.105927 300.925537 577.765198 339.135620
frame00007 0.458808 908.069336 315.732147 1063.743774 369.193787
frame00007 0.402510 1087.054565 316.925659 1241.802979 384.380981
frame00008 0.314036 458.819000 300.569519 582.232910 339.956635
frame00008 0.464677 906.521362 315.693420 1061.932251 369.423065
frame00008 0.397795 1088.896606 316.454651 1243.650635 384.907471
frame00009 0.288429 456.482300 299.863190 582.865723 340.237579
frame00009 0.475781 907.992432 315.567657 1064.808350 369.968628
frame00009 0.383582 1084.857788 315.470215 1240.310791 385.118164
frame00010 0.294053 456.075592 300.600555 577.676758 339.510773
frame00010 0.470886 907.773682 315.378723 1066.300171 369.792297
frame00010 0.381391 1085.410400 315.670715 1240.481445 384.398743
frame00011 0.239309 445.496521 300.563507 576.561951 342.790833
frame00011 0.455511 910.576660 315.865051 1062.703857 368.226624
frame00011 0.399873 1087.019775 315.919434 1239.648438 383.204254
frame00012 0.234317 454.744202 301.252045 574.644104 339.381226
frame00012 0.448260 909.830261 315.211090 1061.407349 368.399567
frame00012 0.410985 1090.031250 316.325317 1243.556641 383.342255
frame00013 0.263581 452.092712 299.694794 573.780884 339.452484
frame00013 0.451750 908.778564 314.599762 1060.147461 367.754883
frame00013 0.410554 1088.665649 315.885071 1241.507690 383.161499
frame00014 0.345129 465.494354 300.426392 575.656555 336.732086
frame00014 0.439631 907.413696 314.542480 1062.178467 370.106598
frame00014 0.405002 1089.507935 316.628662 1244.294556 384.583099
frame00015 0.245330 452.322113 300.897827 576.922546 340.932526
frame00015 0.453787 907.865967 315.464142 1061.678589 367.310333
frame00015 0.413119 1083.515869 315.930542 1239.593262 383.666138
frame00016 0.370512 470.016235 299.915741 583.511475 337.474060
frame00016 0.449527 908.011536 314.177399 1067.142456 370.029266
frame00016 0.393300 1086.695435 316.006348 1244.510620 385.861420
frame00017 0.363227 468.805481 300.248810 585.882324 338.939697
frame00017 0.464998 909.305115 314.174042 1069.111816 369.966400
frame00017 0.387213 1091.826294 316.011200 1248.814819 384.395111
frame00018 0.344644 465.408661 300.169067 587.305420 340.000610
frame00018 0.478994 907.090759 313.729248 1069.249023 369.650360
frame00018 0.387447 1092.500610 315.106659 1249.780518 383.988556
frame00019 0.343380 465.341339 300.631653 585.159058 339.296143
frame00019 0.466489 907.358459 313.693176 1069.000488 369.083557
frame00019 0.397980 1089.403076 314.846832 1248.801758 384.333557
frame00020 0.315789 459.533234 299.431976 585.845398 340.397522
frame00020 0.472940 907.718140 313.575897 1070.529419 369.120148
frame00020 0.398910 1086.659912 314.165192 1248.373291 384.010925
frame00021 0.375393 467.614777 300.457550 579.996399 337.658325
frame00021 0.449975 907.241760 313.822906 1067.362915 369.749603
frame00021 0.382499 1083.815186 315.376770 1241.966309 385.476837
frame00022 0.322863 461.852692 301.009644 575.512207 337.475494
frame00022 0.454749 905.657227 314.453033 1064.976685 369.053650
frame00022 0.400466 1084.199341 315.731018 1241.581543 384.434570
frame00023 0.341647 462.626801 300.702637 574.570007 337.293610
frame00023 0.455092 906.148132 314.835236 1064.924072 368.954315
frame00023 0.383016 1087.190674 316.406006 1240.941284 384.057953
frame00024 0.347820 465.186005 300.261902 577.042725 336.951447
frame00024 0.447202 905.207764 313.780975 1065.234497 369.690491
frame00024 0.396788 1082.851196 315.121979 1242.762329 385.685852
frame00025 0.429698 471.281128 300.060028 579.510132 336.611511
frame00025 0.452819 906.498108 313.270264 1069.681396 370.851715
frame00025 0.368346 1086.965576 315.745667 1244.076538 385.791382
frame00026 0.393560 469.682770 301.312714 582.303528 338.244202
frame00026 0.467279 906.987427 313.619354 1071.197754 369.620300
frame00026 0.387796 1087.724487 315.331787 1248.985107 384.612518
frame00027 0.406916 469.603943 301.013947 583.466492 339.315033
frame00027 0.469047 908.980957 313.113068 1075.030396 370.144257
frame00027 0.387369 1084.426636 315.029602 1248.993286 385.437286
frame00028 0.209252 193.079498 259.034363 294.054718 301.951752
frame00028 0.393135 466.706238 300.177246 588.843506 341.749023
frame00028 0.487883 906.141968 312.242645 1073.005371 371.216370
frame00028 0.374665 1092.572388 314.197998 1252.484009 386.222809
frame00029 0.409441 469.705261 300.814514 586.016724 340.230377
frame00029 0.466271 909.057312 313.056335 1073.042603 371.018311
frame00029 0.380443 1090.772827 315.640900 1251.298218 386.073273
frame00030 0.418591 466.175568 299.399628 585.812134 340.410187
frame00030 0.477834 906.509705 312.203064 1073.617676 370.918640
frame00030 0.384719 1087.326172 314.159821 1250.466797 386.348145
frame00031 0.436102 466.144989 300.793427 580.303589 338.702240
frame00031 0.457957 909.464172 313.301941 1072.181152 369.068176
frame00031 0.405242 1085.823730 315.729187 1248.312256 384.413910
frame00032 0.413944 467.591309 300.389526 577.361755 337.787476
frame00032 0.455512 907.701050 313.293823 1068.956787 369.570557
frame00032 0.385581 1086.630615 315.713348 1245.505005 384.058441
frame00033 0.423075 464.573364 300.845367 574.276001 337.160675
frame00033 0.441869 907.235840 313.514435 1069.114502 369.419220
frame00033 0.387482 1078.528564 315.553833 1238.679810 384.820953
frame00034 0.416343 464.987457 301.743622 567.043335 335.564575
frame00034 0.444531 905.037354 313.727325 1062.156006 368.636627
frame00034 0.409887 1079.250854 316.178741 1239.595825 383.553345
frame00035 0.452184 464.903687 301.384369 568.842224 336.493408
frame00035 0.454874 902.663025 313.929016 1059.493042 368.872314
frame00035 0.397887 1083.440918 316.415497 1241.398682 382.848389
frame00036 0.457652 462.798401 300.542480 569.944763 336.871704
frame00036 0.442945 905.435547 313.389313 1062.455322 368.581940
frame00036 0.408537 1080.284790 315.592743 1241.093506 382.890656
frame00037 0.441623 461.827545 301.058655 569.006470 337.246796
frame00037 0.445458 905.498596 313.923798 1063.251831 368.641785
frame00037 0.417070 1077.526611 316.152222 1239.798828 383.348511
frame00038 0.437553 459.230347 301.414795 567.856812 337.384308
frame00038 0.442833 907.197266 314.159119 1065.612305 368.100494
frame00038 0.403170 1079.138794 316.616974 1238.331177 383.478973
frame00039 0.461627 460.261078 302.289246 569.789734 338.311432
frame00039 0.432943 908.917725 314.238068 1068.500977 367.972260
frame00039 0.398436 1077.373413 316.787567 1236.836182 383.522034
frame00040 0.469054 458.707458 301.945435 564.562622 337.342316
frame00040 0.429263 907.347290 314.206207 1065.339966 368.479309
frame00040 0.399522 1081.263062 317.519684 1236.943481 383.459320
frame00041 0.487862 460.213470 301.037537 566.664429 336.824432
frame00041 0.442253 907.504333 314.165192 1064.652954 369.262207
frame00041 0.380868 1087.852295 318.056061 1239.215820 383.241119
frame00042 0.522853 457.208923 301.252808 564.418457 338.250977
frame00042 0.447903 906.445618 314.414856 1064.425049 369.686371
frame00042 0.370832 1085.500488 318.058411 1235.765991 383.723999
frame00043 0.491850 452.194763 301.612549 558.903137 337.662140
frame00043 0.439501 904.505005 314.342926 1061.717773 368.759186
frame00043 0.377645 1087.106201 318.544250 1235.844971 383.278015
frame00044 0.537202 446.848907 300.984650 562.132874 339.938873
frame00044 0.459814 901.218933 313.362732 1065.542969 369.310364
frame00044 0.380778 1090.842407 317.447174 1241.378784 383.463287
frame00045 0.559159 445.880585 302.393311 558.976990 340.175415
frame00045 0.442188 903.627930 313.626770 1069.112793 368.656616
frame00045 0.377327 1089.165283 317.630249 1240.768188 382.862366
frame00046 0.566529 445.529633 302.559326 555.757080 340.211334
frame00046 0.434807 902.000061 312.993378 1067.375732 368.558350
frame00046 0.384199 1087.289062 317.217407 1239.325928 383.330933
frame00047 0.575617 447.116882 302.984039 556.285522 339.841736
frame00047 0.435434 901.898315 313.260590 1067.269775 369.125824
frame00047 0.370773 1088.259888 317.428802 1239.444580 384.296265
frame00048 0.587565 446.213074 302.862823 554.129395 339.977539
frame00048 0.445487 900.862366 313.682465 1063.130981 368.988892
frame00048 0.381991 1089.991333 318.390869 1239.680054 383.952393
frame00049 0.570639 445.410095 303.883514 550.009155 340.063080
frame00049 0.422986 905.516724 314.742065 1061.994873 367.653809
frame00049 0.392370 1082.632080 319.275055 1232.932129 383.096924
frame00050 0.602464 444.720795 303.839050 549.780029 340.595093
frame00050 0.434573 906.974731 315.418854 1060.907104 367.842255
frame00050 0.387791 1086.209229 320.531921 1232.282593 382.432465
frame00051 0.619345 441.838623 303.416687 552.464478 341.344482
frame00051 0.434420 903.729248 315.090363 1060.221924 367.478760
frame00051 0.385670 1087.055420 320.093140 1233.815186 382.855042
frame00052 0.608098 441.053284 303.729218 551.258301 341.074036
frame00052 0.436144 904.099182 315.232178 1060.998169 367.291931
frame00052 0.388922 1088.416504 320.184753 1235.919678 382.864349
frame00053 0.588038 441.337952 303.962616 545.496521 340.079102
frame00053 0.430305 905.209717 315.384949 1059.361084 367.235687
frame00053 0.383866 1086.821411 320.369598 1232.382446 382.400055
frame00054 0.584255 438.603455 303.682526 542.093506 339.846619
frame00054 0.419783 906.583740 314.935242 1061.180908 366.581879
frame00054 0.393052 1085.115356 319.931244 1231.964722 381.448090
frame00055 0.598693 434.235382 303.669312 542.071838 340.510040
frame00055 0.428700 905.289917 314.547729 1061.290283 366.293457
frame00055 0.388224 1090.152466 319.636047 1233.986694 380.742371
frame00056 0.589016 432.751831 303.215729 538.998901 339.738068
frame00056 0.433796 904.790344 314.466675 1060.269287 366.418243
frame00056 0.373452 1091.293579 319.326630 1232.406738 380.327637
frame00057 0.609850 431.777161 303.601532 537.863098 339.959930
frame00057 0.433814 905.885925 314.761444 1060.668945 366.271851
frame00057 0.372564 1091.599609 319.883301 1232.615479 379.908722
frame00058 0.614605 430.502472 302.674316 536.997681 340.325409
frame00058 0.431659 906.254211 314.239166 1060.886597 366.188019
frame00058 0.374964 1089.024048 319.583405 1230.387939 380.332642
frame00059 0.601285 429.059082 303.227570 536.332886 340.547363
frame00059 0.434049 906.402466 314.369904 1061.063721 365.875549
frame00059 0.383857 1087.203247 319.471191 1230.348022 380.201233
frame00060 0.580489 426.472534 302.725342 536.718872 340.512604
frame00060 0.435731 904.745178 314.427368 1059.473267 365.740997
frame00060 0.375856 1086.799072 319.033600 1229.648926 381.127960
frame00061 0.586590 423.944122 302.508362 535.285217 341.022247
frame00061 0.438400 905.503906 314.472870 1060.448486 366.026855
frame00061 0.381866 1088.848755 319.494812 1231.078003 381.078308
frame00062 0.577162 421.864868 302.761627 533.113647 341.109680
frame00062 0.421346 906.682739 314.572937 1059.753296 365.300507
frame00062 0.402219 1083.963379 319.292236 1229.968994 380.854279
frame00063 0.580942 421.691956 304.030975 533.928589 342.433136
frame00063 0.433944 906.538391 315.386597 1060.635498 365.045654
frame00063 0.394238 1084.724121 319.473145 1229.032593 380.283630
frame00064 0.596999 418.951904 305.442291 531.724182 343.208771
frame00064 0.423084 908.110962 315.905731 1061.052124 364.335022
frame00064 0.399367 1083.659912 320.039734 1227.959473 379.673370
frame00065 0.590386 415.370117 305.097168 529.902344 343.212250
frame00065 0.422713 908.028687 315.788025 1061.348267 364.339264
frame00065 0.397134 1083.424194 319.868011 1227.004272 379.567108
frame00066 0.598163 408.416870 305.110321 527.131531 343.969330
frame00066 0.425215 908.011841 315.884460 1060.352905 364.124084
frame00066 0.396051 1086.953857 319.972076 1226.851929 379.562195
frame00067 0.594043 401.747284 305.450928 526.278442 345.417511
frame00067 0.429168 911.013245 316.918304 1063.605713 364.020874
frame00067 0.381270 1089.493408 320.445465 1225.758667 379.257690
frame00068 0.613245 399.470947 305.653656 523.484253 345.211945
frame00068 0.440266 906.731873 315.716309 1065.330078 364.889130
frame00068 0.365501 1092.964233 319.472900 1228.468140 380.409637
frame00069 0.610456 394.960907 304.881989 519.990662 344.849152
frame00069 0.467974 906.073914 315.067047 1067.814941 364.879486
frame00069 0.353266 1104.020264 319.485413 1233.639648 379.128113
frame00070 0.605618 386.724304 304.457916 519.830811 346.503143
frame00070 0.457120 907.436523 314.957031 1070.813110 363.805206
frame00070 0.378388 1096.808960 318.848053 1233.308350 379.415161
frame00071 0.601058 382.432312 302.640106 517.540894 346.796631
frame00071 0.465492 905.066223 313.603058 1070.893677 364.723724
frame00071 0.372361 1102.115234 318.122192 1235.342529 380.389038
frame00072 0.583308 375.026001 301.444061 514.837585 347.391754
frame00072 0.449255 909.461609 313.716064 1070.756592 363.815857
frame00072 0.373957 1105.385498 318.302155 1234.548340 378.718414
frame00073 0.594641 372.006073 301.813843 510.454468 347.025696
frame00073 0.449045 911.450134 313.500977 1075.547852 363.302979
frame00073 0.363506 1105.245605 318.037964 1234.339355 378.570557
frame00074 0.579176 367.707550 301.305969 508.320496 347.909149
frame00074 0.454505 908.769897 312.904968 1077.153809 363.282471
frame00074 0.372964 1102.870361 317.062347 1235.208862 379.260284
frame00075 0.602312 360.650818 299.505768 508.337982 349.156311
frame00075 0.450110 906.048706 312.064911 1072.575928 362.979218
frame00075 0.386378 1104.423706 316.473022 1236.513916 379.647278
frame00076 0.562919 359.341858 301.513580 501.260498 348.228302
frame00076 0.452660 908.833252 312.718414 1075.130127 362.711609
frame00076 0.380989 1104.607422 316.726562 1235.491455 379.098053
frame00077 0.554994 356.026733 300.953308 500.367157 347.333893
frame00077 0.456158 904.356079 311.732666 1075.041626 362.828369
frame00077 0.386714 1105.395508 315.716888 1238.303345 379.686554
frame00078 0.569533 352.199554 301.426361 499.039154 348.121490
frame00078 0.450926 904.942749 311.949158 1075.599487 362.761230
frame00078 0.390338 1105.775879 315.769226 1239.663574 379.711273
frame00079 0.575499 345.744080 301.140961 498.740295 349.841553
frame00079 0.460839 904.200195 312.332153 1078.173706 363.021881
frame00079 0.392403 1102.491821 315.333374 1238.500122 380.159943
frame00080 0.584678 339.383362 302.500275 489.154541 350.404297
frame00080 0.454854 903.365356 313.026703 1074.605713 362.830444
frame00080 0.385724 1102.419922 315.671478 1235.279297 380.055634
frame00081 0.569249 330.774567 302.554474 485.621765 352.485748
frame00081 0.443209 907.642334 313.891357 1072.544556 361.691925
frame00081 0.395414 1104.909424 316.555054 1235.555664 379.084198
frame00082 0.591859 328.215515 302.485260 481.408661 352.134186
frame00082 0.441151 911.005005 314.140137 1078.822510 362.798035
frame00082 0.400368 1105.360229 317.103485 1236.979492 379.663452
frame00083 0.619343 320.416229 304.081604 474.253723 354.357758
frame00083 0.434557 911.206726 314.669067 1082.384399 363.281189
frame00083 0.403392 1102.689331 317.387207 1236.626221 381.061737
frame00084 0.614640 314.485535 304.724274 466.992950 354.910828
frame00084 0.429090 913.362488 315.371368 1081.939331 363.126251
frame00084 0.398872 1105.036377 317.960785 1236.178345 381.319000
frame00085 0.580183 305.331390 304.243713 460.101898 356.313507
frame00085 0.423846 915.663086 315.819458 1085.044434 362.794891
frame00085 0.396952 1104.041870 318.200409 1235.840454 381.601257
frame00086 0.545587 298.296295 304.955994 453.856934 357.229950
frame00086 0.435654 916.480042 315.558319 1087.973877 361.933197
frame00086 0.399100 1107.621460 318.001770 1239.489990 382.300018
frame00087 0.404864 294.953766 306.763672 448.391479 360.554932
frame00087 0.444980 918.013550 315.926422 1089.531494 360.094299
frame00087 0.409419 1108.758057 317.382477 1243.806763 383.082184
frame00088 0.454486 271.431702 300.137604 462.693817 369.981995
frame00088 0.451214 920.118408 315.849823 1088.326904 358.733429
frame00088 0.397993 1110.737305 317.131012 1243.819702 382.599609
frame00089 0.554885 263.990692 300.954803 462.127136 370.929901
frame00089 0.452763 922.642334 315.887939 1085.292358 356.963196
frame00089 0.405685 1109.615112 316.596436 1245.661377 382.404846
frame00090 0.622192 254.480469 298.826294 458.139618 372.006378
frame00090 0.448403 924.362671 316.199280 1081.594238 356.038574
frame00090 0.391294 1109.631104 316.898132 1243.035767 381.790527
frame00091 0.659315 240.305908 298.023224 452.003906 375.397736
frame00091 0.448403 924.378052 316.588440 1077.782104 354.879211
frame00091 0.407299 1107.785522 317.178284 1245.011963 381.049072
frame00092 0.682328 226.927368 297.299896 439.692505 376.965820
frame00092 0.446960 927.524414 317.129700 1078.618042 354.542267
frame00092 0.397585 1102.443970 317.981384 1241.233398 379.879639
frame00093 0.704256 217.134583 296.501648 425.617340 378.217773
frame00093 0.445802 928.287720 317.117950 1078.944458 354.148804
frame00093 0.400314 1099.712036 318.301361 1241.802368 379.339020
frame00094 0.703226 206.010468 297.247711 415.068420 379.213623
frame00094 0.446686 927.445007 317.354950 1076.269775 354.006927
frame00094 0.397565 1097.670410 318.672180 1241.353516 378.418488
frame00095 0.671198 195.301743 297.212677 409.203308 381.747223
frame00095 0.453845 923.635742 317.706787 1073.421509 353.919373
frame00095 0.395487 1097.246582 319.044556 1241.057251 377.990967
frame00096 0.662016 183.664276 297.851288 401.421173 382.881561
frame00096 0.451207 921.149841 317.889954 1072.012695 353.695679
frame00096 0.388783 1097.115356 319.209106 1240.661865 377.766266
frame00097 0.623674 167.520325 298.205688 385.758667 384.406128
frame00097 0.452007 917.896606 318.848969 1067.976074 353.396423
frame00097 0.385917 1095.299316 320.175598 1237.451782 377.140228
frame00098 0.599046 151.410858 298.378082 356.315247 385.274078
frame00098 0.477542 913.011475 318.128601 1072.908203 355.887512
frame00098 0.382229 1092.397217 319.492371 1238.603516 379.541412
frame00099 0.623917 139.903580 298.075226 343.767090 386.849396
frame00099 0.470250 915.771545 317.649261 1075.045288 356.244110
frame00099 0.385524 1091.062012 319.718445 1239.352783 380.218353
frame00100 0.632485 130.493073 299.090149 327.124573 384.594971
frame00100 0.466689 917.520264 317.455750 1076.778076 357.069519
frame00100 0.386781 1093.929077 320.730194 1239.576050 380.811249
frame00101 0.599986 121.465111 297.558960 307.743530 384.582367
frame00101 0.471151 917.303833 316.824554 1076.361328 359.251190
frame00101 0.397454 1090.378296 319.657562 1238.608887 383.237427
frame00102 0.630757 97.359322 297.114380 306.174469 391.835846
frame00102 0.490005 914.390320 317.470001 1075.987061 361.559540
frame00102 0.378129 1092.352295 320.462830 1235.668701 384.914368
frame00103 0.483511 76.111526 294.221954 305.568237 402.076263
frame00103 0.495305 911.503052 318.637543 1073.961548 363.902069
frame00103 0.386933 1091.901733 321.140106 1236.356323 385.220032
frame00104 0.600443 45.425613 288.269012 280.060150 403.460571
frame00104 0.509246 904.840149 318.552094 1078.026245 368.744354
frame00104 0.406707 1083.551025 320.479218 1239.464844 385.385071
frame00105 0.678613 31.439133 288.061951 263.058716 405.233917
frame00105 0.493710 903.479553 318.421478 1078.503540 369.366821
frame00105 0.412664 1080.310181 319.517822 1239.192017 385.058197
frame00106 0.664916 18.043785 291.662781 239.486404 408.024384
frame00106 0.486854 900.818604 319.193909 1074.617432 368.673492
frame00106 0.399218 1080.775879 320.310425 1238.275024 384.196960
frame00107 0.653481 14.406586 293.934326 224.465195 410.052338
frame00107 0.487403 900.530396 318.442139 1076.331665 368.827179
frame00107 0.408408 1080.295654 320.024323 1240.430908 384.120239
frame00108 0.618124 7.480736 298.561066 204.593842 414.236023
frame00108 0.487513 905.262390 318.773163 1079.605469 368.478485
frame00108 0.409162 1081.813843 321.229004 1240.221191 382.075470
frame00109 0.589322 0.000000 299.607544 175.880295 413.557739
frame00109 0.478525 907.799805 318.927856 1079.910767 369.029175
frame00109 0.398071 1083.826172 322.372253 1240.782349 380.403412
frame00110 0.535099 0.000000 301.590637 148.802155 415.729523
frame00110 0.463195 907.408752 319.754608 1077.466309 368.843475
frame00110 0.383967 1084.202515 323.242523 1238.048828 379.438324
frame00111 0.522448 0.000000 300.121765 133.944580 422.250610
frame00111 0.466378 903.653870 319.508118 1076.590820 369.499603
frame00111 0.388746 1083.378662 322.730499 1239.956665 380.622803
frame00112 0.473889 0.000000 302.490143 113.567108 419.161163
frame00112 0.475705 901.008301 318.897552 1078.824219 370.069397
frame00112 0.389408 1085.126953 322.103058 1243.929688 380.687775
frame00113 0.346598 0.946112 311.779694 92.861290 402.976166
frame00113 0.474030 900.372925 318.043243 1079.896729 369.643005
frame00113 0.399724 1081.824707 320.910675 1245.545288 379.100128
frame00114 0.530372 900.384460 319.379639 1086.427734 365.612823
frame00114 0.442513 1085.016602 317.629730 1245.782471 379.336060
frame00115 0.529371 905.782959 319.545349 1083.776978 363.321045
frame00115 0.416621 1088.987671 316.992371 1239.311157 379.349976
frame00116 0.541091 907.094482 319.074799 1086.647461 364.105225
frame00116 0.401536 1086.009277 316.118286 1239.317871 379.689728
frame00117 0.524079 908.133667 319.917542 1086.532715 364.656921
frame00117 0.406583 1090.767090 316.844482 1243.466064 379.756073
frame00118 0.525670 908.650391 318.968414 1085.783691 364.344025
frame00118 0.411602 1098.210693 316.622101 1249.128662 380.112366
frame00119 0.521395 910.628357 318.193451 1082.305786 363.280273
frame00119 0.417486 1094.730347 316.479462 1246.813599 380.349243
