frame00000 0.225248 541.880859 282.359619 659.199158 323.786072
frame00000 0.395796 948.333862 308.462158 1130.851074 367.148743
frame00000 0.383469 1107.203369 309.800842 1254.438721 378.701233
frame00001 0.243278 545.334656 286.754547 656.209229 324.484070
frame00001 0.398686 947.180664 308.027252 1132.549316 367.976715
frame00001 0.375903 1108.033203 309.289764 1254.161621 379.648834
frame00002 0.238303 544.691406 286.947510 654.574036 324.263184
frame00002 0.397037 948.354187 307.958893 1133.557129 368.474365
frame00002 0.368075 1107.847412 309.024353 1253.459106 379.501984
frame00003 0.218782 539.953857 282.149841 661.481079 324.523926
frame00003 0.393398 947.796387 308.271881 1133.725952 367.995728
frame00003 0.372490 1107.620605 309.806000 1254.309692 378.631439
frame00004 0.217706 537.426331 282.528656 659.856506 325.643616
frame00004 0.403435 946.575989 308.032227 1133.329102 368.080017
frame00004 0.367384 1107.686279 309.525879 1254.497070 378.592377
frame00005 0.243543 543.547729 283.915527 658.705688 323.559784
frame00005 0.384160 948.099915 307.896210 1131.104004 368.544281
frame00005 0.353493 1109.763916 309.710754 1252.183716 379.080750
frame00006 0.228451 540.763000 283.750336 659.522827 324.710541
frame00006 0.376384 948.382812 308.521545 1130.672119 368.603699
frame00006 0.353375 1108.043701 310.235596 1251.252686 378.853394
frame00007 0.220221 537.039917 282.979126 660.135986 324.908691
frame00007 0.387019 947.220581 308.668457 1132.273438 368.182495
frame00007 0.361466 1107.317139 310.036804 1253.345215 378.926361
frame00008 0.241823 540.105103 285.392548 656.990051 325.730225
frame00008 0.407728 946.282837 307.593658 1134.088623 369.012817
frame00008 0.350598 1109.399170 308.924835 1252.461914 379.548370
frame00009 0.205276 533.107544 281.727875 658.865234 326.753448
frame00009 0.400020 948.340088 308.898499 1133.232666 367.899292
frame00009 0.371737 1107.851807 310.152710 1254.677124 378.435699
frame00010 0.218301 536.834595 283.630249 658.589844 326.823730
frame00010 0.413526 946.540466 308.508636 1133.957886 368.816833
frame00010 0.347586 1106.453979 309.899139 1250.150879 378.995483
frame00011 0.443526 946.190186 308.845398 1138.381226 368.566467
frame00011 0.355513 1107.896973 309.457062 1252.779419 378.756287
frame00012 0.444385 944.708313 309.674072 1134.475464 367.115540
frame00012 0.376255 1107.308472 310.038544 1255.920288 378.605347
frame00013 0.416283 945.147766 310.660461 1129.566284 366.218445
frame00013 0.386857 1103.557861 311.328583 1254.680786 378.847382
frame00014 0.414360 944.225586 310.410004 1129.891602 366.789795
frame00014 0.395611 1102.481567 311.238007 1254.581055 378.944977
frame00015 0.217292 538.211487 285.294464 653.312317 326.665497
frame00015 0.453874 943.346802 307.569000 1138.052612 367.962738
frame00015 0.363332 1103.497070 307.526581 1252.078857 379.051666
frame00016 0.240415 544.191528 284.135162 656.998047 323.317566
frame00016 0.393939 944.362122 306.977295 1129.743286 367.740387
frame00016 0.376674 1106.465820 307.988525 1254.412109 379.806213
frame00017 0.396279 946.400391 308.373322 1132.971436 367.569580
frame00017 0.394096 1109.802124 309.394623 1260.803955 378.698212
frame00018 0.204481 535.720642 281.481812 661.285522 325.975708
frame00018 0.393716 946.934143 308.702606 1130.401489 367.529846
frame00018 0.382773 1108.309326 309.912659 1256.310303 378.820984
frame00019 0.393067 946.458130 308.766754 1129.526123 367.008026
frame00019 0.391184 1107.953003 309.886505 1257.906738 378.958740
frame00020 0.379521 948.373169 308.980133 1130.310181 367.167938
frame00020 0.389445 1109.616943 310.428040 1258.231689 378.118591
frame00021 0.406922 947.905334 309.222687 1132.641235 367.371216
frame00021 0.371921 1107.721680 310.378693 1255.090210 377.910370
frame00022 0.446745 943.704529 308.670929 1135.621338 367.763306
frame00022 0.368471 1107.729370 309.270020 1254.812500 378.549225
frame00023 0.404305 943.245361 310.870209 1124.028320 365.693481
frame00023 0.391105 1102.561768 311.606873 1253.365356 378.826874
frame00024 0.210122 530.763306 285.981262 652.001953 328.943512
frame00024 0.403512 944.437622 309.606720 1127.724365 367.323456
frame00024 0.378600 1101.652222 310.121246 1253.936768 380.539276
frame00025 0.412036 943.835083 310.244904 1127.528198 366.309937
frame00025 0.385951 1101.534424 310.839600 1253.931396 379.684631
frame00026 0.201979 532.546265 284.532288 655.407837 328.019073
frame00026 0.407047 942.741699 309.561981 1128.390869 367.124451
frame00026 0.384707 1101.695801 310.016144 1255.365967 380.295258
frame00027 0.219584 537.395996 286.380463 654.133362 327.060913
frame00027 0.397649 943.425781 308.838562 1129.282104 368.459808
frame00027 0.366808 1103.806030 309.585419 1254.516846 380.876587
frame00028 0.414724 943.167969 309.627258 1129.827393 367.698486
frame00028 0.379680 1102.591064 310.261292 1254.594604 380.106689
frame00029 0.457901 942.151855 310.214417 1133.370483 366.702942
frame00029 0.391161 1106.489380 310.607269 1257.102661 378.156738
frame00030 0.214295 539.348511 284.640106 659.745422 327.389954
frame00030 0.439859 942.137085 307.792023 1135.270874 368.445526
frame00030 0.361079 1106.285522 308.754089 1253.718140 379.231598
frame00031 0.205579 536.957275 284.316437 658.539978 326.994354
frame00031 0.430248 943.677856 307.715271 1136.389648 368.739929
frame00031 0.361705 1108.376709 308.626984 1255.313843 378.988159
frame00032 0.430241 942.543945 308.890778 1133.119385 368.022797
frame00032 0.378255 1106.285645 309.520752 1255.816895 379.134583
frame00033 0.225240 541.936707 286.605408 654.239502 326.750519
frame00033 0.392392 944.181396 308.937347 1130.487305 368.704224
frame00033 0.382692 1103.416748 310.036407 1254.133789 380.074005
frame00034 0.207806 536.322083 283.604431 656.267334 326.573914
frame00034 0.397548 944.098450 309.237701 1131.067749 368.222107
frame00034 0.389729 1103.958130 310.115601 1256.221680 379.837616
frame00035 0.234152 541.350525 286.201599 652.571899 325.175751
frame00035 0.391022 941.814209 309.135406 1123.660522 366.920654
frame00035 0.388758 1102.931885 309.321716 1253.834473 380.608337
frame00036 0.232779 543.827454 288.872589 649.962036 326.325256
frame00036 0.399678 942.889954 308.280151 1130.579712 367.999451
frame00036 0.379227 1101.791382 308.797394 1253.607178 380.235046
frame00037 0.219735 540.443604 285.659882 653.353577 326.081329
frame00037 0.389462 943.184753 308.871613 1128.765137 368.313446
frame00037 0.388280 1102.807495 309.781555 1254.689453 380.424713
frame00038 0.202799 537.411865 285.343781 654.876038 327.533112
frame00038 0.425886 942.202393 308.157837 1132.111328 368.548126
frame00038 0.376431 1106.580688 308.629120 1256.327026 380.245728
frame00039 0.215876 538.753601 285.027344 657.602600 327.684204
frame00039 0.439478 941.995911 307.585785 1136.361938 369.349609
frame00039 0.362988 1108.436523 308.195801 1254.652588 379.647461
frame00040 0.220324 540.820862 286.464325 656.512451 327.347839
frame00040 0.398317 943.650574 307.495300 1135.484741 370.562592
frame00040 0.349524 1106.188232 308.908539 1252.852539 380.419067
frame00041 0.223526 522.510071 292.043884 670.173828 334.579224
frame00041 0.407154 944.469910 307.670288 1134.826782 369.551453
frame00041 0.347921 1105.402100 308.788361 1252.430664 379.701965
frame00042 0.217341 523.330505 291.350159 671.459900 335.182434
frame00042 0.425108 943.306946 307.609833 1134.955566 369.473053
frame00042 0.353424 1108.466187 308.942535 1253.620728 379.377258
frame00043 0.202342 515.430054 291.942047 670.752441 337.442047
frame00043 0.426036 942.376099 308.555206 1136.033691 368.843475
frame00043 0.372749 1106.933594 309.318237 1256.947754 378.965668
frame00044 0.214601 520.368896 291.800385 668.736511 335.459229
frame00044 0.391923 943.697144 309.085358 1130.133911 368.636749
frame00044 0.377944 1102.532959 310.170288 1254.565552 380.065338
frame00045 0.247773 542.990601 287.760986 651.367493 326.822968
frame00045 0.398836 942.187500 307.628082 1130.518311 368.813782
frame00045 0.371030 1100.609131 308.430573 1251.709717 380.749573
frame00046 0.223386 524.054810 291.938293 662.393921 332.868469
frame00046 0.407886 941.768677 307.556335 1132.580078 369.109863
frame00046 0.356131 1100.939209 308.200287 1252.213867 380.524139
frame00047 0.227919 521.616760 291.525879 661.689575 333.058716
frame00047 0.399266 942.448608 307.718475 1132.517822 369.187958
frame00047 0.368960 1099.592041 308.363556 1253.673340 380.822571
frame00048 0.226137 541.991272 288.745087 651.310425 328.275208
frame00048 0.399060 943.433105 308.105316 1132.673462 369.112640
frame00048 0.369846 1099.582153 309.148254 1251.709106 380.341156
frame00049 0.236768 524.341919 291.700775 663.702393 332.743103
frame00049 0.406746 941.349487 307.519836 1131.369873 369.065643
frame00049 0.364892 1102.276733 308.154785 1253.674805 380.835022
frame00050 0.222637 523.353760 291.679169 663.320007 333.304626
frame00050 0.387959 942.460632 308.508636 1124.988281 367.819092
frame00050 0.375387 1102.301636 309.115784 1253.139404 380.768494
frame00051 0.222440 525.318359 292.748383 662.368652 333.600555
frame00051 0.389099 943.129578 309.568237 1127.096436 367.378448
frame00051 0.388956 1100.756714 310.785889 1252.460205 379.409241
frame00052 0.217729 522.120911 292.264557 663.409668 334.168365
frame00052 0.398707 941.804810 309.595612 1124.784180 366.967682
frame00052 0.387495 1101.881714 310.383972 1253.221680 379.777740
frame00053 0.229159 520.219299 290.920227 662.008057 333.111786
frame00053 0.390812 942.983948 307.916870 1128.060669 368.166046
frame00053 0.375992 1101.551636 308.522949 1254.156494 380.920319
frame00054 0.227709 522.260376 291.588013 660.716064 333.312439
frame00054 0.415020 941.614746 307.655304 1132.211670 368.894684
frame00054 0.365993 1102.114258 308.455902 1253.838867 380.211060
frame00055 0.230025 523.429504 291.614349 659.260010 332.793549
frame00055 0.415804 941.113770 307.237152 1133.635864 369.714569
frame00055 0.370670 1103.228638 307.929688 1254.997803 380.601501
frame00056 0.207375 536.170288 287.471680 646.205566 328.347565
frame00056 0.399220 943.688477 308.329437 1132.614746 369.368896
frame00056 0.376236 1101.912598 309.142609 1254.601074 380.265198
frame00057 0.220324 518.819336 291.660278 657.072693 334.062988
frame00057 0.425580 940.942749 307.863617 1133.484619 369.258514
frame00057 0.378001 1102.197144 308.433655 1255.737061 380.605164
frame00058 0.214623 538.349487 287.718231 647.714539 328.077881
frame00058 0.431469 938.721558 307.351746 1130.706299 369.022308
frame00058 0.377052 1103.171509 307.487366 1256.438843 381.563812
frame00059 0.226814 522.058105 291.815704 653.551880 333.021423
frame00059 0.420066 940.593018 307.438293 1130.776733 369.667206
frame00059 0.367661 1103.692871 307.773651 1255.642212 381.706024
frame00060 0.231839 523.763916 291.693115 656.473633 332.626953
frame00060 0.416111 940.185669 307.150513 1132.327637 370.277191
frame00060 0.371015 1103.248413 307.449463 1256.143921 381.961670
frame00061 0.232166 537.923462 288.803894 644.250122 328.162628
frame00061 0.407584 940.796631 307.811798 1129.873657 369.633392
frame00061 0.384013 1101.305908 307.915497 1255.816406 382.141266
frame00062 0.227576 523.431885 291.764893 652.701538 332.265533
frame00062 0.401686 942.457886 307.576721 1131.816895 369.890991
frame00062 0.386191 1100.820557 308.072083 1255.052734 381.578552
frame00063 0.235138 521.078369 292.550232 648.104980 332.211334
frame00063 0.399797 943.432068 307.517395 1134.507690 370.580780
frame00063 0.374297 1100.689819 308.092407 1255.071289 381.389099
frame00064 0.268751 527.144165 293.283386 646.979492 330.427612
frame00064 0.393797 942.751160 307.380768 1132.289795 370.417664
frame00064 0.369389 1101.458252 307.992279 1254.214844 381.165833
frame00065 0.249568 524.636963 292.365936 647.866760 330.499298
frame00065 0.401308 942.789062 306.856689 1132.607178 370.350403
frame00065 0.361911 1101.169556 307.252014 1253.263306 381.653015
frame00066 0.240322 538.491150 290.252167 640.116516 329.142975
frame00066 0.412658 943.561340 306.884644 1134.725098 370.662476
frame00066 0.359687 1101.711304 307.536865 1251.676147 381.043671
frame00067 0.267323 527.151428 292.500610 645.111450 330.387177
frame00067 0.406468 942.608582 306.584839 1134.074463 371.114685
frame00067 0.364568 1103.522217 307.067322 1254.322876 381.603546
frame00068 0.268028 523.607117 291.894989 641.541504 330.513519
frame00068 0.408317 941.760193 306.762421 1129.659058 369.983734
frame00068 0.372348 1101.958618 306.476196 1255.215820 382.576508
frame00069 0.298238 523.583618 292.679504 640.100647 330.524109
frame00069 0.414740 941.047913 306.405304 1130.869385 370.139526
frame00069 0.372459 1101.787476 305.977020 1255.934326 382.376221
frame00070 0.294641 521.862122 292.251801 637.990662 329.889587
frame00070 0.401047 942.665405 306.477386 1131.607178 371.243835
frame00070 0.369016 1102.761108 306.159637 1256.190430 382.876953
frame00071 0.311278 520.399841 292.802094 636.402100 330.358826
frame00071 0.404361 943.383423 306.677399 1132.354004 370.760254
frame00071 0.370449 1101.572021 306.198334 1256.599854 382.253571
frame00072 0.301976 520.319885 293.105408 634.049805 329.862183
frame00072 0.413058 943.169678 306.532440 1133.506958 371.054260
frame00072 0.359105 1101.283936 305.892456 1255.568359 382.281860
frame00073 0.316993 517.744385 292.595367 632.499268 329.753235
frame00073 0.405758 943.158630 306.006531 1132.281128 371.230957
frame00073 0.358965 1101.464722 304.812958 1256.069214 383.575165
frame00074 0.354646 519.438538 293.475525 636.542419 330.291138
frame00074 0.382788 944.606445 306.874847 1128.338013 370.374603
frame00074 0.351375 1100.492920 305.943756 1254.021240 382.810577
frame00075 0.350175 518.984497 293.631714 634.253845 330.437042
frame00075 0.379056 945.340881 307.346222 1125.210083 369.474976
frame00075 0.353535 1100.973511 306.660461 1253.497314 382.621521
frame00076 0.341840 515.961670 292.919250 633.136230 330.689697
frame00076 0.374538 945.180603 306.959686 1126.799072 370.082184
frame00076 0.358657 1100.557617 306.124237 1255.086914 382.953857
frame00077 0.322822 514.877075 292.755798 631.811523 330.444824
frame00077 0.371118 945.072937 307.074127 1126.644409 370.700989
frame00077 0.362991 1102.518066 306.389709 1256.423218 383.058685
frame00078 0.324162 514.726196 291.654022 634.320007 330.930969
frame00078 0.378664 944.924194 306.590088 1126.496582 370.087250
frame00078 0.359517 1101.573120 305.719757 1255.217163 383.121796
frame00079 0.335273 512.454468 292.105225 632.513977 330.431427
frame00079 0.379356 945.564453 306.095612 1128.148193 370.564941
frame00079 0.353337 1102.218750 305.019745 1255.748047 383.565460
frame00080 0.347404 513.296753 293.301544 627.807190 330.552002
frame00080 0.383052 945.294556 307.286041 1125.560425 369.488098
frame00080 0.365047 1099.968872 305.917877 1255.593262 382.768127
frame00081 0.331867 511.094421 292.144928 630.082092 330.978333
frame00081 0.376813 946.025696 307.153961 1126.260010 369.733887
frame00081 0.371027 1099.897705 305.867645 1255.725220 382.919830
frame00082 0.329997 510.664612 292.800934 626.654175 330.808563
frame00082 0.370654 947.018799 307.360046 1127.879761 370.691071
frame00082 0.373378 1100.579346 306.301819 1256.345215 383.077972
frame00083 0.320622 507.401245 292.021484 625.235718 331.804596
frame00083 0.386007 946.729675 307.262848 1128.844238 370.452728
frame00083 0.380701 1101.197754 306.135315 1257.877197 382.800995
frame00084 0.321112 506.984528 291.323730 625.740295 331.450409
frame00084 0.378265 947.223145 306.273956 1131.714111 371.880646
frame00084 0.372433 1100.737671 305.061310 1257.282959 383.528625
frame00085 0.319854 504.770752 291.843933 624.209961 331.921509
frame00085 0.391944 946.954407 306.601990 1131.649292 371.517334
frame00085 0.375002 1101.224121 305.309875 1258.849854 383.183655
frame00086 0.308532 505.804504 292.638916 620.663391 331.628204
frame00086 0.388486 947.597778 307.372559 1128.962524 371.149231
frame00086 0.376071 1101.607300 306.366150 1257.379883 383.002716
frame00087 0.308949 503.721649 292.238098 623.531250 332.406555
frame00087 0.386475 947.424805 307.951935 1125.468018 369.982422
frame00087 0.376513 1099.908936 306.549927 1256.732056 382.997162
frame00088 0.305604 503.062256 291.793671 624.534424 332.781891
frame00088 0.387441 945.825562 308.091614 1122.998169 369.463470
frame00088 0.380623 1099.474487 306.638245 1256.603394 383.158752
frame00089 0.310481 501.538818 292.833893 618.694336 332.418030
frame00089 0.379593 948.447754 308.039642 1126.321777 370.173676
frame00089 0.379530 1097.419922 307.018768 1256.297363 383.042572
frame00090 0.294145 496.364319 293.318207 618.933228 333.997559
frame00090 0.399648 947.338928 308.344330 1126.275269 369.689850
frame00090 0.377635 1098.102905 306.893585 1259.045288 382.829895
frame00091 0.308508 494.203918 293.294189 615.666077 334.577820
frame00091 0.407520 947.240906 307.447845 1128.820557 370.533661
frame00091 0.373875 1097.826904 306.169006 1259.899048 383.260895
frame00092 0.312685 475.695953 294.605042 623.041931 347.205688
frame00092 0.389189 947.993042 307.405975 1131.944336 372.477905
frame00092 0.356533 1096.176147 306.629089 1258.502319 382.937561
frame00093 0.318794 472.850281 293.327911 623.972473 346.990845
frame00093 0.380418 948.684814 307.187653 1130.439331 372.478699
frame00093 0.356182 1096.924438 306.791077 1259.024536 383.289124
frame00094 0.377276 474.526398 293.083344 625.214294 346.662476
frame00094 0.379071 947.261414 307.397827 1128.306030 372.628174
frame00094 0.367404 1096.873535 307.419189 1261.888672 383.396454
frame00095 0.396780 474.229401 293.356934 624.268555 346.456940
frame00095 0.369484 949.485718 307.764679 1130.164551 373.197723
frame00095 0.365113 1095.822876 308.274078 1261.149170 382.971375
frame00096 0.440059 474.571808 292.128876 618.123047 344.918335
frame00096 0.366869 950.661377 308.227356 1128.917603 373.407135
frame00096 0.365273 1095.840576 309.343079 1259.584839 382.753754
frame00097 0.471572 473.554321 291.955597 617.352539 345.031403
frame00097 0.373724 951.518860 308.995728 1126.156738 372.160492
frame00097 0.373498 1096.311523 310.302032 1259.595215 382.021332
frame00098 0.515969 473.571014 292.518250 615.104065 345.513031
frame00098 0.378042 951.757080 309.785217 1123.016113 370.605896
frame00098 0.376297 1095.060913 311.529724 1258.495850 381.350861
frame00099 0.503701 469.800720 290.787170 609.443359 344.818390
frame00099 0.383127 950.394287 309.838928 1120.354126 370.579865
frame00099 0.394466 1098.004761 311.978485 1257.801025 381.082428
frame00100 0.533139 469.463043 291.655914 604.954285 344.683929
frame00100 0.395738 949.373291 310.074341 1121.513794 370.606171
frame00100 0.391604 1097.669189 312.539825 1256.647827 380.269775
frame00101 0.521109 466.326233 291.683899 599.713440 343.413666
frame00101 0.390077 950.507446 310.333374 1118.956787 369.856537
frame00101 0.393935 1097.823608 313.006317 1257.056763 379.763855
frame00102 0.486478 461.939758 290.063263 596.690979 343.272705
frame00102 0.389831 950.983582 310.014191 1120.498657 370.665955
frame00102 0.393691 1098.268799 312.713715 1255.724243 379.953156
frame00103 0.532606 462.628296 291.180237 596.383728 343.901001
frame00103 0.385478 951.214478 309.728119 1121.408691 370.661835
frame00103 0.391685 1098.289795 313.005249 1256.179199 379.691406
frame00104 0.533630 461.753174 291.525787 596.547180 344.143433
frame00104 0.393560 952.896729 309.953125 1123.246460 370.679565
frame00104 0.392415 1098.772217 313.223816 1256.652588 379.206207
frame00105 0.553664 458.512573 292.545654 592.700439 345.026672
frame00105 0.390101 950.063782 310.484009 1121.362427 369.871948
frame00105 0.395895 1098.222046 314.146271 1255.187012 378.542725
frame00106 0.573926 454.733124 292.371521 590.988098 345.290100
frame00106 0.391282 948.674988 310.275787 1116.182495 368.435944
frame00106 0.394675 1099.462158 314.085358 1254.909912 378.040955
frame00107 0.570874 449.053833 292.697998 591.858704 346.666687
frame00107 0.404041 947.811890 310.552582 1117.813599 367.409454
frame00107 0.384960 1097.319458 314.094025 1253.643311 377.014221
frame00108 0.570968 444.229706 292.366791 588.819458 346.828339
frame00108 0.406630 948.428833 310.056610 1119.947266 367.813690
frame00108 0.377384 1098.401978 313.901672 1253.321777 376.771881
frame00109 0.567899 440.949463 293.065826 584.232666 347.351166
frame00109 0.399243 948.353638 310.220154 1120.329468 368.272369
frame00109 0.384918 1098.735962 314.478333 1253.275269 376.537079
frame00110 0.617385 433.372437 294.575134 579.090088 348.997223
frame00110 0.395922 947.200073 310.201935 1122.352051 368.385345
frame00110 0.375897 1100.417480 315.318085 1252.062988 375.224396
frame00111 0.584797 428.701538 293.739014 572.085632 348.127991
frame00111 0.394285 947.622070 309.717926 1118.497437 367.544128
frame00111 0.377108 1101.285034 315.245819 1250.184814 374.976501
frame00112 0.597374 423.002686 293.436890 571.455811 349.359314
frame00112 0.371192 947.879150 310.122589 1114.683350 366.858124
frame00112 0.387537 1101.713379 316.038544 1250.447266 374.844604
frame00113 0.589754 418.846130 293.743561 566.195740 349.224976
frame00113 0.398343 946.338135 310.047882 1118.002808 367.404266
frame00113 0.377458 1102.046021 316.006805 1248.274292 374.161835
frame00114 0.579646 413.965271 293.730927 563.947693 349.604645
frame00114 0.417754 945.056396 309.753265 1118.920776 367.254761
frame00114 0.375631 1102.943237 315.702087 1248.337280 373.384644
frame00115 0.578517 411.173859 294.433136 556.568054 349.115204
frame00115 0.397147 947.739319 309.936127 1119.872803 367.543884
frame00115 0.389096 1101.388916 316.481384 1246.717896 372.895538
frame00116 0.594262 405.992737 295.106689 555.085205 349.920044
frame00116 0.402678 947.532104 309.852997 1124.648682 368.158478
frame00116 0.389984 1101.593750 316.403900 1247.067139 372.544464
frame00117 0.618142 399.900635 296.224915 551.610474 350.745239
frame00117 0.382635 945.633301 310.266785 1117.306274 366.680359
frame00117 0.402756 1102.191650 316.899689 1247.046265 373.075562
frame00118 0.588718 392.268616 296.187408 550.238403 351.087616
frame00118 0.413246 945.679871 310.423889 1120.456909 365.671387
frame00118 0.390605 1102.599609 316.048767 1247.035889 372.255707
frame00119 0.607499 383.359131 296.992126 546.759155 352.587921
frame00119 0.429207 943.384094 310.589172 1119.152344 364.735199
frame00119 0.387541 1105.102539 315.707916 1246.971191 372.349060
frame00120 0.595942 377.042572 297.250641 537.425110 351.726959
frame00120 0.433641 943.183594 310.268707 1119.699463 364.398254
frame00120 0.381135 1107.619873 315.545380 1245.427002 371.901459
frame00121 0.609402 368.703278 296.607727 538.408020 354.019714
frame00121 0.434404 942.335754 310.657410 1118.694214 363.302246
frame00121 0.387119 1104.843872 315.281891 1245.200928 371.953674
frame00122 0.602493 363.504883 294.399780 534.259338 353.354828
frame00122 0.437778 943.518372 309.890656 1118.948364 363.771606
frame00122 0.381499 1106.557861 314.837769 1244.147339 371.875977
frame00123 0.625769 355.233276 294.489288 528.599976 355.052368
frame00123 0.443272 943.436646 310.332947 1120.900635 363.315796
frame00123 0.379978 1107.637207 314.892731 1243.898682 371.712250
frame00124 0.650773 345.181427 293.644958 524.099976 356.346863
frame00124 0.436009 942.521362 310.109589 1119.567627 363.139374
frame00124 0.375034 1108.695557 314.662567 1243.561768 372.517975
frame00125 0.649847 339.958344 293.186035 521.897583 356.451660
frame00125 0.434403 942.641357 310.081635 1119.948608 362.647034
frame00125 0.375100 1107.722290 314.444519 1243.570679 372.420258
frame00126 0.654140 333.539856 294.155762 517.973145 357.566284
frame00126 0.417228 943.172852 310.757202 1117.838013 362.311066
frame00126 0.382373 1108.372070 314.700500 1244.057983 373.084412
frame00127 0.662951 320.905334 293.930145 511.486176 360.018402
frame00127 0.416138 943.851562 311.161102 1123.587158 362.881927
frame00127 0.369980 1109.526123 314.497131 1244.492920 373.540131
frame00128 0.652390 312.702606 294.992737 498.999268 359.525757
frame00128 0.404161 944.730347 311.361450 1124.501709 362.864899
frame00128 0.361682 1109.589111 314.703186 1243.055542 373.686890
frame00129 0.661856 305.849884 294.450623 490.171082 359.411591
frame00129 0.391947 947.869568 311.033020 1129.194458 364.275696
frame00129 0.362143 1110.212891 315.128326 1242.624634 374.246124
frame00130 0.669122 293.503357 292.405487 485.449158 361.144043
frame00130 0.394178 947.274536 310.821472 1130.503662 363.687714
frame00130 0.360635 1112.299438 315.021881 1243.735229 374.325043
frame00131 0.672330 286.785004 294.434082 479.656799 362.490479
frame00131 0.395842 947.807617 311.541077 1134.358398 363.270508
frame00131 0.355032 1114.068237 315.526978 1243.668579 373.960419
frame00132 0.637800 270.598938 293.703156 470.944824 365.477295
frame00132 0.392780 949.736572 312.009979 1136.979126 362.008789
frame00132 0.357106 1114.736084 315.558472 1244.768311 374.597107
frame00133 0.506918 265.618073 293.839233 462.265472 367.567505
frame00133 0.394305 953.363037 312.359863 1134.391846 360.247650
frame00133 0.371831 1117.391357 315.279266 1247.017212 375.326263
frame00134 0.478854 253.524765 291.266022 490.554810 377.531555
frame00134 0.407931 956.585815 311.627106 1132.104614 357.836975
frame00134 0.387545 1117.277588 313.410187 1250.274536 376.711792
frame00135 0.627324 242.178345 287.356110 486.820007 379.428711
frame00135 0.411701 960.312805 311.404388 1127.253418 356.507568
frame00135 0.396036 1117.937012 313.003723 1251.411377 377.466034
frame00136 0.688751 231.312744 285.841248 479.200867 380.710297
frame00136 0.399229 964.173950 311.126404 1127.585327 356.833313
frame00136 0.398209 1116.230957 313.011932 1251.709473 376.731567
frame00137 0.701982 218.840408 285.515442 469.481750 383.258392
frame00137 0.403568 963.692322 311.072693 1127.483032 356.762085
frame00137 0.394507 1113.426636 313.062408 1250.281128 375.625000
frame00138 0.702739 205.405609 286.456543 458.714478 385.405853
frame00138 0.402839 962.585693 311.428925 1122.176636 355.167267
frame00138 0.390825 1111.981079 313.657867 1249.950562 374.457245
frame00139 0.705354 191.818054 285.037079 446.871307 387.500397
frame00139 0.407630 961.918884 311.675140 1120.279907 354.528656
frame00139 0.389663 1110.132202 313.889252 1249.472412 373.661407
frame00140 0.718550 177.643127 284.875366 430.686951 388.687866
frame00140 0.410364 961.906494 312.170990 1118.960083 354.299286
frame00140 0.379635 1107.726929 314.547729 1247.661621 373.282654
frame00141 0.722899 163.575470 284.415466 423.296783 391.940521
frame00141 0.409074 961.006958 312.481689 1118.813965 354.266083
frame00141 0.375960 1106.241333 314.873993 1247.571411 372.996826
frame00142 0.729148 150.311569 285.202637 413.096191 392.236115
frame00142 0.402883 958.403442 313.078918 1118.461304 354.889221
frame00142 0.374540 1104.958740 315.560852 1247.027466 372.968933
frame00143 0.725133 136.043854 288.681213 396.745178 394.514313
frame00143 0.405789 957.578125 313.466156 1120.819580 355.535828
frame00143 0.368521 1103.609497 316.607513 1246.009155 373.126099
frame00144 0.705912 127.028503 290.133270 378.706421 395.907104
frame00144 0.410434 955.406006 313.535309 1122.184082 356.391907
frame00144 0.361973 1103.684692 316.486938 1245.777588 373.448029
frame00145 0.723472 109.212181 289.558228 364.845612 398.447784
frame00145 0.413562 954.642090 313.415985 1120.890625 356.827637
frame00145 0.363334 1102.568970 316.804169 1243.689087 374.408478
frame00146 0.754583 92.988167 291.171906 360.554352 398.716156
frame00146 0.419000 954.568359 312.980103 1120.039673 356.472229
frame00146 0.357031 1100.266479 316.965576 1242.747681 375.259674
frame00147 0.748124 72.413086 289.968353 354.814392 404.082092
frame00147 0.405100 955.141663 313.057831 1113.771240 358.270447
frame00147 0.364121 1101.447632 318.015137 1241.632568 377.358521
frame00148 0.593602 50.404644 287.414246 343.342834 414.146149
frame00148 0.424388 951.202454 313.622040 1114.044922 361.971130
frame00148 0.380033 1099.831543 317.147430 1243.748779 380.191101
frame00149 0.564381 29.613733 275.269043 291.929565 428.660522
frame00149 0.448125 945.181519 313.784576 1120.984863 367.209381
frame00149 0.382667 1095.659668 315.394440 1245.998657 380.841522
frame00150 0.667028 18.379297 275.950500 277.330597 430.765442
frame00150 0.440338 941.503540 314.289459 1122.155273 368.235535
frame00150 0.389356 1093.764526 315.478516 1246.692871 379.649506
frame00151 0.707675 14.617977 275.381927 269.363098 433.684784
frame00151 0.443767 940.681763 313.532135 1125.897461 370.155396
frame00151 0.387730 1094.794556 315.086853 1248.477661 379.288574
frame00152 0.720263 9.183950 276.480499 257.714172 436.625702
frame00152 0.456335 938.005859 313.465576 1121.744141 369.572876
frame00152 0.388685 1095.456665 315.233643 1248.562500 378.945740
frame00153 0.680437 3.880930 279.457275 231.529694 437.349670
frame00153 0.452325 937.805481 313.605957 1122.951050 369.308929
frame00153 0.390593 1094.114868 316.525848 1248.627319 377.516418
frame00154 0.680875 0.000000 279.036591 206.735748 445.032898
frame00154 0.432006 940.694092 313.296417 1127.214478 372.101135
frame00154 0.373950 1093.264893 317.607697 1247.194458 378.091125
frame00155 0.667386 0.000000 278.953796 191.114807 447.851868
frame00155 0.422524 943.114929 313.125092 1126.777222 372.818512
frame00155 0.374620 1094.034424 318.335388 1247.204712 377.720703
frame00156 0.616985 0.000000 280.713226 174.754974 452.333038
frame00156 0.425740 942.706055 313.620453 1124.651611 372.148743
frame00156 0.379367 1095.113647 319.115997 1247.806641 376.841370
frame00157 0.506293 0.000000 281.972473 132.293686 444.714386
frame00157 0.426301 943.008423 313.389221 1127.457397 373.232361
frame00157 0.374348 1094.800415 319.329071 1249.951172 376.948517
frame00158 0.505894 0.000000 287.639221 108.004379 436.251038
frame00158 0.425699 939.657959 312.771057 1126.898682 374.865875
frame00158 0.368168 1094.905029 319.476318 1251.649048 377.736023
frame00159 0.271609 0.529118 299.056732 96.486862 427.772308
frame00159 0.456473 938.299622 313.744263 1131.295898 370.035034
frame00159 0.392475 1095.966675 318.571045 1255.426514 375.121735
frame00160 0.473167 939.181152 314.296844 1128.678101 362.385864
frame00160 0.428728 1101.082520 315.050110 1254.592285 373.987915
frame00161 0.477571 939.732361 314.507507 1131.404297 362.864594
frame00161 0.415426 1100.721802 314.975067 1252.732910 373.824951
frame00162 0.468298 940.903625 314.483093 1135.934082 364.128113
frame00162 0.417923 1101.347656 315.250336 1254.477051 373.463959
frame00163 0.445102 942.240845 314.398743 1137.573486 364.890747
frame00163 0.409621 1098.938843 315.299133 1252.599243 373.765259
